,ZipCode,TotalHousingUnits,OccupiedHousingUnits,VacantHousingUnits,OwnerOccupied,RenterOccupied,OwnerOccupiedHouseholdSize,RenterOccupiedHouseholdSize,VehiclesAvailable,NoVehiclesAvailable,WithMortgage,WithoutMortgage
1,00601,7306,5397,1909,3553,1844,3.09,3.29,5397,775,540,3013
2,00602,17311,12858,4453,9782,3076,3.05,2.60,12858,1600,1876,7906
3,00603,24771,19295,5476,11254,8041,2.56,2.40,19295,3397,3487,7767
4,00606,2786,1968,818,1440,528,2.93,2.86,1968,265,193,1247
5,00610,12494,8934,3560,6452,2482,3.05,2.57,8934,973,1902,4550
6,00611,694,514,180,310,204,2.33,2.75,514,50,107,203
7,00612,30280,23319,6961,14466,8853,2.82,2.56,23319,3410,5687,8779
8,00616,4568,3342,1226,2366,976,3.17,2.73,3342,340,709,1657
9,00617,9878,7820,2058,5707,2113,2.83,3.13,7820,715,2069,3638
10,00622,8395,2789,5606,2052,737,2.97,2.16,2789,221,414,1638
11,00623,20507,13933,6574,10137,3796,2.89,2.72,13933,1804,4171,5966
12,00624,9098,7194,1904,5033,2161,3.08,2.95,7194,899,1520,3513
13,00627,14071,11367,2704,8659,2708,2.89,2.86,11367,1221,2357,6302
14,00631,585,396,189,248,148,2.89,2.58,396,129,28,220
15,00636,325,296,29,202,94,3.62,4.70,296,0,104,98
16,00637,10989,7005,3984,5550,1455,3.22,3.42,7005,793,1549,4001
17,00638,7930,6032,1898,4487,1545,3.03,2.65,6032,814,1106,3381
18,00641,11433,8724,2709,5299,3425,2.98,2.63,8724,1610,1501,3798
19,00646,15833,11863,3970,9393,2470,3.11,2.77,11863,1253,3498,5895
20,00647,3542,1927,1615,1431,496,2.51,3.21,1927,174,111,1320
21,00650,6037,5157,880,3611,1546,2.70,2.93,5157,680,1450,2161
22,00652,1564,1250,314,952,298,2.52,2.38,1250,74,364,588
23,00653,5894,3591,2303,2447,1144,2.47,2.60,3591,437,331,2116
24,00656,8409,6513,1896,4712,1801,2.85,2.86,6513,978,886,3826
25,00659,16522,13214,3308,9540,3674,2.91,2.63,13214,1207,3114,6426
26,00660,7564,6220,1344,4440,1780,2.56,2.32,6220,992,1765,2675
27,00662,18950,13974,4976,8353,5621,2.91,2.82,13974,1771,2736,5617
28,00664,6317,5120,1197,3104,2016,3.03,2.83,5120,815,763,2341
29,00667,12122,7849,4273,5367,2482,2.94,3.15,7849,1233,1391,3976
30,00669,12173,9745,2428,6441,3304,2.82,2.83,9745,1277,1374,5067
31,00670,3979,2639,1340,2016,623,3.37,2.95,2639,380,390,1626
32,00674,18488,14437,4051,10708,3729,2.67,2.88,14437,2681,4051,6657
33,00676,15875,13032,2843,8126,4906,2.91,2.66,13032,1345,2103,6023
34,00677,9417,5763,3654,3854,1909,2.85,2.20,5763,712,798,3056
35,00678,11363,8985,2378,6081,2904,3.04,2.49,8985,1300,1683,4398
36,00680,25133,17636,7497,9967,7669,2.51,2.25,17636,3856,2324,7643
37,00682,16048,11916,4132,6124,5792,2.57,2.72,11916,2443,1693,4431
38,00683,14807,10721,4086,7343,3378,2.69,2.76,10721,1882,1632,5711
39,00685,18668,14152,4516,9817,4335,2.83,2.81,14152,1618,2705,7112
40,00687,11935,9654,2281,6780,2874,3.07,2.84,9654,1281,2396,4384
41,00688,5163,4066,1097,2547,1519,2.93,2.40,4066,523,712,1835
42,00690,2605,2187,418,1563,624,2.87,2.76,2187,198,758,805
43,00692,15174,11537,3637,7873,3664,2.90,2.84,11537,1673,3144,4729
44,00693,25211,20194,5017,15510,4684,2.78,2.70,20194,2606,5173,10337
45,00694,69,28,41,28,0,3.07,-,28,0,0,28
46,00698,17461,11647,5814,8745,2902,2.91,2.88,11647,1408,2033,6712
47,00703,11082,9057,2025,5853,3204,2.91,2.44,9057,1251,1551,4302
48,00704,3593,2543,1050,1975,568,2.82,2.75,2543,380,814,1161
49,00705,9747,8683,1064,6814,1869,2.80,2.84,8683,1135,2062,4752
50,00707,4998,3845,1153,2798,1047,2.65,3.04,3845,651,716,2082
51,00714,8226,6147,2079,4685,1462,2.51,3.00,6147,793,1382,3303
52,00715,1013,801,212,670,131,2.54,2.24,801,110,47,623
53,00716,13391,11125,2266,7395,3730,2.46,2.47,11125,1988,2538,4857
54,00717,8947,6398,2549,3117,3281,2.26,2.20,6398,1742,1142,1975
55,00718,11192,8105,3087,5862,2243,2.84,2.99,8105,881,1936,3926
56,00719,10619,8456,2163,5508,2948,3.70,3.09,8456,1473,1823,3685
57,00720,8370,6495,1875,4476,2019,3.22,3.03,6495,1113,802,3674
58,00723,8368,5882,2486,4213,1669,2.88,2.48,5882,1036,1340,2873
59,00725,36022,29994,6028,19457,10537,2.63,2.57,29994,4655,8805,10652
60,00727,22814,19267,3547,13624,5643,2.78,2.59,19267,1962,7134,6490
61,00728,15626,13021,2605,10394,2627,2.87,2.85,13021,1488,3257,7137
62,00729,19789,16529,3260,12249,4280,2.92,2.89,16529,1622,5221,7028
63,00730,16560,12806,3754,8279,4527,2.57,2.53,12806,2852,2240,6039
64,00731,5488,3933,1555,3011,922,2.87,2.67,3933,754,238,2773
65,00735,7293,4129,3164,3020,1109,2.80,2.83,4129,603,1290,1730
66,00736,21347,17400,3947,10856,6544,2.69,2.56,17400,2976,4454,6402
67,00738,17466,11564,5902,8039,3525,2.60,2.68,11564,1737,3550,4489
68,00739,14169,11792,2377,7559,4233,3.00,2.90,11792,1552,2658,4901
69,00740,949,643,306,330,313,2.69,3.61,643,79,69,261
70,00741,2008,1394,614,1146,248,2.73,3.01,1394,135,442,704
71,00745,22945,15803,7142,11608,4195,3.02,3.00,15803,1978,5386,6222
72,00751,9848,7538,2310,5794,1744,2.60,2.68,7538,1116,1343,4451
73,00754,15612,13248,2364,9749,3499,2.90,2.47,13248,2256,2652,7097
74,00757,9045,7203,1842,5660,1543,2.86,2.70,7203,877,2310,3350
75,00765,4967,2374,2593,1670,704,3.33,3.91,2374,361,227,1443
76,00766,9523,7873,1650,5798,2075,2.88,2.70,7873,962,1190,4608
77,00767,14620,12011,2609,8356,3655,2.63,2.56,12011,1822,2006,6350
78,00769,16063,12975,3088,9877,3098,2.75,2.55,12975,1799,3161,6716
79,00771,14805,11857,2948,9203,2654,2.89,3.10,11857,1130,3675,5528
80,00772,8967,6580,2387,4093,2487,2.66,2.91,6580,1647,824,3269
81,00773,10411,6803,3608,4743,2060,2.58,2.73,6803,857,1959,2784
82,00775,1464,489,975,312,177,2.79,2.38,489,84,40,272
83,00777,16202,13352,2850,9654,3698,2.95,2.60,13352,1273,4741,4913
84,00778,17009,14448,2561,10954,3494,2.80,2.87,14448,1472,5606,5348
85,00780,5140,4443,697,3923,520,2.87,3.20,4443,496,2026,1897
86,00782,7008,5130,1878,2464,2666,4.20,3.11,5130,988,761,1703
87,00783,12893,10531,2362,7692,2839,3.23,3.27,10531,1579,2432,5260
88,00784,17699,13947,3752,9654,4293,2.46,2.47,13947,2176,3101,6553
89,00786,105,81,24,81,0,1.86,-,81,63,0,81
90,00791,24461,16356,8105,11814,4542,2.88,2.86,16356,2216,3897,7917
91,00794,10725,8731,1994,5677,3054,3.31,3.08,8731,894,2026,3651
92,00795,17568,14486,3082,10817,3669,3.09,2.72,14486,2028,3527,7290
93,00901,4232,3133,1099,1351,1782,2.23,1.98,3133,1227,719,632
94,00906,151,91,60,91,0,1.88,-,91,0,69,22
95,00907,12956,8334,4622,5150,3184,2.15,1.72,8334,1468,2373,2777
96,00909,3344,2239,1105,969,1270,2.07,2.30,2239,606,411,558
97,00911,5414,3656,1758,1811,1845,2.12,1.82,3656,912,1020,791
98,00912,3655,2691,964,1526,1165,2.22,2.08,2691,416,825,701
99,00913,3805,3040,765,532,2508,2.12,2.53,3040,1696,243,289
100,00915,15239,10602,4637,4458,6144,2.36,2.45,10602,3978,1271,3187
101,00917,11470,8100,3370,3996,4104,2.36,2.14,8100,2791,1548,2448
102,00918,10117,7633,2484,3601,4032,2.11,1.93,7633,1886,2070,1531
103,00920,8835,6911,1924,3796,3115,2.57,2.40,6911,1180,2060,1736
104,00921,17137,13552,3585,6643,6909,2.39,2.27,13552,2930,3802,2841
105,00923,13767,10278,3489,4594,5684,2.57,2.40,10278,3266,1936,2658
106,00924,23858,19048,4810,10031,9017,2.52,2.41,19048,4198,4952,5079
107,00925,5059,2964,2095,727,2237,2.18,1.67,2964,1326,379,348
108,00926,44172,35788,8384,26242,9546,2.70,2.38,35788,4595,13026,13216
109,00927,7318,5936,1382,3241,2695,2.45,2.08,5936,722,1441,1800
110,00934,45,27,18,0,27,-,4.59,27,0,0,0
111,00949,31608,25663,5945,19452,6211,2.75,2.57,25663,1798,8861,10591
112,00950,0,0,0,0,0,-,-,0,0,0,0
113,00951,195,149,46,64,85,2.55,1.94,149,46,36,28
114,00952,3855,2842,1013,1861,981,2.86,2.42,2842,552,448,1413
115,00953,26175,21990,4185,17748,4242,3.09,2.91,21990,1535,9562,8186
116,00956,30623,23846,6777,16725,7121,2.69,2.63,23846,2776,7537,9188
117,00957,17948,14799,3149,10691,4108,2.70,2.93,14799,2050,4940,5751
118,00959,21681,17329,4352,11228,6101,2.78,2.62,17329,2294,6016,5212
119,00960,0,0,0,0,0,-,-,0,0,0,0
120,00961,13127,11292,1835,7563,3729,2.81,2.52,11292,1458,3744,3819
121,00962,9449,7567,1882,4235,3332,2.64,2.66,7567,2138,1392,2843
122,00965,2674,1888,786,1139,749,2.64,3.06,1888,441,225,914
123,00966,7714,5976,1738,4361,1615,2.67,2.45,5976,727,2365,1996
124,00968,2118,1775,343,1304,471,2.26,1.56,1775,327,608,696
125,00969,17490,14577,2913,11021,3556,2.90,2.82,14577,1228,6304,4717
126,00971,12054,9104,2950,6132,2972,3.04,2.72,9104,1064,1850,4282
127,00976,26714,22179,4535,15742,6437,2.88,2.44,22179,2176,7909,7833
128,00979,11982,8548,3434,5584,2964,2.15,1.80,8548,858,2791,2793
129,00982,7459,5804,1655,3767,2037,2.41,2.48,5804,729,1897,1870
130,00983,16066,12664,3402,8462,4202,2.68,2.38,12664,1479,4916,3546
131,00985,14389,12105,2284,8506,3599,2.62,2.71,12105,1939,4078,4428
132,00987,23961,20202,3759,15017,5185,2.74,2.62,20202,1905,8264,6753
133,01001,7069,6791,278,4936,1855,2.48,1.84,6791,695,3023,1913
134,01002,11301,9985,1316,4763,5222,2.48,2.30,9985,1314,2615,2148
135,01003,84,15,69,0,15,-,2.13,15,0,0,0
136,01005,1983,1761,222,1711,50,2.66,3.54,1761,18,1280,431
137,01007,6237,5917,320,4964,953,2.74,1.77,5917,254,3450,1514
138,01008,617,506,111,474,32,2.33,2.03,506,3,344,130
139,01009,399,333,66,295,38,2.39,2.47,333,49,250,45
140,01010,1698,1503,195,1336,167,2.54,1.87,1503,25,902,434
141,01011,651,498,153,393,105,2.50,3.18,498,18,268,125
142,01012,279,227,52,180,47,2.23,2.17,227,16,108,72
143,01013,10348,9375,973,4753,4622,2.51,2.20,9375,1375,3100,1653
144,01020,13964,13400,564,8221,5179,2.39,2.12,13400,1239,4858,3363
145,01022,1098,1082,16,762,320,1.45,2.29,1082,33,503,259
146,01026,559,454,105,369,85,2.51,1.72,454,20,192,177
147,01027,8977,8451,526,5456,2995,2.33,1.64,8451,523,3499,1957
148,01028,6294,6017,277,5094,923,2.85,1.60,6017,470,3330,1764
149,01029,995,228,767,199,29,2.21,2.45,228,0,114,85
150,01030,5173,4994,179,3987,1007,2.74,1.68,4994,263,2906,1081
151,01031,659,608,51,361,247,2.76,2.34,608,46,256,105
152,01032,317,198,119,180,18,2.24,1.50,198,7,111,69
153,01033,2618,2530,88,2206,324,2.57,1.33,2530,99,1624,582
154,01034,1199,830,369,779,51,2.41,2.22,830,4,530,249
155,01035,2306,2254,52,1724,530,2.39,1.98,2254,100,983,741
156,01036,2118,2016,102,1906,110,2.45,2.10,2016,55,1101,805
157,01037,274,257,17,225,32,2.16,4.16,257,0,45,180
158,01038,1150,1111,39,821,290,2.51,1.83,1111,67,460,361
159,01039,721,709,12,580,129,2.49,1.76,709,15,356,224
160,01040,16731,15062,1669,5962,9100,2.57,2.42,15062,3111,3878,2084
161,01050,1235,1072,163,878,194,2.48,2.13,1072,28,549,329
162,01053,748,712,36,561,151,2.46,1.19,712,57,388,173
163,01054,776,708,68,623,85,2.46,2.86,708,7,332,291
164,01056,9000,8567,433,6339,2228,2.46,2.06,8567,448,3911,2428
165,01057,3726,3485,241,2884,601,2.46,1.88,3485,156,1863,1021
166,01060,7493,7060,433,3311,3749,2.33,1.79,7060,912,2004,1307
167,01062,4474,4162,312,3121,1041,2.47,1.69,4162,273,1987,1134
168,01063,23,5,18,0,5,-,-,5,0,0,0
169,01066,64,34,30,34,0,1.50,-,34,0,8,26
170,01068,667,625,42,575,50,2.53,3.14,625,12,365,210
171,01069,3916,3732,184,2755,977,2.45,2.06,3732,259,1714,1041
172,01070,342,258,84,225,33,2.48,1.79,258,0,136,89
173,01071,598,518,80,465,53,2.50,2.15,518,0,279,186
174,01072,731,609,122,541,68,2.24,2.40,609,24,372,169
175,01073,2356,2318,38,2085,233,2.79,1.47,2318,17,1271,814
176,01074,250,157,93,41,116,2.24,4.24,157,41,23,18
177,01075,7641,7328,313,5680,1648,2.23,1.77,7328,323,3528,2152
178,01077,3938,3648,290,3052,596,2.58,2.32,3648,126,1854,1198
179,01079,237,237,0,161,76,2.55,1.45,237,39,99,62
180,01080,938,895,43,571,324,2.51,2.60,895,73,353,218
181,01081,864,708,156,634,74,2.50,2.24,708,3,451,183
182,01082,5226,4689,537,3203,1486,2.36,1.94,4689,490,2074,1129
183,01083,1010,934,76,594,340,3.42,1.97,934,150,503,91
184,01084,86,44,42,35,9,2.23,2.56,44,0,16,19
185,01085,16444,15608,836,10339,5269,2.62,2.16,15608,1107,6383,3956
186,01088,354,345,9,188,157,1.43,2.52,345,7,69,119
187,01089,13084,12734,350,7187,5547,2.59,1.82,12734,1318,4673,2514
188,01092,621,532,89,274,258,2.66,1.99,532,23,251,23
189,01093,70,70,0,62,8,2.13,3.13,70,0,46,16
190,01094,31,31,0,31,0,2.26,-,31,0,7,24
191,01095,5672,5417,255,4865,552,2.78,1.55,5417,128,3240,1625
192,01096,1190,1058,132,897,161,2.40,1.61,1058,46,552,345
193,01097,26,26,0,15,11,3.53,-,26,0,15,0
194,01098,649,510,139,474,36,2.10,1.25,510,16,270,204
195,01103,1640,1434,206,134,1300,1.51,1.46,1434,587,63,71
196,01104,9834,9208,626,4333,4875,2.66,2.37,9208,2163,3228,1105
197,01105,5728,5206,522,458,4748,1.81,2.36,5206,2332,216,242
198,01106,6247,6015,232,5411,604,2.65,2.06,6015,194,3623,1788
199,01107,4708,4234,474,1289,2945,2.90,2.88,4234,1375,877,412
200,01108,11274,10213,1061,4237,5976,2.71,2.45,10213,1813,3172,1065
201,01109,10705,9506,1199,3970,5536,3.21,2.70,9506,2126,2745,1225
202,01118,5922,5785,137,4610,1175,2.49,2.99,5785,393,3550,1060
203,01119,5488,5230,258,3705,1525,2.45,2.35,5230,582,2428,1277
204,01128,1136,1136,0,1055,81,2.84,2.96,1136,16,766,289
205,01129,2604,2523,81,1961,562,2.39,2.07,2523,158,1270,691
206,01144,0,0,0,0,0,-,-,0,0,0,0
207,01151,3935,3664,271,1771,1893,2.37,2.87,3664,438,1114,657
208,01201,22576,19952,2624,12672,7280,2.38,1.94,19952,2963,8109,4563
209,01220,4439,3948,491,2273,1675,2.26,1.79,3948,563,1229,1044
210,01222,297,289,8,267,22,2.63,2.32,289,10,172,95
211,01223,2183,1223,960,1132,91,2.14,2.57,1223,16,671,461
212,01224,109,80,29,67,13,2.19,3.00,80,0,51,16
213,01225,1659,1509,150,1329,180,2.24,1.51,1509,56,785,544
214,01226,3057,2907,150,2153,754,2.31,1.71,2907,54,1347,806
215,01229,118,88,30,60,28,1.90,-,88,0,23,37
216,01230,5213,3793,1420,2842,951,2.30,1.76,3793,219,1778,1064
217,01235,1464,1104,360,893,211,2.47,1.91,1104,33,531,362
218,01236,879,704,175,543,161,2.29,2.11,704,66,288,255
219,01237,1460,1019,441,948,71,2.35,1.30,1019,7,564,384
220,01238,2720,2292,428,1765,527,2.40,2.24,2292,93,1126,639
221,01240,3055,2158,897,1337,821,2.47,1.52,2158,236,788,549
222,01242,140,93,47,93,0,2.95,-,93,0,93,0
223,01243,120,80,40,80,0,2.04,-,80,0,47,33
224,01244,132,68,64,55,13,2.18,3.38,68,3,33,22
225,01245,803,355,448,339,16,2.12,1.19,355,0,128,211
226,01247,7651,6527,1124,4061,2466,2.30,2.06,6527,718,2467,1594
227,01253,687,434,253,366,68,2.12,1.51,434,2,213,153
228,01254,590,440,150,430,10,2.27,1.80,440,2,196,234
229,01255,614,309,305,304,5,2.64,2.80,309,14,175,129
230,01256,404,330,74,315,15,2.10,3.07,330,7,186,129
231,01257,1268,1013,255,778,235,2.24,1.19,1013,58,540,238
232,01258,153,77,76,73,4,2.12,1.50,77,5,40,33
233,01259,464,292,172,257,35,2.38,3.09,292,0,143,114
234,01260,81,81,0,81,0,4.09,-,81,0,81,0
235,01262,1478,688,790,439,249,2.36,1.61,688,31,153,286
236,01264,164,100,64,74,26,2.26,2.04,100,0,20,54
237,01266,816,421,395,357,64,2.13,2.44,421,1,224,133
238,01267,3321,2541,780,1952,589,2.33,1.58,2541,180,1040,912
239,01270,406,372,34,372,0,2.55,-,372,0,278,94
240,01301,8677,8190,487,4607,3583,2.27,1.90,8190,1145,2988,1619
241,01330,823,704,119,586,118,2.31,1.56,704,35,359,227
242,01331,6135,5450,685,3984,1466,2.78,1.81,5450,675,2782,1202
243,01337,1156,1007,149,835,172,2.59,1.91,1007,30,577,258
244,01338,63,63,0,60,3,1.48,2.67,63,0,14,46
245,01339,824,627,197,552,75,2.34,2.29,627,18,289,263
246,01340,1045,797,248,669,128,2.28,2.30,797,13,394,275
247,01341,778,730,48,614,116,2.29,2.15,730,3,335,279
248,01342,428,343,85,258,85,2.45,3.26,343,19,161,97
249,01343,63,60,3,48,12,2.21,3.83,60,7,36,12
250,01344,781,681,100,535,146,2.66,1.87,681,45,411,124
251,01346,315,180,135,171,9,2.33,-,180,2,133,38
252,01347,117,96,21,42,54,2.17,2.15,96,0,12,30
253,01349,374,327,47,244,83,2.34,1.73,327,10,151,93
254,01350,67,52,15,40,12,1.95,3.00,52,0,19,21
255,01351,1077,1046,31,805,241,2.84,1.81,1046,27,511,294
256,01354,630,602,28,472,130,2.51,2.23,602,11,320,152
257,01355,460,413,47,360,53,2.41,2.68,413,0,249,111
258,01360,1382,1213,169,1019,194,2.45,1.93,1213,69,659,360
259,01364,3477,3021,456,2096,925,2.75,2.02,3021,318,1288,808
260,01366,538,458,80,414,44,2.34,2.18,458,29,236,178
261,01367,265,178,87,161,17,2.63,2.94,178,2,82,79
262,01368,610,551,59,485,66,2.72,2.12,551,17,320,165
263,01370,1914,1694,220,1189,505,2.34,1.71,1694,72,651,538
264,01373,2496,2355,141,1827,528,2.26,1.78,2355,220,1123,704
265,01375,1813,1666,147,727,939,2.38,2.01,1666,93,435,292
266,01376,2556,2312,244,1276,1036,2.26,1.89,2312,420,826,450
267,01378,388,319,69,297,22,2.40,2.18,319,2,168,129
268,01379,416,381,35,311,70,2.18,1.90,381,4,190,121
269,01380,23,14,9,14,0,3.36,-,14,0,0,14
270,01420,17682,16383,1299,9189,7194,2.52,2.35,16383,2091,6532,2657
271,01430,2684,2141,543,2014,127,2.73,4.75,2141,35,1495,519
272,01431,1350,1297,53,1208,89,2.47,2.34,1297,0,836,372
273,01432,3758,3560,198,2416,1144,2.42,1.82,3560,116,1817,599
274,01434,315,315,0,315,0,3.41,-,315,0,315,0
275,01436,1344,1262,82,977,285,2.89,2.44,1262,17,829,148
276,01438,124,124,0,102,22,3.20,1.59,124,0,102,0
277,01440,9694,8904,790,5088,3816,2.39,2.07,8904,799,3211,1877
278,01450,3983,3820,163,3353,467,3.09,1.51,3820,179,2515,838
279,01451,1776,1668,108,1582,86,3.07,1.74,1668,7,1066,516
280,01452,1631,1586,45,1444,142,2.79,2.13,1586,42,970,474
281,01453,18661,17896,765,11363,6533,2.61,2.06,17896,1827,7696,3667
282,01460,3708,3504,204,3043,461,2.94,2.12,3504,29,2089,954
283,01462,4700,4447,253,3598,849,2.69,2.30,4447,149,2442,1156
284,01463,4532,4370,162,3583,787,2.83,1.90,4370,142,2855,728
285,01464,2441,2345,96,1831,514,2.67,2.04,2345,68,1331,500
286,01468,1707,1622,85,1452,170,2.58,1.88,1622,51,913,539
287,01469,2880,2831,49,2317,514,2.76,2.09,2831,62,1641,676
288,01473,3407,3122,285,2774,348,2.69,1.96,3122,26,1949,825
289,01474,689,680,9,626,54,2.35,3.59,680,30,493,133
290,01475,4131,3726,405,2734,992,2.89,2.24,3726,341,2076,658
291,01501,6784,6534,250,5642,892,2.67,1.64,6534,364,3785,1857
292,01503,1358,1311,47,1095,216,2.75,1.44,1311,26,597,498
293,01504,4022,3874,148,2953,921,2.56,1.73,3874,202,2043,910
294,01505,1883,1834,49,1487,347,2.74,2.09,1834,41,1052,435
295,01506,1421,1395,26,1215,180,2.53,1.93,1395,28,784,431
296,01507,5103,4776,327,3885,891,2.96,1.89,4776,225,2844,1041
297,01510,6849,6455,394,3523,2932,2.50,2.17,6455,289,2423,1100
298,01515,992,835,157,649,186,2.54,2.10,835,43,432,217
299,01516,3375,3179,196,2646,533,3.07,2.00,3179,103,2140,506
300,01518,1280,1280,0,927,353,2.71,2.22,1280,49,722,205
301,01519,2677,2652,25,1924,728,2.99,2.48,2652,114,1570,354
302,01520,6048,6021,27,5185,836,2.89,1.89,6021,163,3799,1386
303,01521,1476,1106,370,999,107,2.41,1.69,1106,24,746,253
304,01522,1224,1159,65,998,161,2.61,1.90,1159,35,649,349
305,01523,2887,2801,86,2271,530,2.58,2.16,2801,108,1711,560
306,01524,2337,2180,157,1856,324,2.84,1.98,2180,118,1259,597
307,01525,31,31,0,0,31,-,-,31,0,0,0
308,01527,5472,5165,307,3786,1379,2.79,2.26,5165,325,2772,1014
309,01529,1335,1275,60,1088,187,2.49,2.40,1275,48,755,333
310,01531,446,430,16,359,71,2.56,1.89,430,14,222,137
311,01532,5823,5662,161,4696,966,2.82,2.24,5662,183,3593,1103
312,01534,2510,2367,143,1917,450,2.65,2.08,2367,141,1438,479
313,01535,2058,1883,175,1307,576,2.72,2.07,1883,34,839,468
314,01536,3055,2914,141,2208,706,2.54,1.81,2914,300,1649,559
315,01537,837,781,56,532,249,2.58,1.59,781,17,405,127
316,01540,4336,3988,348,3338,650,3.11,1.69,3988,168,2748,590
317,01541,1369,1298,71,1229,69,2.71,1.93,1298,16,776,453
318,01542,1038,992,46,878,114,2.67,2.36,992,13,692,186
319,01543,3344,3052,292,2605,447,3.11,1.93,3052,127,2023,582
320,01545,14723,13808,915,10358,3450,2.95,2.19,13808,596,7289,3069
321,01550,7652,7094,558,3270,3824,2.64,2.31,7094,1160,2121,1149
322,01560,1990,1902,88,1209,693,2.80,1.98,1902,59,1003,206
323,01561,66,17,49,17,0,4.06,-,17,0,17,0
324,01562,5782,5186,596,3331,1855,2.53,1.87,5186,480,2045,1286
325,01564,3301,3248,53,2866,382,2.46,2.10,3248,93,2082,784
326,01566,2967,2610,357,2303,307,2.55,2.03,2610,48,1520,783
327,01568,2788,2651,137,2365,286,3.00,2.43,2651,15,1671,694
328,01569,5698,5327,371,4396,931,2.76,1.90,5327,204,3157,1239
329,01570,8389,7414,975,4431,2983,2.45,2.17,7414,749,3153,1278
330,01571,4320,4199,121,2800,1399,2.67,2.30,4199,467,2060,740
331,01581,8405,7980,425,4852,3128,2.86,2.20,7980,522,3208,1644
332,01583,2871,2784,87,2280,504,2.43,2.06,2784,116,1513,767
333,01585,2190,1968,222,1582,386,2.51,1.87,1968,96,1062,520
334,01588,4172,4005,167,2450,1555,2.81,2.07,4005,237,1908,542
335,01590,3396,3332,64,2915,417,2.83,2.28,3332,99,1863,1052
336,01602,11050,10527,523,6481,4046,2.55,2.12,10527,1116,4403,2078
337,01603,8105,7496,609,3635,3861,2.87,2.33,7496,1441,2584,1051
338,01604,18302,16869,1433,7403,9466,2.52,2.31,16869,2101,5411,1992
339,01605,12552,11626,926,3335,8291,2.64,2.47,11626,2108,2201,1134
340,01606,9793,9198,595,5995,3203,2.54,2.24,9198,669,4067,1928
341,01607,4202,3916,286,1426,2490,2.17,2.30,3916,761,1039,387
342,01608,2314,1945,369,147,1798,2.96,2.34,1945,442,87,60
343,01609,9194,8439,755,3547,4892,2.60,1.85,8439,1948,2204,1343
344,01610,9841,8866,975,1524,7342,2.37,2.32,8866,2785,886,638
345,01611,849,783,66,609,174,3.01,2.16,783,44,412,197
346,01612,1653,1588,65,1445,143,2.85,1.27,1588,28,1035,410
347,01701,13563,13189,374,10311,2878,2.56,2.21,13189,748,7136,3175
348,01702,15460,14810,650,5150,9660,2.71,2.32,14810,2099,3759,1391
349,01718,228,228,0,156,72,2.95,4.26,228,0,142,14
350,01719,2254,2180,74,1637,543,2.70,1.93,2180,39,1121,516
351,01720,8890,8678,212,6213,2465,2.84,2.16,8678,354,4494,1719
352,01721,7990,7587,403,5792,1795,2.47,2.37,7587,357,3951,1841
353,01730,5783,5540,243,3914,1626,2.73,1.98,5540,289,2446,1468
354,01731,478,478,0,0,478,-,3.87,478,0,0,0
355,01740,2005,1853,152,1743,110,3.07,2.12,1853,9,1261,482
356,01741,1901,1800,101,1675,125,3.02,1.31,1800,0,1049,626
357,01742,6786,6357,429,4745,1612,2.90,1.96,6357,315,2888,1857
358,01745,215,215,0,147,68,2.53,2.44,215,0,119,28
359,01746,5486,5354,132,4828,526,2.78,1.76,5354,210,3275,1553
360,01747,2169,2116,53,1673,443,3.03,1.94,2116,166,1053,620
361,01748,6924,6556,368,5722,834,2.94,1.94,6556,59,4516,1206
362,01749,8479,8035,444,5795,2240,2.64,2.10,8035,427,3532,2263
363,01752,18276,17147,1129,9877,7270,2.58,2.13,17147,1449,6897,2980
364,01754,4515,4269,246,3369,900,2.68,1.81,4269,153,2433,936
365,01756,2189,2076,113,1895,181,2.97,3.08,2076,43,1388,507
366,01757,12028,11487,541,8127,3360,2.66,2.52,11487,804,5939,2188
367,01760,15677,15153,524,10195,4958,2.61,1.90,15153,868,6798,3397
368,01770,1630,1515,115,1418,97,3.03,1.08,1515,11,1045,373
369,01772,3417,3364,53,3099,265,2.98,1.82,3364,62,2049,1050
370,01773,2223,2123,100,1599,524,2.52,2.15,2123,168,838,761
371,01775,2646,2646,0,2262,384,2.83,1.89,2646,29,1808,454
372,01776,6328,6208,120,5750,458,3.12,1.78,6208,171,4096,1654
373,01778,5098,4838,260,4408,430,2.98,2.00,4838,174,2985,1423
374,01801,17148,16292,856,9528,6764,2.62,2.32,16292,1245,6508,3020
375,01803,10603,10093,510,7547,2546,2.71,2.21,10093,344,4608,2939
376,01810,13766,13235,531,10774,2461,2.76,2.02,13235,418,7717,3057
377,01821,11902,11664,238,9240,2424,2.87,2.05,11664,417,6618,2622
378,01824,10267,9915,352,8276,1639,2.87,1.65,9915,355,5914,2362
379,01826,12665,12350,315,9943,2407,2.70,2.26,12350,566,6888,3055
380,01827,1148,1136,12,1068,68,2.99,2.65,1136,4,800,268
381,01830,11227,10759,468,5659,5100,2.66,2.28,10759,1433,4167,1492
382,01832,10337,9915,422,5585,4330,2.60,2.51,9915,879,4128,1457
383,01833,3237,3185,52,2470,715,2.88,1.72,3185,163,1960,510
384,01834,2547,2532,15,2320,212,2.72,2.07,2532,47,1811,509
385,01835,5613,5434,179,3971,1463,2.70,2.26,5434,130,2941,1030
386,01840,3192,3068,124,47,3021,3.30,2.18,3068,1398,36,11
387,01841,17651,17019,632,5286,11733,3.36,2.94,17019,4119,3956,1330
388,01843,10694,10204,490,3474,6730,2.99,2.57,10204,1923,2705,769
389,01844,19513,18792,721,13760,5032,2.89,2.43,18792,942,9969,3791
390,01845,11583,10971,612,7795,3176,2.88,2.25,10971,670,5541,2254
391,01850,6012,5864,148,2792,3072,2.72,2.82,5864,651,2081,711
392,01851,11826,11376,450,4821,6555,3.26,2.52,11376,1541,3564,1257
393,01852,15125,14628,497,6889,7739,2.57,2.36,14628,2250,4970,1919
394,01854,11166,10417,749,3786,6631,2.69,2.29,10417,2011,2955,831
395,01860,2673,2589,84,2066,523,2.59,2.54,2589,66,1273,793
396,01862,4118,3956,162,3138,818,2.51,2.08,3956,244,2255,883
397,01863,3776,3713,63,3043,670,2.72,2.05,3713,115,2079,964
398,01864,5891,5848,43,4763,1085,2.81,1.85,5848,195,3651,1112
399,01867,9560,9297,263,7968,1329,2.85,2.00,9297,556,5693,2275
400,01876,12099,11903,196,10068,1835,2.68,1.78,11903,443,7089,2979
401,01879,4210,4053,157,3450,603,3.23,2.14,4053,84,2602,848
402,01880,11399,10905,494,7892,3013,2.67,1.89,10905,376,5698,2194
403,01886,8774,8515,259,7538,977,2.97,2.15,8515,149,5279,2259
404,01887,7989,7756,233,6627,1129,3.16,1.85,7756,284,4925,1702
405,01890,8299,8149,150,6703,1446,2.91,2.13,8149,473,4361,2342
406,01901,1337,1194,143,137,1057,1.31,1.93,1194,522,137,0
407,01902,19274,18673,601,7352,11321,3.17,2.40,18673,3964,5599,1753
408,01904,7265,7044,221,5601,1443,2.84,2.78,7044,359,4165,1436
409,01905,9721,9339,382,4341,4998,2.93,2.84,9339,1585,3302,1039
410,01906,11254,10581,673,8211,2370,2.82,2.13,10581,658,5607,2604
411,01907,6408,6169,239,4473,1696,2.63,1.95,6169,493,3536,937
412,01908,1832,1678,154,1395,283,2.03,1.65,1678,28,853,542
413,01913,7622,7326,296,4918,2408,2.51,1.92,7326,477,3562,1356
414,01915,16870,16363,507,9750,6613,2.55,1.97,16363,1908,7359,2391
415,01921,2984,2905,79,2799,106,2.86,2.35,2905,0,2013,786
416,01922,1208,1196,12,1121,75,3.28,1.43,1196,0,974,147
417,01923,11335,10964,371,7807,3157,2.69,1.97,10964,607,5392,2415
418,01929,1606,1335,271,1075,260,2.97,1.74,1335,35,699,376
419,01930,14782,13168,1614,8261,4907,2.40,1.96,13168,1121,5358,2903
420,01937,0,0,0,0,0,-,-,0,0,0,0
421,01938,6071,5573,498,4176,1397,2.70,1.67,5573,321,3030,1146
422,01940,4920,4663,257,4001,662,2.98,1.62,4663,232,2997,1004
423,01944,2277,2080,197,1575,505,2.92,1.52,2080,13,1205,370
424,01945,8744,8075,669,6552,1523,2.61,2.11,8075,249,4562,1990
425,01949,3258,3122,136,2862,260,2.82,1.75,3122,27,1816,1046
426,01950,8127,7537,590,5806,1731,2.53,1.90,7537,376,3913,1893
427,01951,1884,1337,547,1153,184,2.16,1.72,1337,0,904,249
428,01952,5012,3885,1127,3150,735,2.45,1.87,3885,214,2181,969
429,01960,23332,22681,651,14831,7850,2.54,2.02,22681,2549,9340,5491
430,01965,354,354,0,336,18,2.53,3.00,354,0,287,49
431,01966,4257,3319,938,2269,1050,2.26,1.74,3319,212,1324,945
432,01969,2399,2326,73,1862,464,2.69,2.31,2326,57,1341,521
433,01970,20910,19699,1211,10183,9516,2.32,2.01,19699,3207,7459,2724
434,01982,2772,2575,197,2110,465,2.97,2.55,2575,56,1395,715
435,01983,2283,2202,81,1939,263,3.05,1.75,2202,80,1297,642
436,01984,1321,1291,30,1128,163,2.81,1.50,1291,59,666,462
437,01985,1765,1591,174,1476,115,2.86,2.30,1591,29,1053,423
438,02019,6658,6250,408,4915,1335,2.84,2.22,6250,185,3760,1155
439,02021,9616,9305,311,7152,2153,2.76,1.89,9305,555,4695,2457
440,02025,3393,3146,247,2519,627,2.90,1.46,3146,158,1727,792
441,02026,10963,10458,505,7422,3036,2.46,2.06,10458,758,5087,2335
442,02030,1998,1916,82,1786,130,3.09,2.91,1916,18,1236,550
443,02032,1609,1522,87,1268,254,3.47,1.90,1522,93,804,464
444,02035,7455,7289,166,5148,2141,2.83,1.80,7289,322,3712,1436
445,02038,12506,12118,388,9693,2425,2.82,1.87,12118,440,7260,2433
446,02043,9599,9252,347,7621,1631,2.79,1.52,9252,538,5098,2523
447,02045,5702,4380,1322,3505,875,2.43,1.83,4380,163,2481,1024
448,02047,361,89,272,72,17,2.36,-,89,0,33,39
449,02048,8993,8707,286,6515,2192,2.92,2.15,8707,407,4777,1738
450,02050,11678,10142,1536,8229,1913,2.71,1.79,10142,376,6107,2122
451,02052,4490,4373,117,3767,606,3.08,1.87,4373,105,2647,1120
452,02053,4869,4812,57,4192,620,2.94,1.86,4812,254,3154,1038
453,02054,3296,3078,218,2606,472,2.86,2.07,3078,54,1726,880
454,02056,3111,2967,144,2836,131,3.17,2.24,2967,27,2283,553
455,02061,3720,3567,153,3235,332,3.18,2.27,3567,35,2477,758
456,02062,13583,13002,581,6923,6079,2.62,2.10,13002,1042,4530,2393
457,02066,7919,7412,507,6496,916,2.56,2.18,7412,240,4326,2170
458,02067,6599,6395,204,5712,683,2.99,1.98,6395,145,4090,1622
459,02071,383,383,0,359,24,3.41,-,383,0,190,169
460,02072,11808,11277,531,8458,2819,2.68,2.14,11277,720,5975,2483
461,02081,7581,7251,330,5846,1405,2.87,2.27,7251,282,4086,1760
462,02090,5736,5424,312,4658,766,3.16,1.66,5424,221,2901,1757
463,02093,4726,4480,246,3850,630,2.74,2.01,4480,125,2783,1067
464,02108,2311,1905,406,893,1012,1.88,1.45,1905,920,416,477
465,02109,2727,1958,769,781,1177,1.76,1.80,1958,886,568,213
466,02110,1641,1282,359,809,473,2.02,1.37,1282,460,589,220
467,02111,4515,3515,1000,973,2542,1.82,1.97,3515,2131,605,368
468,02113,4600,4025,575,629,3396,1.95,1.61,4025,2336,432,197
469,02114,9068,7358,1710,1697,5661,2.05,1.59,7358,4291,1061,636
470,02115,10869,9455,1414,1160,8295,1.60,1.72,9455,6033,555,605
471,02116,14288,11707,2581,4211,7496,2.03,1.52,11707,5364,2737,1474
472,02118,15258,13847,1411,3826,10021,1.86,1.83,13847,5288,3116,710
473,02119,13034,11953,1081,3011,8942,2.50,2.26,11953,4951,2153,858
474,02120,5186,4701,485,449,4252,2.13,2.69,4701,2364,254,195
475,02121,11783,10718,1065,2492,8226,2.86,2.75,10718,3947,2024,468
476,02122,9914,9004,910,3787,5217,2.60,2.60,9004,1794,2812,975
477,02124,20776,19395,1381,8006,11389,2.97,2.80,19395,5352,6156,1850
478,02125,14693,12986,1707,4616,8370,2.56,2.41,12986,4087,3456,1160
479,02126,9512,8785,727,3360,5425,3.06,2.78,8785,2462,2600,760
480,02127,18891,16799,2092,7467,9332,2.08,2.07,16799,4674,5961,1506
481,02128,18376,16925,1451,4276,12649,2.46,2.75,16925,5843,2900,1376
482,02129,9731,9278,453,4508,4770,2.27,2.12,9278,1737,3310,1198
483,02130,18346,17609,737,7977,9632,2.21,2.29,17609,4933,5978,1999
484,02131,13095,12450,645,6688,5762,2.74,2.40,12450,1758,4964,1724
485,02132,11536,10941,595,7737,3204,2.59,1.88,10941,1015,5369,2368
486,02133,5,0,5,0,0,-,-,0,0,0,0
487,02134,8753,8082,671,1228,6854,2.42,2.24,8082,3782,728,500
488,02135,21278,20040,1238,4468,15572,2.15,2.20,20040,6181,2676,1792
489,02136,14379,13929,450,7425,6504,3.14,2.66,13929,2433,5696,1729
490,02138,15981,14377,1604,5299,9078,2.09,2.00,14377,4836,2832,2467
491,02139,16145,15263,882,5235,10028,2.43,2.07,15263,5636,3564,1671
492,02140,10210,9437,773,3144,6293,2.27,2.04,9437,2023,1968,1176
493,02141,7587,6826,761,2009,4817,2.10,2.01,6826,2487,1294,715
494,02142,2246,2077,169,293,1784,1.69,1.84,2077,696,165,128
495,02143,12492,11623,869,3703,7920,2.25,2.10,11623,2962,2790,913
496,02144,12022,11363,659,3994,7369,2.25,2.16,11363,2871,2632,1362
497,02145,11983,11349,634,3976,7373,2.49,2.36,11349,1971,2750,1226
498,02148,26991,25582,1409,10602,14980,2.80,2.36,25582,4875,7209,3393
499,02149,17964,17091,873,6356,10735,2.96,2.76,17091,3459,4707,1649
500,02150,13934,13337,597,3765,9572,3.23,2.83,13337,3625,2730,1035
501,02151,23491,21663,1828,10998,10665,3.12,2.45,21663,3863,7217,3781
502,02152,8695,8242,453,4670,3572,2.56,1.97,8242,1032,3087,1583
503,02155,26259,24771,1488,13502,11269,2.44,2.26,24771,2462,8556,4946
504,02163,559,403,156,0,403,-,1.98,403,308,0,0
505,02169,29184,27629,1555,10890,16739,2.56,1.92,27629,4413,7189,3701
506,02170,8372,8001,371,4173,3828,2.98,1.88,8001,1143,2515,1658
507,02171,9216,8869,347,4440,4429,2.66,1.79,8869,1088,2767,1673
508,02176,12206,11926,280,7913,4013,2.78,1.78,11926,808,5542,2371
509,02180,10004,9758,246,6620,3138,2.57,1.90,9758,617,4512,2108
510,02184,15085,14384,701,10818,3566,2.88,1.96,14384,1029,7625,3193
511,02186,9251,8797,454,7199,1598,3.19,2.28,8797,561,5378,1821
512,02188,7370,7085,285,4302,2783,2.57,1.76,7085,418,2867,1435
513,02189,6423,6194,229,4114,2080,2.52,2.30,6194,445,3267,847
514,02190,7945,7677,268,5428,2249,2.42,2.11,7677,463,3827,1601
515,02191,3581,3444,137,2846,598,2.41,1.55,3444,101,1902,944
516,02199,1156,833,323,59,774,1.49,1.48,833,323,27,32
517,02203,0,0,0,0,0,-,-,0,0,0,0
518,02205,0,0,0,0,0,-,-,0,0,0,0
519,02210,3994,3016,978,784,2232,1.96,1.38,3016,1240,608,176
520,02215,8908,7931,977,703,7228,1.44,1.62,7931,4738,385,318
521,02301,24235,22928,1307,11337,11591,3.22,2.65,22928,4399,8870,2467
522,02302,12647,12164,483,8602,3562,3.14,2.34,12164,1411,6758,1844
523,02322,1775,1653,122,1360,293,3.04,2.03,1653,47,936,424
524,02324,9030,8657,373,6559,2098,2.80,2.33,8657,227,4338,2221
525,02325,42,30,12,4,26,3.75,2.85,30,0,4,0
526,02330,4903,4648,255,4122,526,2.50,2.50,4648,164,2633,1489
527,02332,6472,6092,380,5449,643,2.69,1.84,6092,201,3503,1946
528,02333,5119,4952,167,4011,941,3.03,2.30,4952,301,3117,894
529,02338,3016,2930,86,2738,192,2.66,2.31,2930,203,1930,808
530,02339,4860,4744,116,4295,449,3.26,1.38,4744,353,3382,913
531,02341,3959,3850,109,3502,348,2.83,1.37,3850,136,2597,905
532,02343,4862,4695,167,3775,920,2.53,1.85,4695,220,2829,946
533,02346,10108,9727,381,7591,2136,2.51,2.19,9727,409,5420,2171
534,02347,4534,4162,372,3499,663,2.88,2.05,4162,89,2508,991
535,02350,70,70,0,70,0,2.60,-,70,0,45,25
536,02351,6335,6083,252,4796,1287,3.01,1.87,6083,215,3649,1147
537,02356,4576,4511,65,3316,1195,2.70,2.15,4511,173,2127,1189
538,02357,0,0,0,0,0,-,-,0,0,0,0
539,02359,6941,6861,80,5942,919,2.83,1.54,6861,197,4562,1380
540,02360,28353,24985,3368,20203,4782,2.46,1.95,24985,1140,14134,6069
541,02364,5487,5321,166,4524,797,2.69,1.50,5321,259,3603,921
542,02366,0,0,0,0,0,-,-,0,0,0,0
543,02367,1167,989,178,919,70,3.01,2.37,989,19,713,206
544,02368,12565,12167,398,8129,4038,2.90,2.67,12167,1047,5942,2187
545,02370,7168,6654,514,5161,1493,2.73,2.34,6654,389,3745,1416
546,02375,4671,4482,189,3595,887,2.63,2.21,4482,126,2431,1164
547,02379,2845,2726,119,2317,409,2.86,2.11,2726,66,1713,604
548,02382,5906,5684,222,4008,1676,2.98,1.86,5684,213,3124,884
549,02420,5543,5374,169,4851,523,2.87,2.53,5374,109,3269,1582
550,02421,7116,6927,189,5335,1592,2.83,2.21,6927,393,3409,1926
551,02445,9736,9225,511,5089,4136,2.40,2.16,9225,2355,2959,2130
552,02446,15215,14278,937,5623,8655,2.38,2.05,14278,4989,3251,2372
553,02451,7975,7586,389,4550,3036,2.52,2.10,7586,660,2948,1602
554,02452,5464,5215,249,2778,2437,2.25,2.25,5215,243,1573,1205
555,02453,12768,12115,653,5073,7042,2.29,2.19,12115,1003,3321,1752
556,02457,36,18,18,18,0,-,-,18,18,0,18
557,02458,5054,4871,183,3088,1783,2.69,2.24,4871,345,1948,1140
558,02459,6432,6268,164,5328,940,2.91,2.16,6268,247,3410,1918
559,02460,4035,3776,259,2362,1414,2.80,2.12,3776,293,1632,730
560,02461,2769,2532,237,2030,502,2.78,2.51,2532,110,1363,667
561,02462,553,532,21,341,191,2.88,1.30,532,54,280,61
562,02464,1470,1370,100,891,479,2.66,2.40,1370,41,570,321
563,02465,4508,4436,72,3146,1290,2.83,1.93,4436,85,2170,976
564,02466,3238,2990,248,1614,1376,2.94,2.06,2990,418,1132,482
565,02467,7316,6746,570,4455,2291,2.50,2.29,6746,401,2579,1876
566,02468,1873,1873,0,1789,84,2.77,2.98,1873,18,1027,762
567,02472,16842,16067,775,7940,8127,2.33,2.02,16067,1645,5379,2561
568,02474,12329,11649,680,6717,4932,2.66,2.04,11649,1081,4449,2268
569,02476,7853,7659,194,4796,2863,2.64,1.77,7659,888,2918,1878
570,02478,10878,10372,506,6592,3780,2.74,2.30,10372,741,4156,2436
571,02481,4955,4743,212,4154,589,3.13,2.24,4743,213,2767,1387
572,02482,4042,3907,135,3023,884,2.67,2.30,3907,199,1929,1094
573,02492,7275,7160,115,6470,690,2.97,1.67,7160,320,4227,2243
574,02493,3906,3731,175,3252,479,3.02,2.49,3731,85,2070,1182
575,02494,4283,4100,183,3037,1063,2.97,1.58,4100,355,2010,1027
576,02532,7149,5688,1461,4548,1140,2.25,1.88,5688,157,2884,1664
577,02534,593,379,214,347,32,2.97,-,379,0,151,196
578,02535,2172,742,1430,644,98,2.80,3.43,742,8,281,363
579,02536,11965,8373,3592,7228,1145,2.46,2.15,8373,309,4458,2770
580,02537,3225,2488,737,2346,142,2.92,1.75,2488,107,1556,790
581,02538,1966,1748,218,1157,591,2.63,2.72,1748,96,813,344
582,02539,5068,1401,3667,1030,371,3.40,4.09,1401,44,557,473
583,02540,6442,4171,2271,2868,1303,2.30,1.53,4171,545,1367,1501
584,02542,329,244,85,0,244,-,3.20,244,13,0,0
585,02543,1165,485,680,400,85,1.93,1.80,485,12,171,229
586,02553,121,30,91,30,0,-,-,30,0,0,30
587,02554,10796,3973,6823,2814,1159,3.19,3.79,3973,283,1811,1003
588,02556,2369,1018,1351,875,143,2.53,1.11,1018,4,548,327
589,02557,2523,685,1838,406,279,2.64,2.14,685,60,88,318
590,02558,1835,993,842,710,283,1.84,1.64,993,182,353,357
591,02559,2606,1593,1013,1222,371,2.30,1.33,1593,156,619,603
592,02561,363,280,83,194,86,2.08,7.22,280,16,64,130
593,02562,1553,1236,317,1037,199,2.61,2.52,1236,0,802,235
594,02563,4665,3983,682,3456,527,2.43,1.85,3983,81,2564,892
595,02564,1267,33,1234,33,0,3.70,-,33,0,22,11
596,02568,5317,3044,2273,2107,937,3.20,2.12,3044,167,1302,805
597,02571,5968,4824,1144,3468,1356,2.24,2.06,4824,284,2308,1160
598,02575,2253,907,1346,787,120,2.56,3.48,907,0,342,445
599,02576,1935,1767,168,1493,274,2.39,1.53,1767,31,900,593
600,02584,75,25,50,25,0,1.20,-,25,0,20,5
601,02601,8987,6794,2193,3522,3272,2.31,2.67,6794,727,2488,1034
602,02630,1121,744,377,659,85,2.42,3.99,744,0,362,297
603,02631,8204,4519,3685,3790,729,2.22,1.96,4519,277,2331,1459
604,02632,6186,4744,1442,3799,945,2.55,2.41,4744,87,2674,1125
605,02633,5488,2269,3219,1961,308,2.01,2.19,2269,125,969,992
606,02635,2220,1376,844,1313,63,2.12,1.76,1376,73,797,516
607,02637,177,129,48,129,0,2.26,-,129,0,94,35
608,02638,3110,1447,1663,1163,284,2.16,2.37,1447,28,662,501
609,02639,5189,1712,3477,1044,668,2.00,2.00,1712,103,621,423
610,02641,450,91,359,91,0,1.96,-,91,0,10,81
611,02642,6360,2525,3835,2357,168,2.25,2.26,2525,41,1272,1085
612,02643,61,0,61,0,0,-,-,0,0,0,0
613,02644,1566,1447,119,1289,158,2.58,2.44,1447,36,991,298
614,02645,6779,4474,2305,3801,673,2.49,1.84,4474,221,2497,1304
615,02646,2464,896,1568,780,116,1.86,2.71,896,40,510,270
616,02647,308,67,241,48,19,3.06,-,67,0,14,34
617,02648,3393,3064,329,2875,189,2.41,1.91,3064,15,2133,742
618,02649,10229,6603,3626,5524,1079,2.32,1.93,6603,302,3267,2257
619,02650,758,340,418,300,40,1.80,2.63,340,19,208,92
620,02652,2009,618,1391,470,148,1.66,1.42,618,0,140,330
621,02653,5862,2989,2873,2405,584,2.09,1.99,2989,183,1182,1223
622,02655,2963,1527,1436,1356,171,2.17,1.85,1527,42,871,485
623,02657,4969,1968,3001,1488,480,1.87,1.64,1968,228,993,495
624,02659,1299,555,744,490,65,2.06,2.06,555,23,242,248
625,02660,4514,2896,1618,2237,659,2.26,2.04,2896,110,1455,782
626,02663,606,178,428,168,10,2.26,1.90,178,34,74,94
627,02664,6860,3989,2871,2886,1103,2.32,1.98,3989,198,1600,1286
628,02666,1336,295,1041,295,0,1.97,-,295,62,131,164
629,02667,4039,1558,2481,1294,264,2.32,3.36,1558,77,539,755
630,02668,1236,1004,232,955,49,2.62,2.14,1004,34,768,187
631,02670,2337,829,1508,634,195,1.58,1.90,829,74,336,298
632,02671,1448,463,985,426,37,1.93,-,463,0,143,283
633,02672,156,88,68,88,0,1.74,-,88,0,46,42
634,02673,6568,3839,2729,3098,741,2.47,2.22,3839,224,2039,1059
635,02675,4087,3087,1000,2849,238,2.34,2.07,3087,121,1631,1218
636,02702,1673,1673,0,1565,108,2.63,1.86,1673,34,1170,395
637,02703,19517,17898,1619,12062,5836,2.78,2.06,17898,1468,8485,3577
638,02713,152,18,134,13,5,2.23,-,18,4,9,4
639,02715,1411,1383,28,1266,117,2.61,1.60,1383,53,887,379
640,02717,1916,1696,220,1499,197,2.81,2.77,1696,21,1049,450
641,02718,2572,2444,128,2185,259,2.90,2.02,2444,47,1509,676
642,02719,7471,6872,599,5077,1795,2.44,1.77,6872,513,3546,1531
643,02720,14775,13787,988,5530,8257,2.45,2.01,13787,1578,3536,1994
644,02721,12440,11010,1430,4047,6963,2.63,2.32,11010,2003,2805,1242
645,02723,7935,7511,424,2292,5219,2.31,2.15,7511,1366,1354,938
646,02724,8810,8389,421,2809,5580,2.20,2.14,8389,1705,1576,1233
647,02725,1070,934,136,811,123,2.67,1.71,934,52,561,250
648,02726,6462,6314,148,5267,1047,2.57,2.03,6314,219,3189,2078
649,02738,2449,1993,456,1628,365,2.63,2.27,1993,95,934,694
650,02739,3529,2926,603,2237,689,2.20,2.26,2926,31,923,1314
651,02740,20589,19301,1288,7360,11941,2.61,2.14,19301,3985,4948,2412
652,02743,4157,4060,97,3524,536,2.68,1.83,4060,126,2241,1283
653,02744,5634,5157,477,1708,3449,2.19,2.57,5157,1194,907,801
654,02745,10629,10154,475,5959,4195,2.57,2.19,10154,801,3975,1984
655,02746,7314,6697,617,1126,5571,2.91,2.38,6697,1964,775,351
656,02747,7483,7237,246,5623,1614,2.75,1.71,7237,561,3852,1771
657,02748,5350,4779,571,3621,1158,2.55,1.86,4779,275,2123,1498
658,02760,11820,11550,270,7981,3569,2.77,1.84,11550,544,5555,2426
659,02762,4309,4144,165,3032,1112,2.41,2.18,4144,152,2066,966
660,02763,742,723,19,538,185,2.85,-,723,117,371,167
661,02764,1608,1560,48,1357,203,2.88,2.56,1560,0,878,479
662,02766,6691,6489,202,5476,1013,2.70,2.16,6489,268,3806,1670
663,02767,5647,5550,97,4336,1214,2.88,2.15,5550,204,3162,1174
664,02769,4660,4377,283,3896,481,2.95,1.88,4377,102,3014,882
665,02770,2076,2032,44,1806,226,2.90,2.06,2032,29,1152,654
666,02771,6496,5969,527,5109,860,2.63,2.22,5969,227,3573,1536
667,02777,6879,6752,127,5915,837,2.56,2.02,6752,189,3741,2174
668,02779,2416,2294,122,2244,50,2.94,2.10,2294,0,1680,564
669,02780,22043,20625,1418,12414,8211,2.68,2.19,20625,2000,7547,4867
670,02790,7575,6667,908,5504,1163,2.55,1.90,6667,224,3375,2129
671,02791,267,244,23,211,33,1.45,1.70,244,0,56,155
672,02802,331,238,93,58,180,-,2.46,238,0,58,0
673,02804,1024,898,126,738,160,2.63,3.23,898,21,541,197
674,02806,6497,6176,321,5500,676,2.83,2.36,6176,73,3971,1529
675,02807,1959,459,1500,338,121,1.92,2.64,459,0,180,158
676,02808,982,901,81,512,389,2.87,2.48,901,12,369,143
677,02809,9394,8065,1329,5537,2528,2.53,1.81,8065,492,3344,2193
678,02812,438,438,0,417,21,2.45,-,438,0,214,203
679,02813,5219,3459,1760,2885,574,2.29,2.36,3459,33,1823,1062
680,02814,3255,2902,353,2507,395,2.76,1.79,2902,25,1686,821
681,02815,72,72,0,56,16,1.54,4.31,72,0,35,21
682,02816,14129,13371,758,10437,2934,2.54,1.87,13371,536,7295,3142
683,02817,2473,2316,157,1939,377,2.77,2.90,2316,0,1358,581
684,02818,8806,8307,499,6066,2241,2.64,1.65,8307,480,4193,1873
685,02822,2156,2018,138,1722,296,3.06,2.12,2018,34,1093,629
686,02823,13,13,0,13,0,1.92,-,13,0,0,13
687,02824,85,85,0,85,0,1.65,-,85,0,85,0
688,02825,1996,1843,153,1629,214,3.10,3.34,1843,57,1113,516
689,02826,365,282,83,282,0,2.09,-,282,0,140,142
690,02827,885,844,41,809,35,2.75,2.91,844,0,576,233
691,02828,3361,3183,178,2678,505,2.38,1.25,3183,308,1729,949
692,02829,35,35,0,0,35,-,4.34,35,0,0,0
693,02830,2444,2409,35,1855,554,2.77,2.18,2409,183,1350,505
694,02831,1544,1473,71,1286,187,2.89,2.44,1473,12,624,662
695,02832,1987,1816,171,1464,352,2.66,2.81,1816,13,1070,394
696,02833,352,352,0,254,98,2.69,-,352,54,200,54
697,02835,3069,2361,708,2002,359,2.39,2.07,2361,55,1312,690
698,02836,111,53,58,53,0,1.57,-,53,0,21,32
699,02837,2444,1592,852,1262,330,2.23,2.37,1592,52,564,698
700,02838,1501,1310,191,515,795,2.70,2.67,1310,155,311,204
701,02839,685,589,96,385,204,2.39,1.93,589,15,192,193
702,02840,13244,10171,3073,4712,5459,2.18,2.12,10171,1492,2935,1777
703,02841,6,6,0,0,6,-,3.17,6,0,0,0
704,02842,8344,7270,1074,4103,3167,2.47,2.09,7270,373,2737,1366
705,02852,10451,9563,888,7366,2197,2.53,1.87,9563,541,5193,2173
706,02857,3437,3155,282,2849,306,2.59,1.99,3155,41,1951,898
707,02858,214,214,0,182,32,3.07,2.00,214,0,163,19
708,02859,2648,2436,212,1892,544,3.12,2.15,2436,122,1436,456
709,02860,21030,18949,2081,7296,11653,2.78,2.36,18949,3237,5422,1874
710,02861,11482,10737,745,6870,3867,2.67,2.23,10737,721,4968,1902
711,02863,8059,7074,985,1809,5265,3.06,3.04,7074,1776,1041,768
712,02864,14240,13620,620,10650,2970,2.80,2.02,13620,677,7532,3118
713,02865,7061,6756,305,5096,1660,2.95,1.91,6756,282,3459,1637
714,02871,8212,7196,1016,5820,1376,2.43,2.32,7196,271,3729,2091
715,02872,334,82,252,69,13,1.16,3.69,82,43,26,43
716,02873,114,58,56,58,0,1.24,-,58,0,58,0
717,02874,2655,2395,260,2096,299,2.86,2.04,2395,18,1433,663
718,02875,195,138,57,127,11,2.01,4.55,138,0,86,41
719,02876,520,520,0,91,429,-,1.61,520,0,0,91
720,02878,7591,6651,940,5179,1472,2.56,2.02,6651,302,3111,2068
721,02879,11645,9148,2497,6959,2189,2.50,2.16,9148,431,4622,2337
722,02881,907,793,114,478,315,2.41,2.43,793,18,312,166
723,02882,8918,5492,3426,3723,1769,2.52,2.34,5492,153,2222,1501
724,02885,5513,5032,481,2921,2111,2.58,1.63,5032,663,1751,1170
725,02886,13633,12976,657,8352,4624,2.46,1.96,12976,1023,5856,2496
726,02888,8852,8365,487,6547,1818,2.27,1.91,8365,315,4721,1826
727,02889,11989,11354,635,8783,2571,2.65,1.98,11354,482,6145,2638
728,02891,12990,9936,3054,7147,2789,2.32,1.85,9936,798,4864,2283
729,02892,2245,2091,154,1836,255,2.84,3.15,2091,4,1309,527
730,02893,14895,14030,865,7677,6353,2.34,2.00,14030,1524,4866,2811
731,02894,297,255,42,237,18,2.18,2.11,255,0,219,18
732,02895,18996,16921,2075,6372,10549,2.54,2.50,16921,2724,3987,2385
733,02896,4764,4455,309,3546,909,2.68,1.91,4455,193,2500,1046
734,02898,687,575,112,550,25,2.41,3.20,575,16,420,130
735,02903,6162,5047,1115,950,4097,2.18,1.57,5047,1823,698,252
736,02904,14206,12951,1255,6581,6370,2.77,1.99,12951,1902,4871,1710
737,02905,10660,9862,798,4721,5141,2.66,2.49,9862,1689,3550,1171
738,02906,13310,12185,1125,6040,6145,2.33,1.86,12185,1398,3868,2172
739,02907,11658,10591,1067,3208,7383,3.46,2.74,10591,1808,2372,836
740,02908,17323,14380,2943,7091,7289,2.74,2.55,14380,1755,5170,1921
741,02909,18656,14857,3799,5663,9194,3.02,2.68,14857,1905,4400,1263
742,02910,9254,8624,630,5938,2686,2.80,2.16,8624,496,3906,2032
743,02911,7107,6637,470,3895,2742,2.46,2.24,6637,336,2734,1161
744,02912,26,13,13,0,13,-,1.62,13,13,0,0
745,02914,10229,9311,918,4863,4448,2.60,2.00,9311,1434,2863,2000
746,02915,7536,7168,368,4633,2535,2.37,1.86,7168,414,3197,1436
747,02916,3891,3791,100,2691,1100,2.73,1.77,3791,132,1743,948
748,02917,5071,4672,399,3680,992,2.72,1.41,4672,328,2665,1015
749,02918,36,36,0,0,36,-,-,36,0,0,0
750,02919,12632,11405,1227,8366,3039,2.71,2.07,11405,445,5831,2535
751,02920,14921,14326,595,9039,5287,2.53,2.21,14326,1015,5898,3141
752,02921,4730,4659,71,3835,824,2.83,1.67,4659,97,2740,1095
753,03031,4581,4476,105,4070,406,2.69,1.97,4476,93,2821,1249
754,03032,1989,1989,0,1829,160,2.98,2.54,1989,0,1345,484
755,03033,1803,1728,75,1664,64,3.28,2.13,1728,15,1142,522
756,03034,1625,1603,22,1512,91,2.64,1.87,1603,17,1074,438
757,03036,1837,1719,118,1672,47,3.03,2.26,1719,39,1219,453
758,03037,1872,1646,226,1482,164,2.80,3.15,1646,58,1090,392
759,03038,13682,13056,626,8696,4360,2.88,2.09,13056,512,6160,2536
760,03042,2920,2681,239,2333,348,2.67,2.44,2681,71,1781,552
761,03043,721,571,150,535,36,2.68,3.06,571,10,271,264
762,03044,1704,1638,66,1542,96,2.86,2.39,1638,16,1151,391
763,03045,5314,5172,142,4365,807,2.61,2.13,5172,92,3085,1280
764,03046,1072,1024,48,965,59,2.99,2.08,1024,39,714,251
765,03047,740,677,63,561,116,2.69,1.91,677,30,361,200
766,03048,1513,1418,95,1155,263,2.45,2.41,1418,60,663,492
767,03049,3260,3223,37,3003,220,2.66,1.47,3223,21,1917,1086
768,03051,9881,9542,339,7957,1585,2.74,2.11,9542,239,5648,2309
769,03052,3012,2967,45,2578,389,2.94,2.27,2967,53,1668,910
770,03053,9515,9269,246,7947,1322,2.84,2.23,9269,80,5753,2194
771,03054,10006,9971,35,8758,1213,2.75,2.06,9971,300,5988,2770
772,03055,6684,6419,265,3907,2512,2.67,2.17,6419,234,2897,1010
773,03057,964,893,71,805,88,2.89,2.89,893,35,554,251
774,03060,12911,12194,717,4258,7936,2.94,2.23,12194,1777,3055,1203
775,03062,12144,11733,411,8068,3665,2.60,1.98,11733,604,5142,2926
776,03063,6920,6823,97,4165,2658,2.43,2.22,6823,158,2881,1284
777,03064,6689,6369,320,3835,2534,2.50,2.02,6369,505,2418,1417
778,03070,2058,2045,13,1753,292,3.09,2.12,2045,8,1262,491
779,03071,2084,1844,240,1581,263,3.01,1.75,1844,21,1047,534
780,03076,5165,4884,281,4341,543,3.03,1.76,4884,105,3082,1259
781,03077,4362,4093,269,3146,947,2.67,2.39,4093,141,2253,893
782,03079,12888,12138,750,9286,2852,2.54,2.26,12138,448,6555,2731
783,03082,705,620,85,564,56,2.55,3.39,620,8,372,192
784,03084,522,490,32,429,61,2.41,2.59,490,10,301,128
785,03086,1892,1739,153,1367,372,2.55,1.61,1739,144,1017,350
786,03087,5801,5283,518,4956,327,2.97,2.25,5283,15,3220,1736
787,03101,2025,1895,130,99,1796,1.57,1.56,1895,491,71,28
788,03102,15002,14100,902,5114,8986,2.36,2.25,14100,1198,3587,1527
789,03103,15805,15018,787,6804,8214,2.40,2.54,15018,888,4601,2203
790,03104,15567,14725,842,8329,6396,2.40,2.03,14725,718,6033,2296
791,03106,5283,5185,98,3974,1211,2.85,2.11,5185,60,2622,1352
792,03109,3965,3833,132,2907,926,2.65,2.33,3833,151,2098,809
793,03110,8285,8076,209,6906,1170,2.96,1.87,8076,264,4497,2409
794,03215,1152,99,1053,83,16,2.06,1.69,99,0,41,42
795,03216,944,818,126,701,117,2.67,4.10,818,15,478,223
796,03217,1339,992,347,529,463,2.40,2.36,992,56,335,194
797,03218,569,569,0,408,161,2.46,2.52,569,0,261,147
798,03220,3566,3039,527,2585,454,2.50,2.12,3039,172,1388,1197
799,03221,1233,878,355,782,96,2.48,2.11,878,18,517,265
800,03222,3959,2286,1673,1861,425,2.71,2.15,2286,95,1014,847
801,03223,1842,1174,668,960,214,3.05,1.98,1174,40,498,462
802,03224,974,900,74,834,66,2.50,2.00,900,36,532,302
803,03225,1983,1299,684,1199,100,2.56,4.23,1299,21,789,410
804,03226,708,384,324,340,44,2.16,2.05,384,9,152,188
805,03227,956,692,264,637,55,1.96,2.09,692,10,229,408
806,03229,2512,2227,285,1998,229,2.68,2.57,2227,0,1019,979
807,03230,726,616,110,578,38,2.17,2.87,616,28,279,299
808,03231,116,77,39,71,6,1.86,-,77,0,33,38
809,03233,131,100,31,90,10,2.39,2.00,100,0,90,0
810,03234,1853,1746,107,1516,230,2.82,2.01,1746,22,1067,449
811,03235,4309,3813,496,2528,1285,2.39,2.03,3813,358,1389,1139
812,03237,1224,773,451,706,67,2.61,3.88,773,0,468,238
813,03238,45,43,2,42,1,1.98,-,43,25,8,34
814,03240,716,461,255,425,36,2.38,3.14,461,3,251,174
815,03241,824,377,447,343,34,2.35,5.06,377,20,181,162
816,03242,2287,2098,189,1440,658,2.68,1.93,2098,60,964,476
817,03243,442,355,87,327,28,2.57,1.50,355,11,205,122
818,03244,3875,2967,908,2758,209,2.58,1.86,2967,81,1830,928
819,03245,1460,815,645,644,171,2.59,2.01,815,38,259,385
820,03246,9867,6826,3041,4126,2700,2.58,2.13,6826,500,2698,1428
821,03249,5247,3086,2161,2777,309,2.59,1.50,3086,102,1843,934
822,03251,2786,563,2223,413,150,2.57,2.26,563,20,190,223
823,03253,5200,3109,2091,2458,651,2.24,1.73,3109,92,1307,1151
824,03254,4857,2007,2850,1808,199,2.34,3.19,2007,22,935,873
825,03255,1516,746,770,668,78,2.71,1.18,746,37,352,316
826,03256,1090,941,149,818,123,2.74,2.05,941,7,502,316
827,03257,2385,1537,848,1354,183,2.18,1.81,1537,111,826,528
828,03258,1027,984,43,905,79,2.65,3.44,984,5,601,304
829,03259,285,151,134,151,0,1.66,-,151,3,39,112
830,03260,476,377,99,356,21,2.71,3.00,377,8,256,100
831,03261,2277,1746,531,1578,168,2.67,2.35,1746,40,1142,436
832,03262,1214,475,739,373,102,2.75,1.47,475,20,175,198
833,03263,2018,1823,195,1179,644,2.51,1.80,1823,129,743,436
834,03264,2886,2179,707,1232,947,2.80,2.39,2179,273,792,440
835,03266,1283,799,484,683,116,2.49,2.04,799,33,373,310
836,03268,623,599,24,571,28,2.39,3.71,599,54,336,235
837,03269,1621,1080,541,824,256,2.85,2.25,1080,29,630,194
838,03273,197,115,82,115,0,2.50,-,115,0,45,70
839,03275,4674,4458,216,3384,1074,2.90,2.00,4458,163,2232,1152
840,03276,4011,3501,510,2423,1078,2.53,2.19,3501,56,1406,1017
841,03278,1540,1203,337,800,403,2.60,1.93,1203,70,482,318
842,03279,493,307,186,259,48,2.68,1.83,307,3,119,140
843,03280,1094,479,615,431,48,2.33,3.15,479,7,196,235
844,03281,3787,3371,416,3192,179,2.70,2.47,3371,13,2022,1170
845,03282,563,412,151,356,56,2.71,2.25,412,6,162,194
846,03284,472,252,220,220,32,3.46,3.19,252,0,124,96
847,03285,1918,1060,858,853,207,2.55,2.39,1060,15,458,395
848,03287,746,655,91,519,136,2.36,2.05,655,11,377,142
849,03290,2074,1959,115,1878,81,2.60,2.38,1959,24,1316,562
850,03291,29,29,0,29,0,3.83,-,29,0,29,0
851,03293,81,54,27,54,0,3.98,-,54,0,32,22
852,03301,14175,13351,824,7261,6090,2.57,1.93,13351,1318,4780,2481
853,03303,6816,6466,350,4449,2017,2.61,2.04,6466,392,3205,1244
854,03304,2823,2802,21,2494,308,3.01,2.30,2802,110,1852,642
855,03307,2487,2336,151,2063,273,2.51,1.68,2336,72,1007,1056
856,03431,11140,9964,1176,5465,4499,2.45,1.95,9964,922,3003,2462
857,03440,1428,1103,325,868,235,2.80,2.09,1103,28,501,367
858,03441,117,86,31,49,37,3.37,2.59,86,0,27,22
859,03442,713,647,66,407,240,2.70,1.71,647,26,281,126
860,03443,180,180,0,180,0,1.53,-,180,0,51,129
861,03444,794,621,173,509,112,2.29,2.60,621,14,236,273
862,03445,292,273,19,231,42,2.39,2.45,273,18,143,88
863,03446,2910,2823,87,1936,887,2.40,2.00,2823,108,1165,771
864,03447,1298,1010,288,929,81,2.36,1.79,1010,26,601,328
865,03448,349,302,47,275,27,2.74,2.44,302,2,172,103
866,03449,920,802,118,656,146,2.30,1.58,802,14,386,270
867,03450,693,427,266,398,29,2.36,2.69,427,6,204,194
868,03451,1818,1550,268,1309,241,2.61,2.27,1550,49,670,639
869,03452,2570,2048,522,1527,521,2.72,2.17,2048,81,1082,445
870,03455,1042,988,54,648,340,2.85,1.99,988,46,390,258
871,03456,406,315,91,270,45,2.40,3.20,315,5,118,152
872,03457,552,299,253,267,32,2.66,2.34,299,3,161,106
873,03458,3552,3011,541,1860,1151,2.44,1.87,3011,209,1087,773
874,03461,2368,1859,509,1564,295,2.92,2.45,1859,48,1010,554
875,03462,1014,625,389,504,121,2.47,1.84,625,0,404,100
876,03464,851,346,505,330,16,2.44,3.63,346,0,237,93
877,03465,779,737,42,540,197,2.52,2.07,737,15,332,208
878,03466,698,599,99,528,71,2.85,4.44,599,15,353,175
879,03467,855,822,33,742,80,2.35,2.04,822,22,435,307
880,03470,2167,1888,279,1343,545,2.64,2.64,1888,24,792,551
881,03561,3434,2873,561,1564,1309,2.15,2.00,2873,450,906,658
882,03570,4421,3759,662,2374,1385,2.37,1.77,3759,480,1104,1270
883,03574,1379,1013,366,757,256,2.50,2.35,1013,58,389,368
884,03575,379,3,376,3,0,1.67,-,3,0,3,0
885,03576,2381,1397,984,1072,325,2.01,1.71,1397,89,470,602
886,03579,1059,182,877,166,16,2.01,1.19,182,4,37,129
887,03580,1029,527,502,447,80,2.47,1.70,527,19,230,217
888,03581,1956,1583,373,1159,424,2.16,1.44,1583,98,530,629
889,03582,1252,913,339,712,201,2.38,2.23,913,77,297,415
890,03583,685,473,212,410,63,1.88,2.05,473,73,116,294
891,03584,1667,1395,272,1094,301,2.49,1.92,1395,62,526,568
892,03585,1350,1014,336,790,224,2.69,2.10,1014,46,377,413
893,03586,430,252,178,230,22,2.63,2.18,252,11,126,104
894,03588,1030,655,375,551,104,2.41,2.01,655,6,307,244
895,03590,680,418,262,342,76,2.80,2.09,418,35,126,216
896,03592,2015,544,1471,444,100,2.10,1.31,544,9,197,247
897,03593,314,173,141,128,45,2.01,2.07,173,6,58,70
898,03595,591,386,205,314,72,1.68,2.47,386,3,187,127
899,03597,383,233,150,156,77,2.18,2.35,233,19,12,144
900,03598,2103,1494,609,1039,455,2.43,2.04,1494,107,484,555
901,03601,221,125,96,117,8,4.18,1.63,125,0,71,46
902,03602,1284,983,301,730,253,2.47,2.16,983,104,414,316
903,03603,2407,2036,371,1520,516,2.63,2.28,2036,16,635,885
904,03604,0,0,0,0,0,-,-,0,0,0,0
905,03605,636,283,353,265,18,2.89,1.44,283,17,142,123
906,03607,167,99,68,86,13,3.12,4.23,99,6,57,29
907,03608,1330,1201,129,769,432,2.74,2.30,1201,6,461,308
908,03609,310,248,62,157,91,2.58,1.65,248,12,78,79
909,03740,533,433,100,370,63,2.31,3.29,433,7,152,218
910,03741,2121,1567,554,1290,277,2.68,2.29,1567,44,799,491
911,03743,6106,5346,760,3022,2324,2.65,2.25,5346,528,1682,1340
912,03745,825,735,90,713,22,2.28,3.32,735,14,387,326
913,03748,2693,2056,637,1622,434,2.18,2.31,2056,79,1040,582
914,03750,372,259,113,240,19,3.32,4.89,259,0,149,91
915,03751,365,203,162,175,28,2.31,-,203,28,53,122
916,03752,443,301,142,262,39,3.41,2.46,301,16,176,86
917,03753,2056,1235,821,1135,100,2.58,4.48,1235,0,670,465
918,03755,3366,2668,698,1783,885,2.72,2.06,2668,251,943,840
919,03765,158,158,0,143,15,3.24,-,158,0,116,27
920,03766,4904,4184,720,2360,1824,2.80,1.80,4184,279,1517,843
921,03768,776,609,167,540,69,2.66,3.03,609,9,319,221
922,03770,185,147,38,142,5,3.41,2.20,147,5,119,23
923,03771,358,323,35,295,28,2.68,1.61,323,0,122,173
924,03773,3659,3031,628,2001,1030,2.50,2.43,3031,205,1148,853
925,03774,822,691,131,509,182,2.28,1.93,691,116,202,307
926,03777,647,538,109,434,104,2.84,2.08,538,3,246,188
927,03779,405,269,136,214,55,2.79,2.15,269,11,137,77
928,03780,206,198,8,198,0,2.35,-,198,0,133,65
929,03781,893,778,115,697,81,2.76,1.99,778,4,406,291
930,03782,2039,983,1056,719,264,3.34,2.53,983,5,468,251
931,03784,2096,1802,294,815,987,3.20,1.68,1802,132,560,255
932,03785,1382,831,551,485,346,2.79,2.17,831,122,395,90
933,03801,11495,10851,644,5743,5108,2.35,1.75,10851,621,3892,1851
934,03809,1761,1325,436,1169,156,3.00,1.97,1325,28,829,340
935,03810,2479,809,1670,794,15,2.51,-,809,0,443,351
936,03811,2966,2821,145,2591,230,2.58,1.77,2821,19,1697,894
937,03812,1527,448,1079,295,153,1.63,-,448,0,156,139
938,03813,2263,1573,690,1273,300,1.91,2.73,1573,1,626,647
939,03814,1851,933,918,688,245,2.61,2.22,933,83,381,307
940,03816,763,567,196,492,75,2.65,2.72,567,30,264,228
941,03817,374,295,79,180,115,3.03,3.00,295,39,105,75
942,03818,2264,1664,600,1177,487,2.73,1.80,1664,200,639,538
943,03819,1675,1649,26,1456,193,2.57,2.47,1649,0,899,557
944,03820,15370,14724,646,7622,7102,2.41,1.89,14724,690,5182,2440
945,03823,741,711,30,589,122,3.07,2.93,711,0,371,218
946,03824,3583,2904,679,1728,1176,2.61,2.44,2904,236,1137,591
947,03825,3568,3333,235,3080,253,2.84,2.11,3333,145,1901,1179
948,03826,1122,1122,0,756,366,2.99,1.76,1122,56,574,182
949,03827,1269,1169,100,1084,85,2.80,2.09,1169,15,665,419
950,03830,1433,634,799,634,0,2.10,-,634,0,506,128
951,03832,272,155,117,122,33,2.46,1.39,155,6,40,82
952,03833,9734,8953,781,6573,2380,2.64,1.78,8953,431,3975,2598
953,03835,2924,2785,139,2049,736,2.58,2.01,2785,179,1408,641
954,03836,1748,579,1169,563,16,2.24,2.06,579,21,275,288
955,03837,967,720,247,650,70,2.63,1.73,720,0,462,188
956,03838,1698,579,1119,431,148,2.23,2.31,579,0,148,283
957,03839,1757,1577,180,1077,500,2.49,2.25,1577,86,658,419
958,03840,1597,1566,31,1299,267,2.57,2.48,1566,0,945,354
959,03841,2755,2623,132,2232,391,2.42,2.17,2623,81,1206,1026
960,03842,9443,7139,2304,5293,1846,2.30,1.77,7139,252,3341,1952
961,03844,918,861,57,766,95,2.74,2.19,861,12,559,207
962,03845,1197,705,492,577,128,1.74,1.54,705,0,333,244
963,03846,1090,488,602,391,97,1.81,2.89,488,0,189,202
964,03847,336,249,87,205,44,1.69,2.09,249,0,127,78
965,03848,2899,2687,212,2161,526,2.46,1.64,2687,59,1491,670
966,03849,1030,459,571,399,60,2.94,3.08,459,11,259,140
967,03850,337,69,268,69,0,1.23,-,69,0,22,47
968,03851,1718,1512,206,1321,191,2.84,1.89,1512,60,973,348
969,03852,140,140,0,140,0,2.73,-,140,0,109,31
970,03853,1340,363,977,320,43,2.23,2.42,363,5,149,171
971,03854,533,395,138,364,31,2.03,2.48,395,9,136,228
972,03855,1570,1005,565,901,104,2.80,1.65,1005,19,681,220
973,03856,644,637,7,608,29,3.20,2.59,637,8,457,151
974,03857,4501,4322,179,2352,1970,2.43,1.85,4322,106,1742,610
975,03858,1840,1769,71,1572,197,2.81,1.94,1769,57,1273,299
976,03860,3195,1818,1377,1152,666,2.10,1.95,1818,46,495,657
977,03861,2041,1865,176,1615,250,2.59,1.32,1865,0,937,678
978,03862,2108,1924,184,1726,198,2.44,1.37,1924,38,965,761
979,03864,1045,730,315,702,28,2.54,1.93,730,0,414,288
980,03865,3324,3242,82,2646,596,2.46,2.19,3242,64,1865,781
981,03867,9860,9366,494,5827,3539,2.45,2.20,9366,711,3395,2432
982,03868,2575,2528,47,1891,637,2.29,3.02,2528,102,1118,773
983,03869,1106,1025,81,814,211,2.46,2.00,1025,86,477,337
984,03870,2815,2206,609,1877,329,2.43,1.69,2206,52,1106,771
985,03871,244,201,43,192,9,1.68,-,201,0,71,121
986,03872,2506,1674,832,1580,94,2.53,1.27,1674,1,1222,358
987,03873,2287,2211,76,1892,319,2.97,2.71,2211,16,1499,393
988,03874,4621,3837,784,2677,1160,2.36,1.98,3837,90,1616,1061
989,03875,596,406,190,343,63,2.85,2.43,406,30,201,142
990,03878,5589,5185,404,3094,2091,2.55,1.99,5185,482,2153,941
991,03882,880,513,367,427,86,3.44,2.79,513,6,238,189
992,03883,174,164,10,105,59,2.55,4.75,164,0,85,20
993,03884,1828,1379,449,1292,87,3.12,2.29,1379,0,912,380
994,03885,3088,3046,42,2795,251,2.57,1.93,3046,38,2041,754
995,03886,1008,457,551,340,117,2.84,2.49,457,11,234,106
996,03887,885,699,186,645,54,2.80,2.67,699,38,469,176
997,03890,33,19,14,10,9,3.20,4.00,19,0,10,0
998,03894,4520,3005,1515,2172,833,2.22,1.79,3005,235,1149,1023
999,03897,63,17,46,17,0,1.94,-,17,2,2,15
1000,03901,3765,3398,367,2841,557,2.47,1.55,3398,218,2231,610
1001,03902,1396,941,455,764,177,2.47,1.97,941,17,459,305
1002,03903,2963,2680,283,2288,392,2.68,1.50,2680,50,1459,829
1003,03904,4384,4084,300,2508,1576,1.98,1.90,4084,672,1599,909
1004,03905,983,878,105,792,86,2.12,2.17,878,18,456,336
1005,03906,2070,1954,116,1639,315,2.62,1.85,1954,36,1192,447
1006,03907,2068,595,1473,511,84,2.07,1.76,595,30,173,338
1007,03908,3063,2772,291,2148,624,2.88,2.00,2772,81,1531,617
1008,03909,7157,4539,2618,3630,909,2.52,2.00,4539,268,2265,1365
1009,03910,234,14,220,14,0,3.07,-,14,0,14,0
1010,03911,295,77,218,77,0,3.82,-,77,0,57,20
1011,04001,2374,1129,1245,1096,33,2.33,1.48,1129,22,689,407
1012,04002,3552,2979,573,2617,362,2.56,1.48,2979,141,1552,1065
1013,04003,376,107,269,85,22,1.78,2.18,107,0,15,70
1014,04005,11073,9987,1086,5151,4836,2.52,2.10,9987,554,3588,1563
1015,04006,122,27,95,27,0,2.00,-,27,0,5,22
1016,04008,1328,1196,132,1082,114,2.59,2.15,1196,0,719,363
1017,04009,4477,2245,2232,1882,363,2.11,2.99,2245,106,1098,784
1018,04010,938,613,325,512,101,2.26,4.95,613,13,278,234
1019,04011,9288,8716,572,6234,2482,2.40,2.01,8716,552,3483,2751
1020,04015,3027,1700,1327,1514,186,2.18,1.72,1700,110,825,689
1021,04017,582,302,280,207,95,2.04,1.51,302,8,97,110
1022,04019,80,39,41,39,0,1.21,-,39,23,12,27
1023,04020,815,704,111,587,117,2.48,2.51,704,27,407,180
1024,04021,2430,2339,91,1942,397,2.92,2.22,2339,131,1327,615
1025,04022,1027,431,596,389,42,2.69,2.10,431,10,233,156
1026,04024,255,193,62,159,34,2.86,2.62,193,0,92,67
1027,04027,2558,2277,281,1974,303,2.71,3.56,2277,91,1112,862
1028,04029,1517,836,681,696,140,2.21,2.74,836,9,446,250
1029,04030,994,735,259,633,102,3.18,2.16,735,0,630,3
1030,04032,4106,3427,679,2754,673,2.55,2.17,3427,74,1708,1046
1031,04037,2173,1458,715,1169,289,2.60,2.16,1458,104,764,405
1032,04038,6254,6092,162,5005,1087,2.83,2.26,6092,229,3794,1211
1033,04039,4107,3434,673,2677,757,2.29,2.13,3434,99,1705,972
1034,04040,2284,1390,894,1255,135,2.09,2.44,1390,28,615,640
1035,04041,875,617,258,503,114,2.62,3.11,617,29,251,252
1036,04042,2103,1882,221,1744,138,2.54,1.86,1882,76,1003,741
1037,04043,5740,4858,882,3696,1162,2.45,1.86,4858,218,2479,1217
1038,04046,4543,3201,1342,2625,576,2.55,1.96,3201,116,1797,828
1039,04047,1113,711,402,607,104,2.44,1.94,711,22,336,271
1040,04048,1622,1171,451,1021,150,2.78,2.10,1171,74,628,393
1041,04049,1723,1496,227,1379,117,2.57,2.87,1496,25,936,443
1042,04050,395,117,278,95,22,2.20,2.82,117,8,37,58
1043,04051,1298,530,768,473,57,2.58,1.81,530,8,229,244
1044,04055,3511,2006,1505,1740,266,2.05,1.24,2006,29,1113,627
1045,04056,60,39,21,39,0,2.46,-,39,0,21,18
1046,04057,116,116,0,116,0,1.50,-,116,0,116,0
1047,04061,1271,976,295,958,18,3.21,2.00,976,17,802,156
1048,04062,8046,7064,982,6167,897,2.53,2.35,7064,162,4451,1716
1049,04063,828,389,439,232,157,1.87,1.11,389,17,90,142
1050,04064,6361,4751,1610,3365,1386,1.79,1.61,4751,153,2022,1343
1051,04066,641,357,284,182,175,1.52,2.08,357,0,80,102
1052,04068,728,556,172,476,80,2.70,2.28,556,18,229,247
1053,04069,608,570,38,468,102,2.66,3.13,570,11,319,149
1054,04071,3929,2173,1756,1970,203,2.28,2.45,2173,65,1211,759
1055,04072,9410,8631,779,5880,2751,2.43,2.01,8631,387,4013,1867
1056,04073,7679,6997,682,4448,2549,2.46,2.30,6997,444,3131,1317
1057,04074,10074,8811,1263,7039,1772,2.63,1.60,8811,194,4751,2288
1058,04076,2009,1144,865,1057,87,2.52,3.06,1144,26,740,317
1059,04079,3195,1967,1228,1625,342,2.10,2.10,1967,21,870,755
1060,04083,2127,2037,90,1513,524,2.41,1.99,2037,140,1066,447
1061,04084,3628,2656,972,2424,232,2.55,2.19,2656,70,1688,736
1062,04085,1095,992,103,897,95,2.69,3.87,992,61,777,120
1063,04086,4494,4135,359,3194,941,2.33,2.08,4135,183,2027,1167
1064,04087,1167,924,243,841,83,2.64,4.00,924,13,633,208
1065,04088,986,532,454,459,73,2.36,2.38,532,20,235,224
1066,04090,9092,4904,4188,4136,768,2.29,2.19,4904,115,2411,1725
1067,04091,390,320,70,288,32,2.52,1.31,320,13,141,147
1068,04092,9464,8838,626,5849,2989,2.40,1.99,8838,493,4108,1741
1069,04093,3689,3325,364,2402,923,2.83,1.64,3325,258,1440,962
1070,04095,1149,708,441,676,32,2.28,2.41,708,67,457,219
1071,04096,3612,3463,149,2594,869,2.71,1.98,3463,89,1838,756
1072,04097,1594,1497,97,1227,270,2.72,2.55,1497,27,870,357
1073,04101,10803,9684,1119,2032,7652,2.15,1.66,9684,2586,1235,797
1074,04102,8405,7820,585,4050,3770,2.38,1.82,7820,1118,2789,1261
1075,04103,14108,13183,925,8025,5158,2.47,2.26,13183,1162,5592,2433
1076,04105,5084,4825,259,4167,658,2.63,1.75,4825,205,2571,1596
1077,04106,12524,11774,750,7566,4208,2.28,2.07,11774,778,5365,2201
1078,04107,4197,3893,304,3403,490,2.50,1.89,3893,193,2246,1157
1079,04108,1025,434,591,379,55,2.13,1.18,434,84,205,174
1080,04109,391,77,314,77,0,1.69,-,77,40,28,49
1081,04110,628,611,17,522,89,3.07,1.94,611,0,303,219
1082,04210,11085,10249,836,5948,4301,2.53,1.90,10249,1094,4063,1885
1083,04216,549,280,269,256,24,2.39,1.88,280,0,112,144
1084,04217,2762,1540,1222,1278,262,2.08,2.36,1540,94,591,687
1085,04219,1089,559,530,482,77,2.35,2.17,559,6,212,270
1086,04220,1604,1238,366,1150,88,2.80,3.08,1238,9,658,492
1087,04221,421,335,86,272,63,3.29,2.02,335,42,151,121
1088,04222,1706,1699,7,1586,113,2.45,2.48,1699,30,988,598
1089,04224,1431,1072,359,855,217,2.53,2.33,1072,38,395,460
1090,04226,50,33,17,30,3,2.47,2.00,33,3,10,20
1091,04227,17,17,0,17,0,1.88,-,17,0,0,17
1092,04231,297,94,203,80,14,3.00,1.21,94,3,32,48
1093,04234,0,0,0,0,0,-,-,0,0,0,0
1094,04236,1816,1661,155,1485,176,2.49,3.97,1661,29,1087,398
1095,04237,285,105,180,98,7,2.05,2.57,105,0,70,28
1096,04238,506,443,63,391,52,2.70,3.63,443,0,269,122
1097,04239,2135,1928,207,1702,226,2.33,3.04,1928,60,893,809
1098,04240,16483,15588,895,7770,7818,2.31,2.10,15588,2780,5029,2741
1099,04250,1995,1782,213,1382,400,2.64,1.92,1782,62,998,384
1100,04252,2047,1928,119,1465,463,2.71,2.33,1928,55,972,493
1101,04253,1061,761,300,723,38,2.47,2.21,761,16,448,275
1102,04254,1604,1412,192,797,615,2.21,2.10,1412,192,474,323
1103,04255,870,302,568,220,82,2.33,1.28,302,3,98,122
1104,04256,1261,1152,109,857,295,2.65,2.70,1152,30,540,317
1105,04257,1519,1136,383,847,289,2.59,1.86,1136,86,322,525
1106,04258,1097,1063,34,979,84,2.62,2.21,1063,46,661,318
1107,04259,1792,1412,380,1100,312,2.39,2.05,1412,15,913,187
1108,04260,2263,2093,170,1713,380,2.95,1.52,2093,16,1236,477
1109,04261,1705,158,1547,144,14,1.73,2.36,158,1,52,92
1110,04263,928,777,151,706,71,3.21,2.20,777,34,509,197
1111,04265,455,332,123,261,71,2.24,2.90,332,0,121,140
1112,04267,27,15,12,15,0,1.80,-,15,0,10,5
1113,04268,2619,1915,704,1287,628,2.77,2.24,1915,93,715,572
1114,04270,3111,2320,791,1966,354,2.62,3.08,2320,183,960,1006
1115,04271,0,0,0,0,0,-,-,0,0,0,0
1116,04274,2855,2348,507,2060,288,2.57,2.03,2348,15,1533,527
1117,04275,734,268,466,253,15,2.20,1.87,268,7,128,125
1118,04276,3441,2416,1025,1712,704,2.59,1.93,2416,233,877,835
1119,04280,3149,2989,160,2697,292,2.30,2.01,2989,151,1642,1055
1120,04281,2303,2063,240,1296,767,2.42,2.52,2063,89,764,532
1121,04282,2682,2361,321,1850,511,2.60,1.99,2361,23,1333,517
1122,04284,830,465,365,368,97,2.23,1.91,465,7,207,161
1123,04285,608,189,419,171,18,2.13,1.61,189,5,70,101
1124,04286,0,0,0,0,0,-,-,0,0,0,0
1125,04287,1370,1356,14,1266,90,2.31,2.37,1356,13,915,351
1126,04289,905,689,216,550,139,2.81,2.71,689,71,311,239
1127,04290,931,669,262,601,68,2.42,2.00,669,23,259,342
1128,04292,568,373,195,333,40,2.59,4.08,373,3,128,205
1129,04294,1789,1422,367,1050,372,2.94,2.34,1422,91,632,418
1130,04330,13452,12227,1225,7515,4712,2.26,1.75,12227,1398,5004,2511
1131,04341,0,0,0,0,0,-,-,0,0,0,0
1132,04342,829,717,112,624,93,2.71,2.09,717,48,386,238
1133,04344,1455,1381,74,923,458,2.25,1.90,1381,75,503,420
1134,04345,5402,4760,642,3615,1145,2.69,2.03,4760,364,2210,1405
1135,04346,858,792,66,561,231,2.04,1.96,792,45,275,286
1136,04347,1404,1289,115,644,645,2.19,1.65,1289,196,316,328
1137,04348,1889,1169,720,1001,168,2.80,3.56,1169,44,504,497
1138,04349,837,581,256,496,85,2.23,1.96,581,9,239,257
1139,04350,1904,1482,422,1372,110,2.43,2.14,1482,56,788,584
1140,04351,1150,974,176,790,184,2.61,1.86,974,24,555,235
1141,04352,1118,665,453,588,77,2.55,1.47,665,28,291,297
1142,04353,1034,895,139,836,59,2.52,2.44,895,34,493,343
1143,04354,999,618,381,589,29,2.26,2.69,618,3,359,230
1144,04355,1297,959,338,821,138,2.67,2.48,959,17,502,319
1145,04357,1656,1484,172,1045,439,2.43,2.14,1484,74,723,322
1146,04358,2358,1845,513,1655,190,2.34,2.49,1845,48,1177,478
1147,04359,153,127,26,58,69,2.00,2.28,127,0,58,0
1148,04360,429,229,200,215,14,2.60,3.07,229,4,110,105
1149,04363,1178,1051,127,870,181,2.51,2.39,1051,9,575,295
1150,04364,3113,2533,580,1933,600,2.58,1.70,2533,85,1457,476
1151,04401,20645,18773,1872,10384,8389,2.50,1.89,18773,2030,6238,4146
1152,04406,733,328,405,276,52,2.29,1.42,328,18,90,186
1153,04408,620,100,520,86,14,1.83,1.71,100,0,35,51
1154,04410,501,430,71,391,39,2.60,1.49,430,8,230,161
1155,04411,728,620,108,512,108,2.68,2.65,620,17,261,251
1156,04412,4379,4074,305,2342,1732,2.69,1.81,4074,371,1640,702
1157,04413,197,75,122,75,0,1.83,-,75,15,32,43
1158,04414,1389,667,722,602,65,2.23,1.75,667,13,272,330
1159,04415,133,116,17,81,35,1.84,4.37,116,0,27,54
1160,04416,2762,2327,435,1871,456,2.61,1.52,2327,199,1161,710
1161,04417,473,203,270,196,7,1.92,2.00,203,14,32,164
1162,04418,833,633,200,533,100,2.94,1.77,633,22,260,273
1163,04419,1260,1204,56,987,217,2.45,1.94,1204,43,691,296
1164,04421,647,256,391,186,70,2.39,2.21,256,24,112,74
1165,04422,545,400,145,377,23,2.51,1.83,400,3,185,192
1166,04424,930,378,552,309,69,2.33,1.77,378,10,135,174
1167,04426,3133,1969,1164,1297,672,2.46,1.82,1969,236,609,688
1168,04427,1184,1088,96,913,175,2.63,2.67,1088,42,559,354
1169,04428,1566,1267,299,1056,211,2.86,2.15,1267,40,581,475
1170,04429,2853,2102,751,1806,296,2.31,2.35,2102,68,1174,632
1171,04430,841,721,120,527,194,2.25,1.94,721,83,251,276
1172,04431,21,21,0,13,8,1.92,-,21,0,0,13
1173,04434,508,418,90,393,25,2.67,3.00,418,2,182,211
1174,04435,530,438,92,416,22,2.55,2.36,438,3,207,209
1175,04438,582,525,57,444,81,2.38,2.33,525,23,252,192
1176,04441,2392,757,1635,593,164,2.29,1.89,757,66,276,317
1177,04442,311,37,274,37,0,2.78,-,37,0,12,25
1178,04443,1651,916,735,689,227,2.43,1.80,916,35,329,360
1179,04444,3696,3541,155,2934,607,2.67,2.17,3541,34,1785,1149
1180,04448,708,561,147,455,106,2.51,2.25,561,25,212,243
1181,04449,672,490,182,442,48,2.26,2.92,490,10,243,199
1182,04450,621,553,68,451,102,2.68,2.27,553,18,225,226
1183,04451,186,119,67,109,10,1.84,-,119,0,44,65
1184,04453,393,287,106,205,82,2.30,3.20,287,14,85,120
1185,04454,13,13,0,13,0,2.00,-,13,0,0,13
1186,04455,508,260,248,224,36,2.90,1.42,260,5,102,122
1187,04456,1313,1164,149,970,194,2.49,2.57,1164,13,703,267
1188,04457,3543,2700,843,1970,730,2.23,1.69,2700,229,825,1145
1189,04459,489,323,166,272,51,2.30,2.16,323,8,90,182
1190,04460,698,598,100,510,88,2.31,1.85,598,1,143,367
1191,04461,1386,1197,189,1022,175,2.60,2.25,1197,114,638,384
1192,04462,3757,2349,1408,1882,467,1.99,1.56,2349,297,868,1014
1193,04463,1924,1153,771,863,290,2.37,2.71,1153,51,335,528
1194,04464,564,213,351,176,37,2.26,2.78,213,4,78,98
1195,04468,4613,3881,732,2565,1316,2.36,2.42,3881,310,1544,1021
1196,04469,0,0,0,0,0,-,-,0,0,0,0
1197,04471,557,240,317,231,9,2.26,-,240,23,96,135
1198,04472,1307,862,445,746,116,2.16,2.46,862,6,482,264
1199,04473,3997,3465,532,1749,1716,2.31,2.31,3465,250,1034,715
1200,04474,1660,1551,109,1369,182,2.43,2.44,1551,0,842,527
1201,04475,250,221,29,184,37,2.25,2.73,221,10,85,99
1202,04476,851,524,327,479,45,2.09,3.16,524,21,200,279
1203,04478,1035,186,849,146,40,2.04,1.73,186,0,47,99
1204,04479,941,585,356,462,123,2.25,2.29,585,53,176,286
1205,04481,367,230,137,220,10,2.26,2.30,230,0,129,91
1206,04485,214,66,148,57,9,2.54,1.56,66,4,20,37
1207,04487,1095,376,719,346,30,2.17,2.23,376,24,97,249
1208,04488,601,463,138,378,85,2.85,2.28,463,48,247,131
1209,04489,140,111,29,77,34,2.68,2.65,111,0,23,54
1210,04490,235,105,130,104,1,2.21,14.00,105,0,29,75
1211,04491,167,86,81,79,7,1.96,-,86,5,38,41
1212,04492,77,34,43,33,1,2.64,-,34,1,9,24
1213,04493,1258,764,494,686,78,2.48,1.91,764,22,348,338
1214,04495,223,187,36,162,25,2.15,1.76,187,7,32,130
1215,04496,1643,1587,56,1342,245,2.45,2.18,1587,35,822,520
1216,04497,339,173,166,151,22,2.10,1.68,173,21,50,101
1217,04530,5829,5008,821,3284,1724,2.47,1.82,5008,320,2113,1171
1218,04535,356,278,78,254,24,2.62,3.25,278,8,136,118
1219,04537,1072,660,412,593,67,2.17,2.46,660,26,446,147
1220,04538,1809,836,973,611,225,2.20,1.57,836,48,272,339
1221,04539,689,654,35,615,39,2.14,3.49,654,8,347,268
1222,04541,86,29,57,29,0,1.72,-,29,0,8,21
1223,04543,1335,917,418,542,375,2.23,2.29,917,88,316,226
1224,04544,1125,467,658,294,173,2.50,1.16,467,0,208,86
1225,04547,822,499,323,440,59,2.28,3.25,499,31,229,211
1226,04548,1001,458,543,375,83,2.18,1.43,458,0,208,167
1227,04551,593,279,314,266,13,2.48,3.31,279,2,124,142
1228,04553,922,778,144,602,176,2.49,1.65,778,63,434,168
1229,04554,985,326,659,289,37,1.81,2.97,326,0,144,145
1230,04555,1084,697,387,633,64,2.29,1.44,697,9,347,286
1231,04556,699,557,142,484,73,2.27,1.88,557,12,293,191
1232,04558,343,102,241,102,0,1.65,-,102,0,61,41
1233,04562,1820,1040,780,867,173,2.00,1.76,1040,46,513,354
1234,04563,967,645,322,552,93,2.16,2.11,645,16,300,252
1235,04564,499,207,292,200,7,2.38,2.00,207,0,105,95
1236,04568,842,257,585,144,113,2.20,1.50,257,0,42,102
1237,04570,121,0,121,0,0,-,-,0,0,0,0
1238,04571,414,309,105,275,34,2.04,1.79,309,0,229,46
1239,04572,2952,2639,313,2019,620,2.01,1.70,2639,388,1184,835
1240,04573,213,178,35,160,18,2.43,2.33,178,4,94,66
1241,04574,829,691,138,629,62,2.32,2.52,691,15,310,319
1242,04575,306,106,200,106,0,2.75,-,106,5,38,68
1243,04576,817,278,539,269,9,1.86,1.44,278,35,111,158
1244,04578,2410,1994,416,1517,477,2.17,2.41,1994,71,913,604
1245,04579,1382,1202,180,1071,131,2.63,2.09,1202,45,579,492
1246,04605,8926,6244,2682,4602,1642,2.37,1.82,6244,381,3007,1595
1247,04606,765,518,247,464,54,2.23,2.93,518,25,189,275
1248,04607,824,566,258,493,73,2.26,1.48,566,0,291,202
1249,04609,3339,2208,1131,1516,692,2.31,1.73,2208,169,922,594
1250,04611,322,190,132,149,41,2.46,2.44,190,4,76,73
1251,04612,384,222,162,209,13,2.54,1.15,222,3,122,87
1252,04613,87,42,45,42,0,2.50,-,42,0,0,42
1253,04614,1799,1228,571,801,427,2.40,1.94,1228,136,537,264
1254,04616,809,349,460,318,31,1.85,3.35,349,8,144,174
1255,04617,649,348,301,312,36,2.18,1.69,348,10,94,218
1256,04619,1952,1664,288,1185,479,1.85,1.48,1664,178,664,521
1257,04622,1276,397,879,288,109,2.36,1.61,397,50,126,162
1258,04623,620,366,254,299,67,2.92,2.24,366,10,142,157
1259,04624,225,103,122,94,9,2.36,-,103,4,34,60
1260,04625,199,32,167,26,6,1.85,-,32,6,5,21
1261,04626,412,240,172,209,31,2.42,2.48,240,16,91,118
1262,04627,1501,807,694,702,105,2.21,1.91,807,59,352,350
1263,04628,392,241,151,199,42,2.49,1.48,241,3,102,97
1264,04630,811,529,282,449,80,2.46,2.13,529,16,279,170
1265,04631,1024,599,425,464,135,1.99,1.90,599,49,180,284
1266,04634,1565,846,719,704,142,2.48,2.47,846,17,245,459
1267,04635,55,6,49,4,2,2.00,4.00,6,0,2,2
1268,04640,1448,1059,389,893,166,2.31,2.30,1059,5,605,288
1269,04642,297,78,219,69,9,1.80,1.56,78,0,32,37
1270,04643,631,320,311,257,63,2.54,2.95,320,13,140,117
1271,04645,133,22,111,16,6,1.31,1.50,22,0,13,3
1272,04646,169,41,128,36,5,1.69,-,41,12,18,18
1273,04648,364,263,101,205,58,2.53,2.83,263,19,102,103
1274,04649,897,541,356,356,185,2.34,1.74,541,62,159,197
1275,04650,366,133,233,120,13,2.20,-,133,4,40,80
1276,04652,1322,727,595,599,128,2.06,1.48,727,86,222,377
1277,04653,529,318,211,196,122,2.11,2.03,318,21,90,106
1278,04654,1888,1282,606,882,400,2.68,1.69,1282,204,477,405
1279,04655,617,396,221,272,124,2.20,2.33,396,17,144,128
1280,04657,436,144,292,129,15,2.25,1.33,144,4,53,76
1281,04658,899,536,363,432,104,2.16,3.14,536,21,158,274
1282,04660,1128,502,626,455,47,2.26,1.81,502,0,218,237
1283,04662,726,238,488,159,79,2.36,1.84,238,10,75,84
1284,04664,766,482,284,387,95,3.03,2.72,482,11,223,164
1285,04666,756,517,239,439,78,2.49,2.83,517,22,204,235
1286,04667,766,536,230,400,136,2.62,2.57,536,56,143,257
1287,04668,1271,760,511,561,199,2.30,2.87,760,99,179,382
1288,04669,219,56,163,39,17,2.28,2.06,56,0,23,16
1289,04671,337,217,120,188,29,2.60,2.03,217,3,98,90
1290,04673,167,68,99,68,0,2.41,-,68,0,25,43
1291,04674,347,111,236,99,12,2.39,1.50,111,3,54,45
1292,04675,288,80,208,65,15,1.55,2.13,80,15,24,41
1293,04676,752,575,177,455,120,2.31,1.14,575,16,291,164
1294,04677,317,131,186,98,33,1.98,2.21,131,0,53,45
1295,04679,1440,708,732,444,264,2.35,1.77,708,65,181,263
1296,04680,843,514,329,448,66,2.56,2.26,514,30,190,258
1297,04681,909,477,432,350,127,1.87,1.83,477,29,114,236
1298,04683,21,0,21,0,0,-,-,0,0,0,0
1299,04684,1307,858,449,675,183,2.27,1.62,858,39,391,284
1300,04685,496,195,301,175,20,2.22,2.35,195,4,99,76
1301,04686,260,66,194,45,21,2.73,1.67,66,3,17,28
1302,04691,370,188,182,156,32,2.40,2.56,188,3,70,86
1303,04693,496,230,266,187,43,1.96,2.05,230,8,87,100
1304,04694,1405,944,461,756,188,2.46,2.12,944,87,344,412
1305,04730,4865,4032,833,2893,1139,2.57,2.03,4032,308,1684,1209
1306,04732,1007,731,276,490,241,2.34,1.60,731,28,210,280
1307,04733,218,156,62,118,38,1.99,1.47,156,5,58,60
1308,04734,380,339,41,315,24,2.75,1.92,339,10,137,178
1309,04735,306,203,103,179,24,2.42,1.63,203,14,65,114
1310,04736,4659,4139,520,2980,1159,2.24,1.91,4139,460,1541,1439
1311,04737,10,0,10,0,0,-,-,0,0,0,0
1312,04739,894,331,563,276,55,2.29,1.53,331,26,106,170
1313,04740,682,594,88,483,111,2.67,1.48,594,33,139,344
1314,04742,1634,1303,331,1014,289,2.73,1.85,1303,128,578,436
1315,04743,2331,1939,392,1494,445,2.41,1.86,1939,94,859,635
1316,04745,443,376,67,330,46,2.20,1.35,376,15,206,124
1317,04746,262,201,61,169,32,2.24,1.25,201,14,82,87
1318,04747,996,562,434,475,87,2.47,1.97,562,35,200,275
1319,04750,1106,777,329,463,314,2.38,1.93,777,84,218,245
1320,04756,1818,1510,308,968,542,2.45,1.37,1510,224,500,468
1321,04757,1295,1089,206,895,194,2.39,2.39,1089,40,551,344
1322,04758,642,532,110,364,168,2.47,2.38,532,23,138,226
1323,04760,416,317,99,268,49,2.29,1.35,317,34,107,161
1324,04761,349,172,177,131,41,2.77,2.54,172,5,65,66
1325,04762,307,200,107,161,39,2.45,1.85,200,11,70,91
1326,04763,473,304,169,243,61,2.40,1.59,304,26,111,132
1327,04764,90,13,77,11,2,1.73,-,13,0,5,6
1328,04765,951,461,490,355,106,2.19,2.16,461,46,161,194
1329,04766,197,157,40,131,26,2.35,2.23,157,13,57,74
1330,04768,521,178,343,158,20,2.06,1.90,178,3,78,80
1331,04769,4630,4157,473,2352,1805,2.09,1.95,4157,415,1233,1119
1332,04772,534,396,138,339,57,2.37,1.63,396,22,199,140
1333,04773,538,295,243,262,33,2.26,1.39,295,0,181,81
1334,04774,674,312,362,257,55,2.07,1.40,312,35,127,130
1335,04776,464,325,139,303,22,2.99,2.77,325,23,99,204
1336,04777,242,152,90,127,25,2.69,3.36,152,15,45,82
1337,04779,606,171,435,164,7,1.97,2.57,171,0,65,99
1338,04780,459,335,124,299,36,2.70,3.56,335,18,149,150
1339,04781,303,213,90,192,21,2.60,1.10,213,21,99,93
1340,04783,542,199,343,175,24,2.21,2.88,199,14,71,104
1341,04785,1253,857,396,533,324,2.47,1.53,857,134,215,318
1342,04786,851,743,108,560,183,2.55,1.57,743,36,284,276
1343,04787,218,179,39,166,13,2.42,2.77,179,8,81,85
1344,04841,4027,3367,660,2084,1283,2.12,1.83,3367,420,1264,820
1345,04843,3361,2373,988,1745,628,2.40,1.47,2373,210,926,819
1346,04847,846,665,181,600,65,2.62,2.28,665,15,415,185
1347,04848,788,329,459,312,17,1.80,1.41,329,2,134,178
1348,04849,2520,1672,848,1471,201,2.34,1.93,1672,4,898,573
1349,04851,191,34,157,34,0,2.03,-,34,4,23,11
1350,04852,139,43,96,34,9,3.15,1.89,43,18,25,9
1351,04853,554,198,356,148,50,2.49,2.16,198,9,82,66
1352,04854,1207,696,511,535,161,2.22,1.55,696,14,247,288
1353,04855,287,159,128,159,0,1.65,-,159,12,147,12
1354,04856,1757,1364,393,1103,261,2.60,2.62,1364,64,668,435
1355,04858,799,558,241,493,65,2.52,1.58,558,23,304,189
1356,04859,490,371,119,315,56,2.09,2.21,371,0,130,185
1357,04860,1494,825,669,736,89,1.90,2.12,825,11,280,456
1358,04861,1393,1308,85,951,357,2.16,1.86,1308,28,521,430
1359,04862,1985,1718,267,1452,266,2.53,1.92,1718,128,867,585
1360,04863,1208,479,729,399,80,2.10,1.90,479,13,163,236
1361,04864,1897,1557,340,1496,61,2.30,3.31,1557,12,1118,378
1362,04901,11870,10942,928,6550,4392,2.40,1.94,10942,1265,3908,2642
1363,04910,936,862,74,672,190,2.82,2.29,862,29,319,353
1364,04911,992,806,186,629,177,2.13,2.46,806,50,278,351
1365,04912,497,282,215,245,37,2.64,2.78,282,25,122,123
1366,04915,5043,4174,869,2896,1278,2.19,1.95,4174,488,1647,1249
1367,04917,2262,1308,954,1225,83,2.51,1.51,1308,9,770,455
1368,04918,40,0,40,0,0,-,-,0,0,0,0
1369,04920,1327,840,487,611,229,2.16,1.36,840,36,217,394
1370,04921,882,664,218,544,120,2.38,2.42,664,21,321,223
1371,04922,569,412,157,356,56,2.31,1.54,412,28,194,162
1372,04923,296,232,64,221,11,2.40,2.55,232,9,145,76
1373,04924,1112,920,192,739,181,2.35,3.51,920,80,439,300
1374,04925,222,11,211,11,0,2.82,-,11,0,0,11
1375,04926,10,10,0,10,0,4.30,-,10,0,10,0
1376,04927,1677,1462,215,1251,211,2.34,2.08,1462,101,626,625
1377,04928,1019,868,151,752,116,2.27,2.46,868,18,381,371
1378,04929,371,322,49,218,104,2.32,2.41,322,8,102,116
1379,04930,2650,1954,696,1498,456,2.16,2.02,1954,145,670,828
1380,04932,592,514,78,434,80,2.31,2.61,514,15,245,189
1381,04936,737,112,625,85,27,1.65,1.44,112,15,39,46
1382,04937,3040,2891,149,2215,676,2.33,1.74,2891,182,1358,857
1383,04938,4684,3771,913,2286,1485,2.59,1.92,3771,574,1330,956
1384,04939,471,394,77,338,56,2.13,1.61,394,28,152,186
1385,04940,27,0,27,0,0,-,-,0,0,0,0
1386,04941,880,732,148,607,125,2.48,1.88,732,24,295,312
1387,04942,1087,528,559,422,106,2.09,1.60,528,20,166,256
1388,04943,1121,756,365,599,157,2.19,1.94,756,46,229,370
1389,04944,32,32,0,32,0,1.88,-,32,0,32,0
1390,04945,1268,580,688,479,101,2.04,1.52,580,11,155,324
1391,04947,2843,790,2053,705,85,1.94,1.53,790,100,308,397
1392,04949,706,335,371,312,23,2.09,3.48,335,15,185,127
1393,04950,2575,1995,580,1518,477,2.29,2.20,1995,115,805,713
1394,04951,513,475,38,402,73,2.23,2.63,475,11,176,226
1395,04952,843,796,47,670,126,2.32,2.27,796,18,398,272
1396,04953,1824,1425,399,1092,333,2.38,1.58,1425,181,657,435
1397,04955,717,571,146,536,35,2.41,2.86,571,8,238,298
1398,04956,454,275,179,239,36,2.72,2.61,275,8,90,149
1399,04957,1994,1642,352,1304,338,2.47,2.64,1642,52,691,613
1400,04958,1516,832,684,768,64,2.40,1.86,832,39,332,436
1401,04961,1076,397,679,363,34,1.91,2.79,397,11,117,246
1402,04963,4322,3086,1236,2730,356,2.40,1.95,3086,125,1767,963
1403,04964,973,84,889,80,4,1.66,1.75,84,0,51,29
1404,04965,870,817,53,660,157,2.80,2.38,817,43,333,327
1405,04966,1192,703,489,600,103,2.30,2.43,703,79,298,302
1406,04967,1712,1503,209,995,508,2.76,2.08,1503,248,594,401
1407,04969,569,462,107,395,67,2.39,3.19,462,3,238,157
1408,04970,2449,733,1716,558,175,2.09,1.97,733,36,346,212
1409,04971,1174,767,407,677,90,2.51,1.44,767,51,343,334
1410,04973,709,546,163,471,75,2.56,1.93,546,10,248,223
1411,04974,1616,1386,230,889,497,2.00,1.76,1386,104,421,468
1412,04975,33,33,0,33,0,1.48,-,33,0,17,16
1413,04976,4822,4301,521,3013,1288,2.52,1.82,4301,430,1689,1324
1414,04978,709,427,282,384,43,2.18,2.28,427,10,256,128
1415,04979,575,354,221,319,35,2.20,2.00,354,15,137,182
1416,04981,1422,1223,199,1055,168,2.18,1.76,1223,23,546,509
1417,04982,626,227,399,130,97,2.45,1.73,227,39,70,60
1418,04983,978,602,376,547,55,2.38,2.73,602,21,351,196
1419,04984,368,269,99,231,38,2.77,3.76,269,15,136,95
1420,04985,495,52,443,46,6,2.04,1.67,52,2,29,17
1421,04986,789,642,147,524,118,3.71,2.23,642,56,245,279
1422,04987,494,404,90,366,38,2.32,3.34,404,4,183,183
1423,04988,945,708,237,532,176,2.50,1.85,708,104,322,210
1424,04989,2221,1963,258,1589,374,2.38,1.86,1963,42,883,706
1425,04992,112,112,0,112,0,1.71,-,112,53,112,0
1426,05001,4910,4128,782,3010,1118,2.31,2.01,4128,327,1810,1200
1427,05009,0,0,0,0,0,-,-,0,0,0,0
1428,05030,111,111,0,111,0,2.31,-,111,0,73,38
1429,05031,118,10,108,10,0,1.90,-,10,0,0,10
1430,05032,1358,1062,296,858,204,2.46,2.66,1062,25,511,347
1431,05033,1424,1272,152,894,378,2.18,2.44,1272,50,541,353
1432,05034,181,98,83,42,56,2.55,1.41,98,29,29,13
1433,05035,480,321,159,292,29,2.26,1.31,321,11,155,137
1434,05036,634,485,149,422,63,2.17,2.29,485,21,246,176
1435,05037,685,375,310,340,35,2.70,1.97,375,0,159,181
1436,05038,760,593,167,473,120,2.33,2.63,593,30,217,256
1437,05039,577,472,105,439,33,2.13,2.61,472,38,255,184
1438,05040,319,281,38,250,31,2.55,1.61,281,0,120,130
1439,05041,88,67,21,9,58,3.11,3.24,67,0,6,3
1440,05042,372,277,95,234,43,2.10,2.19,277,3,139,95
1441,05043,580,537,43,454,83,2.12,2.52,537,0,362,92
1442,05045,1009,776,233,647,129,2.00,2.57,776,11,377,270
1443,05046,770,512,258,447,65,2.62,2.29,512,39,254,193
1444,05048,1423,1176,247,978,198,2.52,2.14,1176,14,565,413
1445,05050,83,55,28,23,32,2.91,1.44,55,0,14,9
1446,05051,729,521,208,394,127,2.37,2.24,521,23,230,164
1447,05052,102,75,27,41,34,3.05,1.74,75,0,11,30
1448,05053,136,110,26,92,18,2.66,4.28,110,0,56,36
1449,05055,1342,1220,122,909,311,2.93,2.30,1220,29,471,438
1450,05056,580,145,435,112,33,2.30,2.18,145,0,53,59
1451,05058,85,72,13,52,20,2.42,2.30,72,0,40,12
1452,05059,791,278,513,219,59,1.39,4.05,278,0,67,152
1453,05060,2423,2035,388,1541,494,2.24,2.01,2035,135,967,574
1454,05061,636,580,56,475,105,2.37,2.47,580,0,225,250
1455,05062,348,190,158,175,15,2.43,1.53,190,0,82,93
1456,05065,520,441,79,310,131,2.49,3.24,441,21,175,135
1457,05067,123,71,52,65,6,2.29,-,71,0,30,35
1458,05068,1789,1309,480,989,320,2.42,2.40,1309,11,529,460
1459,05069,329,271,58,255,16,2.10,7.25,271,0,120,135
1460,05070,236,181,55,141,40,2.54,2.10,181,2,65,76
1461,05071,230,71,159,71,0,1.73,-,71,0,54,17
1462,05072,315,260,55,241,19,2.26,1.58,260,0,95,146
1463,05073,0,0,0,0,0,-,-,0,0,0,0
1464,05075,558,480,78,436,44,2.36,2.23,480,0,240,196
1465,05076,299,200,99,172,28,2.49,2.57,200,19,63,109
1466,05077,613,486,127,399,87,2.51,2.37,486,0,230,169
1467,05079,503,384,119,348,36,2.00,3.53,384,3,196,152
1468,05081,446,254,192,176,78,2.60,1.96,254,28,104,72
1469,05083,83,83,0,59,24,2.07,4.08,83,3,18,41
1470,05084,37,28,9,28,0,3.14,-,28,0,4,24
1471,05086,345,223,122,193,30,2.61,2.13,223,13,136,57
1472,05088,491,465,26,408,57,2.28,1.86,465,0,237,171
1473,05089,2359,2014,345,1404,610,2.11,1.91,2014,153,743,661
1474,05091,2280,1594,686,1257,337,2.45,1.75,1594,51,735,522
1475,05101,2195,1799,396,1118,681,2.38,2.18,1799,187,677,441
1476,05141,80,80,0,48,32,2.00,2.13,80,25,34,14
1477,05142,470,260,210,213,47,3.12,2.64,260,4,117,96
1478,05143,2717,1891,826,1510,381,2.51,2.37,1891,105,673,837
1479,05146,416,224,192,204,20,2.54,1.20,224,0,138,66
1480,05148,1113,577,536,486,91,2.22,3.43,577,1,235,251
1481,05149,3460,964,2496,648,316,2.24,2.26,964,57,339,309
1482,05150,320,257,63,242,15,1.57,-,257,0,58,184
1483,05151,847,609,238,589,20,2.80,3.50,609,4,295,294
1484,05152,708,172,536,155,17,2.69,2.35,172,6,93,62
1485,05153,587,271,316,213,58,2.62,3.52,271,5,74,139
1486,05154,257,243,14,86,157,1.70,2.16,243,8,35,51
1487,05155,1748,330,1418,224,106,2.54,1.28,330,3,117,107
1488,05156,4526,3924,602,2807,1117,2.34,2.02,3924,368,1606,1201
1489,05158,437,429,8,390,39,2.60,2.54,429,14,247,143
1490,05161,581,288,293,253,35,2.36,5.20,288,5,137,116
1491,05201,6906,5984,922,3794,2190,2.51,2.08,5984,788,2257,1537
1492,05250,1840,1327,513,1126,201,2.55,2.83,1327,25,720,406
1493,05251,1120,626,494,559,67,2.65,1.28,626,3,340,219
1494,05252,239,171,68,157,14,3.46,2.50,171,4,117,40
1495,05253,382,257,125,194,63,2.23,1.22,257,7,96,98
1496,05254,452,149,303,144,5,2.36,9.00,149,0,96,48
1497,05255,2622,1815,807,1234,581,2.39,1.96,1815,192,671,563
1498,05257,1145,946,199,698,248,2.86,2.50,946,56,361,337
1499,05260,237,167,70,167,0,2.40,-,167,6,64,103
1500,05261,952,820,132,725,95,2.90,2.02,820,34,312,413
1501,05262,1002,755,247,674,81,2.78,3.98,755,21,496,178
1502,05301,8543,7388,1155,4521,2867,2.38,1.86,7388,604,2893,1628
1503,05340,1618,272,1346,249,23,2.49,1.22,272,8,165,84
1504,05341,344,247,97,152,95,2.45,2.41,247,5,98,54
1505,05342,413,232,181,205,27,2.76,1.59,232,5,73,132
1506,05343,1228,430,798,376,54,2.16,2.11,430,7,205,171
1507,05344,0,0,0,0,0,-,-,0,0,0,0
1508,05345,1074,790,284,658,132,2.28,2.36,790,16,441,217
1509,05346,2285,1998,287,1616,382,2.31,2.21,1998,68,909,707
1510,05350,516,314,202,261,53,2.52,1.81,314,18,138,123
1511,05351,173,149,24,140,9,1.84,-,149,0,84,56
1512,05352,429,351,78,331,20,2.54,2.00,351,13,200,131
1513,05353,817,569,248,452,117,2.57,2.38,569,47,186,266
1514,05354,928,876,52,621,255,3.02,2.59,876,55,391,230
1515,05355,755,307,448,294,13,2.61,1.54,307,3,145,149
1516,05356,2622,323,2299,258,65,1.74,1.23,323,9,131,127
1517,05358,215,141,74,122,19,3.06,1.21,141,5,53,69
1518,05359,452,232,220,180,52,2.52,3.25,232,2,104,76
1519,05360,366,119,247,97,22,3.62,1.27,119,0,77,20
1520,05361,622,371,251,321,50,3.17,1.94,371,5,173,148
1521,05362,194,130,64,110,20,1.97,2.30,130,0,39,71
1522,05363,2507,930,1577,646,284,2.12,2.20,930,46,279,367
1523,05401,13597,13031,566,3610,9421,2.23,2.06,13031,2260,2420,1190
1524,05403,9017,8651,366,5217,3434,2.41,2.06,8651,648,3795,1422
1525,05404,3797,3628,169,1271,2357,2.33,2.18,3628,436,911,360
1526,05405,0,0,0,0,0,-,-,0,0,0,0
1527,05408,4323,4219,104,2998,1221,2.42,2.06,4219,348,1899,1099
1528,05439,0,0,0,0,0,-,-,0,0,0,0
1529,05440,1463,764,699,610,154,2.42,2.00,764,6,268,342
1530,05441,292,238,54,231,7,2.42,2.29,238,0,142,89
1531,05442,233,179,54,172,7,2.21,2.86,179,6,103,69
1532,05443,2953,2691,262,2154,537,2.41,2.18,2691,94,1364,790
1533,05444,608,590,18,480,110,2.71,1.94,590,9,314,166
1534,05445,2054,1717,337,1551,166,2.29,2.10,1717,23,951,600
1535,05446,7610,6733,877,4757,1976,2.39,2.11,6733,227,3313,1444
1536,05447,48,39,9,30,9,2.67,2.56,39,0,11,19
1537,05448,387,344,43,330,14,2.30,2.50,344,0,206,124
1538,05450,2270,1864,406,1528,336,2.86,2.42,1864,55,1002,526
1539,05452,9547,9365,182,6266,3099,2.59,1.90,9365,619,4368,1898
1540,05454,2151,2100,51,1662,438,2.67,2.06,2100,132,1423,239
1541,05455,473,458,15,380,78,3.22,1.86,458,27,281,99
1542,05456,486,402,84,352,50,2.35,2.40,402,8,298,54
1543,05457,860,567,293,464,103,2.66,2.67,567,17,311,153
1544,05458,1187,873,314,736,137,2.75,1.79,873,30,568,168
1545,05459,652,609,43,508,101,2.29,3.76,609,27,337,171
1546,05461,2169,2079,90,1653,426,2.35,2.16,2079,66,900,753
1547,05462,764,718,46,637,81,2.39,1.41,718,20,376,261
1548,05463,485,213,272,197,16,2.49,3.13,213,2,114,83
1549,05464,1458,1131,327,818,313,2.92,2.46,1131,84,589,229
1550,05465,2287,2236,51,2055,181,2.49,2.29,2236,14,1514,541
1551,05468,5047,4814,233,4160,654,2.76,2.41,4814,90,2855,1305
1552,05471,681,407,274,320,87,2.03,1.05,407,0,159,161
1553,05472,820,811,9,675,136,2.63,1.78,811,4,428,247
1554,05473,786,580,206,449,131,2.45,2.29,580,8,275,174
1555,05474,1134,528,606,510,18,2.24,3.78,528,19,331,179
1556,05476,1486,1219,267,804,415,2.66,2.63,1219,132,468,336
1557,05477,2110,1943,167,1490,453,2.45,1.60,1943,10,1011,479
1558,05478,7241,6395,846,4328,2067,2.62,2.14,6395,514,2900,1428
1559,05481,0,0,0,0,0,-,-,0,0,0,0
1560,05482,3498,3180,318,2360,820,2.67,1.47,3180,175,1655,705
1561,05483,725,545,180,497,48,2.43,2.73,545,29,352,145
1562,05485,0,0,0,0,0,-,-,0,0,0,0
1563,05486,1048,581,467,483,98,2.77,2.58,581,15,292,191
1564,05487,690,596,94,543,53,2.78,3.40,596,7,287,256
1565,05488,3947,2960,987,2433,527,2.72,2.98,2960,125,1545,888
1566,05489,1426,1408,18,1189,219,2.31,3.70,1408,47,826,363
1567,05491,2955,2456,499,1812,644,2.51,2.21,2456,110,1082,730
1568,05492,409,384,25,304,80,2.23,2.23,384,3,210,94
1569,05494,601,568,33,526,42,2.72,2.24,568,4,377,149
1570,05495,4768,4368,400,3505,863,2.56,1.89,4368,50,2560,945
1571,05602,6168,5734,434,3715,2019,2.36,1.74,5734,486,2413,1302
1572,05640,85,75,10,63,12,3.05,4.17,75,0,62,1
1573,05641,7845,7371,474,4875,2496,2.28,2.06,7371,1038,2996,1879
1574,05647,616,462,154,398,64,2.69,2.08,462,6,256,142
1575,05648,282,211,71,171,40,2.59,3.65,211,3,103,68
1576,05649,224,192,32,136,56,2.45,3.55,192,0,59,77
1577,05650,617,421,196,361,60,2.12,3.13,421,11,155,206
1578,05651,662,551,111,507,44,2.58,1.61,551,22,281,226
1579,05652,352,326,26,252,74,2.10,2.77,326,5,167,85
1580,05653,369,245,124,196,49,2.58,2.29,245,0,172,24
1581,05654,643,607,36,330,277,2.81,1.39,607,11,220,110
1582,05655,1350,1241,109,1095,146,2.44,2.13,1241,39,662,433
1583,05656,1351,1284,67,774,510,2.45,2.23,1284,112,537,237
1584,05658,682,609,73,564,45,2.88,2.16,609,16,347,217
1585,05660,865,733,132,657,76,2.38,2.03,733,21,416,241
1586,05661,3060,2699,361,1910,789,2.37,1.81,2699,145,1042,868
1587,05663,2494,2211,283,1569,642,2.54,1.97,2211,106,995,574
1588,05664,0,0,0,0,0,-,-,0,0,0,0
1589,05666,18,18,0,14,4,2.57,3.25,18,0,3,11
1590,05667,1101,962,139,748,214,2.38,1.66,962,37,443,305
1591,05669,460,319,141,271,48,2.81,2.21,319,0,112,159
1592,05670,39,39,0,9,30,8.89,-,39,0,9,0
1593,05672,4339,2497,1842,1808,689,2.25,1.82,2497,224,1124,684
1594,05673,1977,1129,848,857,272,2.19,1.71,1129,19,463,394
1595,05674,2626,702,1924,635,67,2.42,1.43,702,16,404,231
1596,05675,516,418,98,401,17,2.28,-,418,10,228,173
1597,05676,2208,2026,182,1374,652,2.45,1.99,2026,178,974,400
1598,05677,1008,865,143,725,140,2.90,1.44,865,46,476,249
1599,05678,34,34,0,34,0,2.38,-,34,0,26,8
1600,05679,1299,1195,104,1042,153,2.54,2.65,1195,68,650,392
1601,05680,1008,888,120,714,174,2.52,2.25,888,53,507,207
1602,05681,252,59,193,53,6,2.47,1.33,59,0,26,27
1603,05682,615,517,98,431,86,2.49,2.58,517,10,246,185
1604,05701,10580,9378,1202,5637,3741,2.45,1.62,9378,1081,3459,2178
1605,05730,351,153,198,135,18,2.41,1.83,153,0,64,71
1606,05731,7,0,7,0,0,-,-,0,0,0,0
1607,05732,864,496,368,357,139,2.59,1.14,496,57,285,72
1608,05733,3315,2505,810,2043,462,2.56,1.73,2505,112,1192,851
1609,05734,667,526,141,392,134,2.38,2.33,526,18,204,188
1610,05735,1815,1349,466,1088,261,2.31,2.05,1349,42,559,529
1611,05736,302,239,63,152,87,2.28,2.78,239,0,66,86
1612,05737,300,242,58,209,33,2.69,1.70,242,1,124,85
1613,05738,633,468,165,427,41,2.53,3.66,468,11,223,204
1614,05739,703,521,182,428,93,2.22,2.76,521,10,275,153
1615,05742,370,230,140,186,44,2.77,1.68,230,5,117,69
1616,05743,1945,1549,396,1220,329,2.89,2.12,1549,80,794,426
1617,05744,222,183,39,131,52,2.15,2.15,183,0,58,73
1618,05746,0,0,0,0,0,-,-,0,0,0,0
1619,05747,226,139,87,112,27,2.22,1.89,139,1,60,52
1620,05748,287,234,53,135,99,2.23,1.76,234,5,86,49
1621,05751,2718,311,2407,261,50,2.18,1.82,311,3,82,179
1622,05753,4187,3610,577,2435,1175,2.38,1.70,3610,271,1445,990
1623,05757,405,318,87,284,34,2.60,1.97,318,5,143,141
1624,05758,493,243,250,221,22,2.68,1.73,243,7,128,93
1625,05759,788,719,69,550,169,2.69,2.09,719,75,297,253
1626,05760,536,355,181,325,30,2.16,3.47,355,15,200,125
1627,05761,662,420,242,356,64,2.28,1.78,420,13,207,149
1628,05762,377,193,184,158,35,1.91,2.03,193,8,78,80
1629,05763,1389,1225,164,1044,181,2.40,2.74,1225,21,528,516
1630,05764,1409,1060,349,832,228,2.73,1.99,1060,106,497,335
1631,05765,732,668,64,564,104,2.85,2.19,668,34,305,259
1632,05766,324,243,81,207,36,2.14,2.97,243,0,158,49
1633,05767,1007,684,323,601,83,1.87,1.34,684,47,315,286
1634,05768,14,14,0,11,3,3.00,2.00,14,0,8,3
1635,05769,677,479,198,388,91,2.39,2.86,479,16,222,166
1636,05770,521,442,79,355,87,2.58,2.02,442,19,248,107
1637,05772,641,368,273,327,41,2.11,2.39,368,2,188,139
1638,05773,1159,887,272,702,185,2.47,3.84,887,28,444,258
1639,05774,851,388,463,308,80,2.40,2.81,388,0,143,165
1640,05775,341,237,104,181,56,2.24,4.23,237,5,105,76
1641,05776,244,146,98,117,29,2.25,4.28,146,2,86,31
1642,05777,1492,1400,92,1137,263,2.42,2.14,1400,58,668,469
1643,05778,356,327,29,219,108,2.58,2.42,327,39,145,74
1644,05819,4354,3868,486,2508,1360,2.42,2.13,3868,456,1526,982
1645,05820,226,156,70,143,13,2.69,-,156,0,95,48
1646,05821,630,363,267,328,35,2.55,2.29,363,5,169,159
1647,05822,1256,810,446,653,157,1.97,2.07,810,52,375,278
1648,05824,646,512,134,445,67,2.19,2.24,512,23,245,200
1649,05825,38,31,7,24,7,2.29,-,31,0,15,9
1650,05826,448,311,137,272,39,2.05,2.85,311,13,107,165
1651,05827,220,159,61,136,23,2.54,3.13,159,5,35,101
1652,05828,974,847,127,667,180,2.39,1.70,847,103,307,360
1653,05829,1103,745,358,543,202,1.90,2.21,745,24,204,339
1654,05830,837,635,202,486,149,2.06,2.19,635,62,230,256
1655,05832,670,403,267,387,16,2.84,-,403,0,216,171
1656,05833,18,18,0,14,4,2.43,2.00,18,4,9,5
1657,05836,631,543,88,503,40,2.56,2.13,543,6,255,248
1658,05837,300,160,140,142,18,2.11,3.56,160,11,77,65
1659,05839,429,242,187,215,27,2.65,3.59,242,10,159,56
1660,05840,75,19,56,15,4,1.80,4.25,19,0,1,14
1661,05841,620,180,440,157,23,1.98,1.30,180,7,82,75
1662,05842,279,223,56,182,41,2.51,2.66,223,4,124,58
1663,05843,1251,1005,246,830,175,2.44,1.82,1005,68,354,476
1664,05845,670,528,142,477,51,2.47,2.76,528,9,285,192
1665,05846,1057,625,432,397,228,2.15,1.72,625,73,239,158
1666,05847,529,326,203,270,56,3.04,2.11,326,9,153,117
1667,05850,56,56,0,37,19,4.49,2.21,56,0,37,0
1668,05851,2837,2495,342,1857,638,2.22,2.18,2495,253,1053,804
1669,05853,767,323,444,301,22,2.23,2.27,323,4,182,119
1670,05855,3927,3279,648,2360,919,2.42,1.83,3279,396,1331,1029
1671,05857,699,572,127,482,90,2.46,1.78,572,57,277,205
1672,05858,318,138,180,126,12,2.17,2.42,138,2,43,83
1673,05859,1514,877,637,749,128,2.48,2.98,877,28,463,286
1674,05860,1651,1140,511,890,250,2.77,2.06,1140,56,548,342
1675,05862,319,160,159,131,29,2.27,1.31,160,23,63,68
1676,05866,432,301,131,249,52,2.36,3.17,301,33,116,133
1677,05867,393,271,122,227,44,2.66,3.02,271,0,122,105
1678,05868,35,35,0,35,0,2.74,-,35,0,7,28
1679,05871,911,556,355,446,110,2.53,2.11,556,14,283,163
1680,05872,574,411,163,364,47,2.07,3.64,411,8,169,195
1681,05873,641,344,297,259,85,1.97,1.58,344,0,147,112
1682,05874,301,215,86,181,34,2.98,2.12,215,5,131,50
1683,05875,353,199,154,196,3,2.17,1.67,199,4,145,51
1684,05901,243,9,234,9,0,1.78,-,9,0,0,9
1685,05902,70,57,13,54,3,1.85,4.00,57,8,20,34
1686,05903,561,351,210,318,33,2.14,1.79,351,7,147,171
1687,05904,123,95,28,55,40,1.62,2.63,95,0,20,35
1688,05905,890,414,476,376,38,2.05,2.34,414,6,173,203
1689,05906,720,527,193,464,63,2.59,2.65,527,12,240,224
1690,05907,235,56,179,50,6,1.94,-,56,4,24,26
1691,06001,7959,7570,389,6338,1232,2.59,2.03,7570,173,4217,2121
1692,06002,9377,8802,575,6051,2751,2.64,1.79,8802,800,4254,1797
1693,06010,26728,24557,2171,15706,8851,2.59,2.18,24557,1974,11175,4531
1694,06013,3560,3318,242,3072,246,2.91,2.29,3318,61,2205,867
1695,06016,2870,2730,140,2014,716,2.65,2.22,2730,57,1495,519
1696,06018,1241,1055,186,607,448,2.90,1.64,1055,191,453,154
1697,06019,4414,4173,241,3363,810,2.60,1.39,4173,359,2391,972
1698,06020,19,19,0,19,0,1.95,-,19,0,0,19
1699,06021,723,598,125,554,44,2.29,2.61,598,27,297,257
1700,06022,23,23,0,23,0,2.91,-,23,0,23,0
1701,06023,693,693,0,620,73,2.34,1.97,693,0,424,196
1702,06024,303,189,114,180,9,3.19,2.00,189,0,134,46
1703,06026,2006,1879,127,1483,396,2.83,2.27,1879,70,1031,452
1704,06027,645,601,44,556,45,2.42,1.62,601,4,290,266
1705,06029,7202,6714,488,4703,2011,2.70,1.80,6714,110,3431,1272
1706,06031,828,630,198,525,105,2.33,1.89,630,12,324,201
1707,06032,8281,7790,491,5571,2219,2.47,1.94,7790,420,3460,2111
1708,06033,12414,11930,484,9514,2416,2.57,1.89,11930,525,6043,3471
1709,06035,3253,3158,95,2842,316,2.56,2.05,3158,46,1879,963
1710,06037,7748,7412,336,6161,1251,2.60,1.94,7412,290,3899,2262
1711,06039,1278,729,549,516,213,2.90,1.58,729,24,286,230
1712,06040,15569,14830,739,7976,6854,2.55,2.25,14830,1404,5608,2368
1713,06042,10784,10122,662,5672,4450,2.30,2.22,10122,366,4082,1590
1714,06043,1890,1868,22,1660,208,2.66,2.02,1868,77,1127,533
1715,06051,13507,12204,1303,3698,8506,2.93,2.41,12204,2826,2666,1032
1716,06052,3806,3329,477,1875,1454,2.56,2.39,3329,541,1276,599
1717,06053,14207,12782,1425,6135,6647,2.53,2.45,12782,1113,3861,2274
1718,06057,2826,2510,316,2152,358,2.68,1.70,2510,75,1546,606
1719,06058,923,700,223,552,148,2.48,2.53,700,16,302,250
1720,06059,17,17,0,17,0,2.24,-,17,0,17,0
1721,06060,821,772,49,772,0,2.99,-,772,13,469,303
1722,06061,110,110,0,64,46,1.80,4.13,110,0,49,15
1723,06062,8560,8004,556,5409,2595,2.35,1.80,8004,244,3529,1880
1724,06063,1289,1220,69,1092,128,2.77,2.49,1220,10,732,360
1725,06065,278,237,41,237,0,2.65,-,237,8,173,64
1726,06066,14702,13695,1007,6814,6881,2.36,1.97,13695,1011,4461,2353
1727,06067,9467,8894,573,6087,2807,2.23,2.26,8894,669,3667,2420
1728,06068,1081,674,407,497,177,3.02,2.24,674,63,185,312
1729,06069,1478,1171,307,787,384,2.01,2.05,1171,23,437,350
1730,06070,6020,5813,207,4556,1257,2.62,2.23,5813,337,3098,1458
1731,06071,3566,3400,166,2980,420,2.73,2.23,3400,50,2005,975
1732,06072,0,0,0,0,0,-,-,0,0,0,0
1733,06073,2230,2148,82,1892,256,2.74,1.90,2148,34,1332,560
1734,06074,10284,9926,358,8452,1474,2.79,2.05,9926,415,5970,2482
1735,06076,5400,5053,347,3934,1119,2.49,1.93,5053,191,2626,1308
1736,06078,4193,3853,340,3326,527,2.69,1.80,3853,84,2227,1099
1737,06079,170,21,149,21,0,2.05,-,21,0,0,21
1738,06080,0,0,0,0,0,-,-,0,0,0,0
1739,06081,649,600,49,363,237,3.32,2.03,600,0,216,147
1740,06082,17358,16588,770,12771,3817,2.50,2.09,16588,922,8429,4342
1741,06084,5495,5411,84,4785,626,2.77,1.82,5411,118,3331,1454
1742,06085,3010,2898,112,2339,559,2.77,1.79,2898,160,1691,648
1743,06088,2342,2186,156,1624,562,1.90,1.70,2186,182,940,684
1744,06089,1347,1285,62,802,483,2.39,1.86,1285,69,519,283
1745,06090,424,334,90,298,36,1.97,2.72,334,0,184,114
1746,06091,154,93,61,68,25,1.96,2.80,93,0,37,31
1747,06092,1476,1412,64,1366,46,3.27,3.24,1412,13,987,379
1748,06093,1393,1356,37,1323,33,2.72,2.45,1356,82,961,362
1749,06095,11872,11278,594,9466,1812,2.62,2.28,11278,631,6748,2718
1750,06096,5558,5357,201,4359,998,2.46,1.78,5357,356,2796,1563
1751,06098,5457,4708,749,2826,1882,2.41,1.83,4708,518,1799,1027
1752,06103,2028,1424,604,82,1342,1.70,1.42,1424,183,13,69
1753,06105,11389,9685,1704,1664,8021,2.45,1.87,9685,3383,1005,659
1754,06106,16354,14176,2178,3773,10403,2.99,2.34,14176,4205,2953,820
1755,06107,8192,7912,280,6556,1356,2.66,2.02,7912,191,4333,2223
1756,06108,9906,9137,769,4128,5009,2.72,2.42,9137,1266,3038,1090
1757,06109,11872,11411,461,9135,2276,2.55,1.68,11411,660,6029,3106
1758,06110,5574,5375,199,3447,1928,2.49,2.27,5375,685,2052,1395
1759,06111,13226,12575,651,9799,2776,2.46,2.11,12575,878,6301,3498
1760,06112,9209,7533,1676,2927,4606,2.53,2.50,7533,2202,2061,866
1761,06114,11078,9649,1429,3076,6573,2.74,2.73,9649,1843,2483,593
1762,06117,6047,5759,288,4579,1180,2.75,1.74,5759,470,2911,1668
1763,06118,11255,10510,745,7374,3136,2.69,2.29,10510,931,5175,2199
1764,06119,7032,6482,550,3178,3304,2.48,1.99,6482,657,2070,1108
1765,06120,5563,4761,802,720,4041,2.99,2.52,4761,2030,617,103
1766,06226,7480,6752,728,2355,4397,2.52,2.31,6752,1249,1452,903
1767,06231,1501,1384,117,1302,82,2.52,2.05,1384,9,920,382
1768,06232,1251,1178,73,1025,153,2.71,1.42,1178,12,739,286
1769,06234,3093,2833,260,2186,647,2.83,2.60,2833,157,1474,712
1770,06235,928,878,50,764,114,2.50,2.39,878,17,470,294
1771,06237,2351,2216,135,1878,338,2.51,1.51,2216,23,1258,620
1772,06238,5123,4780,343,4263,517,2.56,2.38,4780,83,2646,1617
1773,06239,5033,4483,550,2860,1623,2.38,2.32,4483,322,1951,909
1774,06241,2976,2684,292,2003,681,2.36,3.00,2684,153,1310,693
1775,06242,647,517,130,408,109,2.66,1.61,517,22,258,150
1776,06243,134,57,77,57,0,4.58,-,57,0,57,0
1777,06247,1044,966,78,855,111,2.46,2.49,966,27,541,314
1778,06248,2326,2219,107,1900,319,2.63,2.03,2219,80,1393,507
1779,06249,3202,2847,355,2569,278,2.58,1.76,2847,0,1880,689
1780,06250,2238,2168,70,1529,639,2.51,2.47,2168,76,964,565
1781,06254,737,705,32,583,122,2.76,1.70,705,20,402,181
1782,06255,2022,1887,135,1328,559,2.42,2.16,1887,44,896,432
1783,06256,1010,919,91,826,93,2.26,2.40,919,23,537,289
1784,06258,0,0,0,0,0,-,-,0,0,0,0
1785,06259,1800,1762,38,1390,372,2.61,1.95,1762,107,913,477
1786,06260,4097,3756,341,2291,1465,2.64,2.01,3756,356,1547,744
1787,06262,414,414,0,350,64,1.79,1.61,414,0,128,222
1788,06263,113,83,30,15,68,2.40,2.44,83,6,0,15
1789,06264,70,70,0,29,41,2.66,1.78,70,0,18,11
1790,06266,115,115,0,69,46,2.90,1.46,115,0,61,8
1791,06268,4437,3977,460,1632,2345,2.39,1.82,3977,698,869,763
1792,06269,214,147,67,66,81,2.21,1.80,147,9,0,66
1793,06277,1805,1480,325,1363,117,2.68,2.50,1480,16,1011,352
1794,06278,2061,1824,237,1438,386,2.41,2.27,1824,19,976,462
1795,06279,2705,2542,163,1558,984,2.42,1.81,2542,105,933,625
1796,06280,1482,1374,108,752,622,2.22,2.09,1374,34,422,330
1797,06281,3124,2939,185,2464,475,2.57,1.83,2939,168,1577,887
1798,06282,592,487,105,440,47,2.14,1.83,487,0,298,142
1799,06320,12274,11138,1136,4272,6866,2.35,1.97,11138,2050,3059,1213
1800,06330,1426,1251,175,853,398,2.74,2.64,1251,15,551,302
1801,06331,2290,2144,146,1782,362,2.56,1.44,2144,52,1184,598
1802,06332,501,448,53,271,177,1.97,1.96,448,35,131,140
1803,06333,2887,2723,164,2062,661,2.83,1.69,2723,23,1395,667
1804,06334,961,902,59,741,161,2.51,2.68,902,14,446,295
1805,06335,2408,2197,211,1894,303,2.65,3.21,2197,16,1376,518
1806,06336,19,19,0,19,0,4.26,-,19,0,15,4
1807,06338,36,31,5,30,1,2.43,3.00,31,1,8,22
1808,06339,3772,3497,275,2967,530,2.65,2.62,3497,139,1971,996
1809,06340,14175,12660,1515,5297,7363,2.16,2.21,12660,1082,3272,2025
1810,06350,58,58,0,58,0,2.09,-,58,0,17,41
1811,06351,7075,6557,518,5099,1458,2.49,2.01,6557,148,3347,1752
1812,06353,140,140,0,115,25,1.52,-,140,55,0,115
1813,06354,2300,2211,89,1560,651,2.64,2.12,2211,106,1204,356
1814,06355,5869,5192,677,4284,908,2.41,1.56,5192,213,2454,1830
1815,06357,5804,4847,957,3459,1388,2.20,1.94,4847,103,2031,1428
1816,06359,2388,2106,282,1927,179,2.51,1.73,2106,105,1161,766
1817,06360,17757,15611,2146,8491,7120,2.42,2.30,15611,1592,5272,3219
1818,06365,2025,1806,219,1613,193,2.68,2.02,1806,14,975,638
1819,06370,3011,2757,254,2486,271,2.85,1.69,2757,143,1817,669
1820,06371,5712,4016,1696,3373,643,2.55,2.04,4016,29,2051,1322
1821,06373,60,60,0,51,9,1.86,7.11,60,0,31,20
1822,06374,3215,3172,43,2552,620,2.63,2.06,3172,162,1887,665
1823,06375,1578,1457,121,1306,151,2.62,1.78,1457,6,999,307
1824,06376,134,20,114,20,0,2.55,-,20,0,0,20
1825,06377,1020,1001,19,788,213,2.82,3.35,1001,26,669,119
1826,06378,3181,2665,516,1977,688,2.21,1.90,2665,33,1238,739
1827,06379,4251,3850,401,2644,1206,2.35,2.05,3850,146,1773,871
1828,06380,1450,1264,186,428,836,2.26,1.89,1264,317,274,154
1829,06382,3999,3702,297,2897,805,2.57,2.41,3702,128,1960,937
1830,06384,1194,1086,108,824,262,2.55,2.05,1086,121,584,240
1831,06385,7168,6748,420,5234,1514,2.33,2.15,6748,372,3246,1988
1832,06387,163,163,0,54,109,2.15,2.23,163,0,54,0
1833,06389,48,48,0,48,0,1.98,-,48,0,31,17
1834,06390,383,22,361,12,10,2.50,2.00,22,0,3,9
1835,06401,9162,8032,1130,4617,3415,2.41,2.27,8032,605,2747,1870
1836,06403,2776,2631,145,2267,364,2.34,2.01,2631,52,1622,645
1837,06405,13888,12686,1202,8541,4145,2.34,1.90,12686,596,5110,3431
1838,06409,400,363,37,286,77,2.05,1.25,363,19,217,69
1839,06410,10448,9900,548,8725,1175,2.73,1.99,9900,466,5445,3280
1840,06412,1639,1548,91,1116,432,2.64,1.60,1548,103,778,338
1841,06413,6248,5400,848,4619,781,2.52,2.00,5400,184,3121,1498
1842,06414,30,30,0,30,0,2.20,-,30,0,18,12
1843,06415,6893,6333,560,5062,1271,2.65,1.97,6333,132,3744,1318
1844,06416,6053,5742,311,4475,1267,2.53,1.98,5742,194,2914,1561
1845,06417,2261,2061,200,1360,701,2.32,1.84,2061,144,895,465
1846,06418,6294,5613,681,3828,1785,2.20,2.14,5613,472,2424,1404
1847,06419,2501,2276,225,2191,85,2.80,1.79,2276,25,1327,864
1848,06420,1813,1695,118,1448,247,2.57,2.07,1695,0,1167,281
1849,06422,3066,3019,47,2808,211,2.38,2.41,3019,48,2024,784
1850,06423,2554,2223,331,2030,193,2.40,2.22,2223,0,1264,766
1851,06424,5219,4731,488,4142,589,2.70,2.51,4731,42,3078,1064
1852,06426,1825,1621,204,1220,401,2.38,1.47,1621,82,744,476
1853,06437,9633,8665,968,7309,1356,2.59,2.17,8665,192,4482,2827
1854,06438,1121,986,135,813,173,2.95,2.36,986,19,516,297
1855,06439,15,15,0,15,0,-,-,15,0,15,0
1856,06441,2103,1995,108,1868,127,2.69,2.77,1995,29,1541,327
1857,06442,1122,980,142,761,219,2.62,2.21,980,7,499,262
1858,06443,8048,6719,1329,6040,679,2.70,1.80,6719,175,4178,1862
1859,06444,88,72,16,72,0,2.47,-,72,0,49,23
1860,06447,2240,2142,98,1936,206,2.88,2.26,2142,12,1462,474
1861,06450,16197,15112,1085,9489,5623,2.44,2.20,15112,1535,5929,3560
1862,06451,11179,10079,1100,5203,4876,2.61,2.19,10079,1459,3568,1635
1863,06455,1335,1187,148,1100,87,2.39,3.40,1187,17,802,298
1864,06456,130,122,8,122,0,1.63,-,122,18,43,79
1865,06457,21623,20084,1539,10761,9323,2.44,1.79,20084,1926,7197,3564
1866,06459,5,5,0,0,5,-,10.20,5,0,0,0
1867,06460,17594,15863,1731,11261,4602,2.50,1.93,15863,671,7472,3789
1868,06461,5769,5447,322,4929,518,2.75,2.55,5447,156,3325,1604
1869,06467,208,208,0,88,120,3.16,-,208,0,73,15
1870,06468,6607,6274,333,5771,503,3.10,1.88,6274,228,4223,1548
1871,06469,1386,1298,88,833,465,2.43,1.92,1298,55,585,248
1872,06470,5768,5587,181,4912,675,2.85,2.27,5587,125,3543,1369
1873,06471,3157,2977,180,2482,495,2.61,1.63,2977,112,1691,791
1874,06472,2451,2203,248,2000,203,2.96,2.54,2203,76,1345,655
1875,06473,10012,9642,370,7951,1691,2.65,1.97,9642,418,5298,2653
1876,06475,6000,4584,1416,3804,780,2.24,2.39,4584,255,2346,1458
1877,06477,5350,5169,181,4625,544,2.81,2.09,5169,178,3064,1561
1878,06478,4995,4781,214,4420,361,2.70,2.17,4781,206,3149,1271
1879,06479,4436,4136,300,3613,523,2.37,1.88,4136,101,2209,1404
1880,06480,3986,3564,422,2875,689,2.72,2.18,3564,106,2001,874
1881,06481,651,608,43,396,212,2.65,1.36,608,7,330,66
1882,06482,4407,4068,339,3806,262,2.86,1.82,4068,134,2780,1026
1883,06483,6701,6432,269,4707,1725,2.85,1.83,6432,556,3438,1269
1884,06484,16791,16204,587,12862,3342,2.64,1.95,16204,887,8544,4318
1885,06488,8797,8029,768,6928,1101,2.53,1.69,8029,507,4141,2787
1886,06489,13411,12722,689,10658,2064,2.66,2.25,12722,447,7143,3515
1887,06492,19180,18289,891,13352,4937,2.57,1.86,18289,1218,8696,4656
1888,06498,4432,3494,938,2655,839,2.02,1.59,3494,154,1467,1188
1889,06510,2574,2233,341,125,2108,1.72,1.52,2233,679,43,82
1890,06511,23629,20507,3122,3928,16579,2.81,2.31,20507,6375,2583,1345
1891,06512,12121,11316,805,7695,3621,2.76,2.00,11316,885,5021,2674
1892,06513,16511,15064,1447,5977,9087,2.80,2.39,15064,3609,4498,1479
1893,06514,11315,10170,1145,6447,3723,2.76,2.20,10170,762,4730,1717
1894,06515,7178,6524,654,2762,3762,2.73,2.42,6524,712,2018,744
1895,06516,22076,20341,1735,10251,10090,2.79,2.33,20341,2404,6805,3446
1896,06517,6616,5922,694,3600,2322,2.68,1.96,5922,605,2554,1046
1897,06518,7063,6304,759,3910,2394,2.49,2.32,6304,320,2459,1451
1898,06519,6136,5252,884,1462,3790,2.97,2.94,5252,1629,1062,400
1899,06524,1824,1768,56,1637,131,3.04,2.69,1768,26,1224,413
1900,06525,3188,3057,131,2687,370,3.06,2.02,3057,103,1582,1105
1901,06604,11816,10183,1633,3337,6846,2.66,2.41,10183,2556,2482,855
1902,06605,10236,9233,1003,2795,6438,2.69,2.64,9233,1819,1908,887
1903,06606,18620,17125,1495,9963,7162,2.98,2.65,17125,1974,7037,2926
1904,06607,3052,2685,367,924,1761,2.85,3.63,2685,553,566,358
1905,06608,5216,4750,466,1186,3564,2.91,2.94,4750,1508,741,445
1906,06610,9685,8938,747,4386,4552,2.75,2.34,8938,1515,2963,1423
1907,06611,12715,12282,433,10809,1473,3.05,2.42,12282,412,7521,3288
1908,06612,2741,2719,22,2276,443,2.85,2.53,2719,21,1418,858
1909,06614,13760,12842,918,11238,1604,2.67,2.12,12842,717,7700,3538
1910,06615,7915,7345,570,4776,2569,2.65,2.31,7345,685,3408,1368
1911,06702,2081,1791,290,91,1700,-,1.32,1791,1398,87,4
1912,06704,12367,10726,1641,4769,5957,2.79,2.48,10726,1836,3143,1626
1913,06705,12215,11200,1015,4990,6210,2.49,2.12,11200,1464,2985,2005
1914,06706,6023,5423,600,2478,2945,2.64,2.85,5423,1028,1671,807
1915,06708,13567,12642,925,7050,5592,2.37,2.53,12642,1304,4630,2420
1916,06710,4421,3362,1059,1252,2110,3.55,2.68,3362,821,867,385
1917,06712,3585,3238,347,2974,264,2.92,1.98,3238,45,2059,915
1918,06716,6510,6173,337,5330,843,2.71,1.79,6173,172,3685,1645
1919,06750,683,532,151,329,203,2.55,1.34,532,37,194,135
1920,06751,1561,1340,221,1031,309,2.43,2.64,1340,8,701,330
1921,06752,883,728,155,637,91,2.52,2.41,728,6,351,286
1922,06753,48,28,20,25,3,1.92,2.00,28,0,8,17
1923,06754,878,675,203,579,96,2.46,2.31,675,4,347,232
1924,06755,453,337,116,307,30,3.06,2.30,337,0,285,22
1925,06756,1506,1117,389,995,122,2.67,3.16,1117,8,536,459
1926,06757,1221,929,292,660,269,2.30,1.64,929,122,325,335
1927,06758,21,21,0,21,0,1.52,-,21,0,5,16
1928,06759,3009,2380,629,1959,421,2.36,2.03,2380,134,1294,665
1929,06762,3166,2906,260,2609,297,2.75,1.12,2906,111,1668,941
1930,06763,1295,825,470,731,94,2.66,1.83,825,20,513,218
1931,06770,12923,12212,711,8279,3933,2.70,2.30,12212,748,5598,2681
1932,06776,11288,10297,991,8125,2172,2.71,2.18,10297,182,5672,2453
1933,06777,905,664,241,588,76,2.29,2.62,664,5,418,170
1934,06778,557,493,64,467,26,2.99,1.73,493,0,336,131
1935,06779,3595,3405,190,2432,973,2.65,1.43,3405,346,1516,916
1936,06782,807,807,0,704,103,2.56,2.34,807,20,452,252
1937,06783,1277,939,338,730,209,2.30,2.00,939,18,511,219
1938,06784,1960,1566,394,1394,172,2.20,2.77,1566,166,697,697
1939,06785,417,314,103,299,15,2.22,1.93,314,7,155,144
1940,06786,4423,3927,496,2894,1033,2.59,2.00,3927,189,2113,781
1941,06787,3370,3076,294,2404,672,2.70,1.51,3076,281,1676,728
1942,06790,16642,14344,2298,9725,4619,2.53,2.16,14344,1363,6405,3320
1943,06791,2300,2070,230,1936,134,2.69,2.29,2070,41,1140,796
1944,06793,695,532,163,367,165,2.33,2.33,532,8,205,162
1945,06794,713,387,326,250,137,2.22,2.34,387,7,187,63
1946,06795,5590,5330,260,4514,816,2.74,2.01,5330,148,2844,1670
1947,06796,722,431,291,390,41,2.14,2.54,431,11,181,209
1948,06798,4940,4501,439,3511,990,2.19,2.08,4501,85,2297,1214
1949,06801,7618,7207,411,5646,1561,2.88,2.46,7207,365,4111,1535
1950,06804,6866,6392,474,5515,877,2.81,2.36,6392,159,3805,1710
1951,06807,2831,2713,118,1879,834,2.85,2.54,2713,99,1360,519
1952,06810,21505,20216,1289,9278,10938,2.66,2.57,20216,2074,6123,3155
1953,06811,13061,11910,1151,9361,2549,2.54,2.37,11910,398,6407,2954
1954,06812,5361,4503,858,4213,290,3.00,3.33,4503,34,2954,1259
1955,06820,7382,6978,404,6004,974,3.22,2.16,6978,136,4132,1872
1956,06824,12346,11950,396,9999,1951,2.78,2.68,11950,225,6721,3278
1957,06825,7873,7416,457,5968,1448,2.74,2.18,7416,221,3953,2015
1958,06830,10833,9447,1386,5165,4282,2.67,2.50,9447,569,3139,2026
1959,06831,5898,5247,651,3916,1331,2.81,2.87,5247,138,2414,1502
1960,06840,7454,6937,517,5639,1298,3.05,2.59,6937,141,3801,1838
1961,06850,8661,8013,648,4660,3353,2.55,2.12,8013,476,3525,1135
1962,06851,12332,11440,892,7257,4183,2.64,2.21,11440,546,5170,2087
1963,06853,1568,1468,100,1170,298,2.82,2.38,1468,76,816,354
1964,06854,11808,11076,732,5348,5728,2.69,2.77,11076,796,3559,1789
1965,06855,3822,3548,274,1846,1702,2.43,2.30,3548,328,1288,558
1966,06870,2833,2673,160,2071,602,3.02,2.73,2673,87,1439,632
1967,06877,9827,9159,668,7845,1314,2.87,1.90,9159,311,5400,2445
1968,06878,2788,2634,154,2235,399,3.24,2.87,2634,43,1679,556
1969,06880,10273,9522,751,8381,1141,2.89,2.54,9522,145,5516,2865
1970,06883,3941,3525,416,3418,107,2.94,2.56,3525,16,2572,846
1971,06890,1816,1680,136,1479,201,2.79,2.08,1680,61,911,568
1972,06896,3688,3307,381,2818,489,2.68,2.14,3307,126,2029,789
1973,06897,6759,6198,561,5562,636,3.04,2.12,6198,84,4071,1491
1974,06901,5908,5053,855,679,4374,1.58,1.77,5053,1039,341,338
1975,06902,28943,26869,2074,10760,16109,2.64,2.51,26869,2701,7241,3519
1976,06903,5426,5218,208,4767,451,2.83,2.59,5218,58,3050,1717
1977,06905,8958,8365,593,5438,2927,2.68,2.33,8365,789,3745,1693
1978,06906,3866,3619,247,1849,1770,2.81,3.18,3619,218,1320,529
1979,06907,3715,3359,356,2231,1128,2.86,2.17,3359,124,1562,669
1980,07001,5262,5055,207,2779,2276,2.72,2.57,5055,271,1932,847
1981,07002,29143,27036,2107,10642,16394,2.74,2.51,27036,5836,6624,4018
1982,07003,20785,19959,826,10223,9736,3.03,2.13,19959,1898,6997,3226
1983,07004,3020,2946,74,2507,439,2.84,1.41,2946,63,1663,844
1984,07005,5879,5606,273,3899,1707,2.64,2.56,5606,269,2495,1404
1985,07006,10134,9816,318,7585,2231,2.83,1.81,9816,329,5339,2246
1986,07008,8740,8231,509,4678,3553,3.21,2.83,8231,599,2803,1875
1987,07009,4872,4791,81,3908,883,2.80,1.57,4791,408,2577,1331
1988,07010,11198,10296,902,4890,5406,2.54,2.42,10296,1417,2534,2356
1989,07011,13940,13357,583,5918,7439,3.44,2.69,13357,1782,3962,1956
1990,07012,5322,5215,107,2818,2397,3.30,2.25,5215,402,1844,974
1991,07013,11663,11341,322,8046,3295,2.71,2.26,11341,1152,4844,3202
1992,07014,1996,1716,280,1236,480,2.20,2.72,1716,24,767,469
1993,07016,9265,9029,236,7160,1869,2.81,1.83,9029,491,4809,2351
1994,07017,16177,14597,1580,4125,10472,3.26,2.34,14597,4656,3063,1062
1995,07018,13094,11407,1687,2456,8951,3.27,2.44,11407,4207,1724,732
1996,07020,7438,6788,650,2854,3934,2.15,2.06,6788,729,1655,1199
1997,07021,808,714,94,688,26,3.19,2.88,714,7,472,216
1998,07022,6369,6127,242,2048,4079,2.75,2.27,6127,1512,1386,662
1999,07023,2724,2670,54,2390,280,2.97,1.88,2670,98,1870,520
2000,07024,19591,18189,1402,10550,7639,2.11,2.28,18189,2323,4141,6409
2001,07026,12440,11762,678,5291,6471,2.71,2.80,11762,1144,3165,2126
2002,07027,1824,1814,10,985,829,2.80,2.01,1814,136,572,413
2003,07028,2539,2539,0,2387,152,3.19,2.09,2539,58,1824,563
2004,07029,9371,8771,600,2139,6632,2.57,2.46,8771,2963,1260,879
2005,07030,30591,27932,2659,9802,18130,2.19,2.00,27932,9556,8035,1767
2006,07031,6975,6660,315,3238,3422,2.72,2.19,6660,429,2096,1142
2007,07032,15024,14294,730,6670,7624,2.86,2.72,14294,1881,3959,2711
2008,07033,2931,2755,176,1978,777,2.96,3.23,2755,105,1375,603
2009,07034,4242,4064,178,2396,1668,2.75,2.03,4064,150,1503,893
2010,07035,4283,4079,204,3116,963,2.57,2.30,4079,100,2004,1112
2011,07036,17185,16300,885,9552,6748,2.94,2.45,16300,1798,6548,3004
2012,07039,10835,10452,383,9080,1372,3.00,2.59,10452,328,6123,2957
2013,07040,8616,8264,352,6654,1610,3.18,2.58,8264,570,5151,1503
2014,07041,2892,2668,224,1862,806,3.02,2.10,2668,80,1128,734
2015,07042,11233,10454,779,5557,4897,3.12,2.13,10454,1026,3711,1846
2016,07043,4394,4148,246,3536,612,3.16,2.34,4148,134,2544,992
2017,07044,6002,5714,288,4709,1005,2.72,1.64,5714,294,3037,1672
2018,07045,3743,3629,114,3507,122,2.78,2.62,3629,76,2068,1439
2019,07046,1471,1413,58,1318,95,3.23,2.17,1413,0,916,402
2020,07047,24920,23315,1605,9579,13736,2.87,2.52,23315,5522,6068,3511
2021,07050,13364,12420,944,2720,9700,3.18,2.52,12420,3576,1793,927
2022,07052,17868,16977,891,12201,4776,2.88,2.62,16977,1307,8465,3736
2023,07054,12239,11845,394,5930,5915,3.06,2.07,11845,1054,4049,1881
2024,07055,20978,20217,761,4308,15909,3.68,3.40,20217,5822,2885,1423
2025,07057,5206,4917,289,1846,3071,3.02,2.04,4917,557,906,940
2026,07058,2123,2123,0,1475,648,2.85,2.74,2123,0,899,576
2027,07059,5754,5500,254,4886,614,2.90,3.03,5500,125,2671,2215
2028,07060,16610,15777,833,6203,9574,2.97,2.98,15777,2399,4465,1738
2029,07062,4820,4540,280,2677,1863,3.02,3.34,4540,537,2054,623
2030,07063,4534,4366,168,2607,1759,3.03,3.55,4366,460,2141,466
2031,07064,1336,1286,50,1126,160,3.05,3.02,1286,101,806,320
2032,07065,12819,12158,661,6788,5370,2.64,2.15,12158,1207,4791,1997
2033,07066,6100,5902,198,4657,1245,2.80,1.82,5902,212,2669,1988
2034,07067,6402,6249,153,5548,701,3.07,2.49,6249,235,3518,2030
2035,07068,2547,2429,118,1922,507,2.67,2.19,2429,55,1333,589
2036,07069,2475,2327,148,2018,309,2.91,2.19,2327,87,1217,801
2037,07070,6946,6720,226,4120,2600,3.01,2.31,6720,358,2537,1583
2038,07071,9464,9083,381,5223,3860,2.75,2.05,9083,673,3503,1720
2039,07072,2568,2411,157,1477,934,3.01,2.05,2411,144,776,701
2040,07073,4658,4356,302,1503,2853,2.51,2.15,4356,440,977,526
2041,07074,1002,970,32,676,294,2.75,4.15,970,32,358,318
2042,07075,3820,3735,85,2367,1368,3.10,1.84,3735,338,1645,722
2043,07076,9077,8903,174,7384,1519,2.94,1.86,8903,404,5184,2200
2044,07077,1210,1187,23,759,428,3.04,2.37,1187,27,560,199
2045,07078,4527,4464,63,4006,458,3.26,2.71,4464,40,2727,1279
2046,07079,5960,5680,280,3814,1866,3.19,2.08,5680,680,2933,881
2047,07080,8390,8144,246,6977,1167,3.00,2.61,8144,261,4897,2080
2048,07081,6763,6534,229,4279,2255,2.83,2.16,6534,210,2698,1581
2049,07082,2116,1980,136,1944,36,2.93,2.36,1980,0,1114,830
2050,07083,20588,19667,921,14863,4804,2.97,2.32,19667,976,10033,4830
2051,07086,8737,7565,1172,2449,5116,2.37,2.03,7565,1625,1728,721
2052,07087,27284,25292,1992,4807,20485,2.51,2.70,25292,9954,2993,1814
2053,07088,1128,1108,20,612,496,2.46,2.86,1108,102,408,204
2054,07090,11064,10531,533,8437,2094,3.15,1.95,10531,425,5886,2551
2055,07092,2591,2546,45,2142,404,2.75,2.33,2546,184,1383,759
2056,07093,26880,24973,1907,6561,18412,2.42,2.63,24973,9155,3911,2650
2057,07094,8540,8000,540,4473,3527,2.80,2.28,8000,536,2736,1737
2058,07095,8209,7748,461,4111,3637,2.83,2.64,7748,471,2785,1326
2059,07102,6176,5835,341,487,5348,3.23,1.84,5835,3191,371,116
2060,07103,14001,12484,1517,2804,9680,3.05,2.48,12484,4467,2111,693
2061,07104,20868,19433,1435,4996,14437,3.17,2.63,19433,6498,3574,1422
2062,07105,19809,18883,926,3631,15252,2.64,2.83,18883,7010,1791,1840
2063,07106,14294,12625,1669,4127,8498,3.07,2.71,12625,4099,3109,1018
2064,07107,15891,14693,1198,3893,10800,3.24,2.71,14693,5008,2855,1038
2065,07108,12695,11094,1601,1815,9279,3.01,2.45,11094,4557,1154,661
2066,07109,14558,13536,1022,7576,5960,3.08,2.46,13536,979,5044,2532
2067,07110,12195,11711,484,7927,3784,2.77,2.06,11711,854,5485,2442
2068,07111,25130,22208,2922,6226,15982,3.34,2.44,22208,6153,4725,1501
2069,07112,12092,10549,1543,2950,7599,2.64,2.48,10549,3248,2219,731
2070,07114,5080,4268,812,767,3501,2.87,2.11,4268,2089,564,203
2071,07201,10472,9394,1078,2193,7201,3.50,2.78,9394,2295,1325,868
2072,07202,15073,14261,812,3420,10841,3.13,2.97,14261,2712,1832,1588
2073,07203,8373,7915,458,4509,3406,3.22,2.33,7915,931,3427,1082
2074,07204,5286,5204,82,3062,2142,3.01,2.21,5204,174,2165,897
2075,07205,7682,7191,491,5026,2165,3.14,3.02,7191,523,3567,1459
2076,07206,9258,8504,754,2321,6183,3.83,3.27,8504,2331,1525,796
2077,07208,13023,12195,828,3271,8924,3.40,2.59,12195,2276,2087,1184
2078,07302,27798,25272,2526,6825,18447,2.19,1.96,25272,10954,5452,1373
2079,07304,20579,18673,1906,5436,13237,3.01,2.56,18673,7289,3783,1653
2080,07305,27740,25335,2405,10634,14701,2.89,2.76,25335,6541,7824,2810
2081,07306,23940,21825,2115,5107,16718,2.64,2.42,21825,9434,3164,1943
2082,07307,18643,17009,1634,5479,11530,2.76,2.41,17009,5908,3526,1953
2083,07310,7308,6624,684,712,5912,1.99,2.04,6624,3839,329,383
2084,07311,995,916,79,0,916,-,1.63,916,576,0,0
2085,07401,2361,2213,148,1695,518,3.37,1.98,2213,208,1235,460
2086,07403,2974,2896,78,1927,969,2.89,2.15,2896,128,1449,478
2087,07405,6867,6729,138,5229,1500,2.84,2.07,6729,304,3513,1716
2088,07407,7471,7121,350,3881,3240,2.89,3.08,7121,562,2435,1446
2089,07410,12253,11892,361,9409,2483,3.06,2.37,11892,736,5879,3530
2090,07416,2945,2530,415,1687,843,2.40,1.71,2530,207,897,790
2091,07417,4035,3847,188,3408,439,2.97,2.04,3847,97,2210,1198
2092,07418,1002,995,7,973,22,2.86,2.64,995,2,819,154
2093,07419,4298,3949,349,3046,903,2.58,2.06,3949,162,2169,877
2094,07420,1945,1877,68,1372,505,2.70,2.74,1877,166,955,417
2095,07421,3266,2819,447,2553,266,2.62,2.32,2819,63,1894,659
2096,07422,2628,2178,450,2021,157,2.58,2.71,2178,17,1615,406
2097,07423,1623,1444,179,1365,79,2.98,2.18,1444,21,932,433
2098,07424,10896,10669,227,7277,3392,2.51,2.18,10669,561,4547,2730
2099,07430,9613,9430,183,7448,1982,2.55,2.13,9430,390,4846,2602
2100,07432,2876,2796,80,1810,986,2.87,1.84,2796,216,1007,803
2101,07435,1419,1035,384,844,191,2.54,1.91,1035,24,495,349
2102,07436,4568,4223,345,3750,473,3.09,2.05,4223,143,2770,980
2103,07438,4834,4482,352,4009,473,2.52,2.28,4482,70,2702,1307
2104,07439,970,828,142,727,101,2.68,2.42,828,36,480,247
2105,07440,1608,1531,77,1347,184,3.35,1.46,1531,48,884,463
2106,07442,4322,4224,98,3199,1025,2.74,2.27,4224,166,2384,815
2107,07444,4994,4736,258,3917,819,2.44,1.32,4736,760,1787,2130
2108,07446,5506,5300,206,4564,736,2.85,2.33,5300,93,3270,1294
2109,07450,8979,8659,320,7108,1551,3.08,2.51,8659,261,5055,2053
2110,07452,3778,3630,148,3358,272,3.33,3.34,3630,145,2249,1109
2111,07456,4307,4200,107,4000,200,2.75,3.06,4200,46,2645,1355
2112,07457,1910,1839,71,1282,557,2.14,2.34,1839,44,884,398
2113,07458,4206,4000,206,3537,463,2.97,2.53,4000,114,2172,1365
2114,07460,1260,1192,68,1079,113,2.60,1.99,1192,9,710,369
2115,07461,7727,6728,999,5645,1083,2.76,2.17,6728,196,3804,1841
2116,07462,3453,2871,582,2245,626,2.43,1.91,2871,79,1630,615
2117,07463,3354,3354,0,3030,324,3.13,1.87,3354,101,2037,993
2118,07465,2471,2374,97,1941,433,2.54,2.00,2374,51,1281,660
2119,07470,19747,19147,600,15022,4125,2.90,2.19,19147,737,9716,5306
2120,07480,6364,5975,389,5312,663,2.50,2.23,5975,295,3474,1838
2121,07481,6039,5749,290,5173,576,2.88,2.28,5749,168,3203,1970
2122,07501,13065,12269,796,1901,10368,3.18,2.81,12269,5221,1427,474
2123,07502,4929,4794,135,2523,2271,3.78,3.77,4794,965,1806,717
2124,07503,6435,6086,349,1884,4202,3.59,2.99,6086,1222,1235,649
2125,07504,4208,3984,224,1357,2627,3.29,2.94,3984,679,1026,331
2126,07505,1395,1332,63,81,1251,2.32,2.46,1332,882,25,56
2127,07506,7782,7463,319,4923,2540,2.86,2.13,7463,488,3318,1605
2128,07508,8399,8045,354,5058,2987,3.05,2.74,8045,893,3388,1670
2129,07512,3856,3803,53,2922,881,2.81,2.81,3803,111,1844,1078
2130,07513,3308,3182,126,982,2200,3.82,3.56,3182,657,784,198
2131,07514,7292,6582,710,2004,4578,3.16,2.77,6582,1341,1114,890
2132,07522,7503,7013,490,1324,5689,3.28,3.20,7013,1856,844,480
2133,07524,4724,4459,265,987,3472,4.05,3.05,4459,1098,641,346
2134,07601,21125,19995,1130,7296,12699,2.46,2.10,19995,3279,5012,2284
2135,07603,3297,3102,195,2150,952,3.11,2.21,3102,260,1352,798
2136,07604,4489,4226,263,2884,1342,3.00,2.57,4226,273,1828,1056
2137,07605,3551,3470,81,2273,1197,2.95,2.14,3470,249,1541,732
2138,07606,929,869,60,404,465,3.34,3.26,869,63,300,104
2139,07607,3879,3755,124,2610,1145,2.68,2.65,3755,390,1533,1077
2140,07608,26,26,0,0,26,-,3.54,26,6,0,0
2141,07620,570,485,85,457,28,2.75,2.75,485,17,220,237
2142,07621,9440,9146,294,6325,2821,3.39,2.41,9146,1006,4421,1904
2143,07624,2903,2791,112,2294,497,3.09,2.86,2791,101,1519,775
2144,07626,3124,3036,88,2526,510,3.01,2.67,3036,139,1731,795
2145,07627,1732,1656,76,1401,255,2.81,4.03,1656,28,799,602
2146,07628,6872,6626,246,4833,1793,2.95,2.07,6626,409,3085,1748
2147,07630,2564,2537,27,2211,326,2.92,1.93,2537,121,1477,734
2148,07631,12107,11320,787,6070,5250,2.79,2.29,11320,1223,4357,1713
2149,07632,2089,1905,184,1573,332,2.76,2.92,1905,9,703,870
2150,07640,1802,1737,65,1697,40,2.76,3.00,1737,28,988,709
2151,07641,1170,1059,111,1006,53,3.20,2.19,1059,4,739,267
2152,07642,3506,3457,49,3114,343,2.99,2.35,3457,108,2196,918
2153,07643,4584,4353,231,1920,2433,2.81,2.29,4353,349,1142,778
2154,07644,9684,9235,449,3848,5387,3.17,2.53,9235,915,2644,1204
2155,07645,2987,2920,67,2570,350,2.95,2.38,2920,75,1682,888
2156,07646,6435,6167,268,3992,2175,3.03,2.11,6167,172,2592,1400
2157,07647,1732,1693,39,1419,274,2.95,3.00,1693,75,1028,391
2158,07648,1967,1921,46,1608,313,2.93,2.43,1921,72,1056,552
2159,07649,2710,2702,8,2428,274,3.06,2.54,2702,62,1605,823
2160,07650,7365,7142,223,2666,4476,2.91,2.80,7142,1128,1624,1042
2161,07652,8886,8354,532,6803,1551,3.00,2.87,8354,337,4108,2695
2162,07656,3523,3246,277,2766,480,2.90,1.55,3246,171,1607,1159
2163,07657,4134,4032,102,1909,2123,3.21,2.52,4032,283,1293,616
2164,07660,5330,4971,359,2594,2377,2.92,2.36,4971,654,1769,825
2165,07661,4503,4352,151,3342,1010,2.96,2.09,4352,236,2238,1104
2166,07662,2302,2248,54,1790,458,2.60,2.13,2248,121,1210,580
2167,07663,5438,5245,193,3473,1772,3.04,2.12,5245,256,2197,1276
2168,07666,13593,13122,471,10255,2867,3.27,2.45,13122,1179,6824,3431
2169,07670,5150,4981,169,3658,1323,3.03,3.10,4981,43,2303,1355
2170,07675,10190,9689,501,7402,2287,2.99,2.09,9689,503,5145,2257
2171,07676,3474,3410,64,3291,119,2.68,3.97,3410,53,2007,1284
2172,07677,2110,2021,89,1826,195,3.12,1.59,2021,107,1079,747
2173,07701,11337,11023,314,7265,3758,2.36,2.05,11023,1123,4584,2681
2174,07702,1370,1361,9,1182,179,2.97,2.70,1361,68,828,354
2175,07703,73,0,73,0,0,-,-,0,0,0,0
2176,07704,2048,2038,10,1922,116,3.02,3.67,2038,34,1461,461
2177,07711,880,595,285,486,109,3.04,2.50,595,12,267,219
2178,07712,18696,17010,1686,8365,8645,2.53,2.09,17010,1851,5788,2577
2179,07716,3900,3638,262,2485,1153,2.48,1.68,3638,106,1767,718
2180,07717,1241,868,373,578,290,2.14,1.79,868,68,348,230
2181,07718,2458,2393,65,2214,179,2.89,2.85,2393,12,1298,916
2182,07719,10781,9064,1717,6590,2474,2.53,2.00,9064,559,4349,2241
2183,07720,2834,1956,878,954,1002,2.06,2.20,1956,204,432,522
2184,07721,1486,1439,47,800,639,2.99,2.12,1439,26,555,245
2185,07722,3705,3510,195,3207,303,2.81,3.47,3510,49,2010,1197
2186,07723,1189,259,930,140,119,2.31,2.30,259,30,73,67
2187,07724,10078,9575,503,6625,2950,2.60,2.02,9575,649,4534,2091
2188,07726,16887,16214,673,13976,2238,2.88,1.96,16214,810,9667,4309
2189,07727,2664,2366,298,1984,382,2.80,2.04,2366,63,1157,827
2190,07728,21666,20651,1015,15530,5121,2.80,2.47,20651,2025,10393,5137
2191,07730,6365,6300,65,5756,544,2.75,1.54,6300,398,3747,2009
2192,07731,13404,12958,446,11673,1285,3.07,2.80,12958,210,8604,3069
2193,07732,3026,2559,467,1759,800,2.00,1.52,2559,156,970,789
2194,07733,6263,6084,179,5491,593,2.84,1.85,6084,261,3335,2156
2195,07734,5664,4952,712,2984,1968,2.62,2.72,4952,514,2042,942
2196,07735,8654,7954,700,6094,1860,2.67,1.81,7954,567,4752,1342
2197,07737,1627,1508,119,1368,140,2.89,2.90,1508,61,1098,270
2198,07738,2410,2321,89,2114,207,3.09,1.12,2321,110,1469,645
2199,07739,2308,2224,84,2101,123,2.78,2.07,2224,16,1552,549
2200,07740,15057,12817,2240,5366,7451,2.48,2.47,12817,1489,3274,2092
2201,07746,6023,5944,79,5709,235,3.10,2.74,5944,141,3659,2050
2202,07747,13311,12839,472,9998,2841,2.67,1.94,12839,602,7186,2812
2203,07748,10437,10067,370,8515,1552,2.92,2.19,10067,395,5965,2550
2204,07750,1889,1479,410,1146,333,2.32,1.61,1479,91,572,574
2205,07751,7286,7018,268,6437,581,2.99,2.57,7018,193,4365,2072
2206,07753,16609,15843,766,10676,5167,2.45,2.06,15843,1949,6871,3805
2207,07755,2320,2037,283,1707,330,3.00,4.63,2037,30,998,709
2208,07756,2831,1773,1058,911,862,1.83,1.45,1773,226,412,499
2209,07757,2541,2384,157,2158,226,2.48,3.25,2384,0,1422,736
2210,07758,1636,1589,47,1250,339,2.97,1.84,1589,206,798,452
2211,07760,3869,3365,504,2872,493,2.94,1.98,3365,89,1814,1058
2212,07762,5158,4133,1025,2730,1403,2.33,1.47,4133,334,1419,1311
2213,07764,3172,2858,314,2112,746,2.77,1.81,2858,153,1460,652
2214,07801,8743,8299,444,3916,4383,3.33,2.91,8299,987,2785,1131
2215,07803,1451,1387,64,1217,170,2.82,3.19,1387,32,847,370
2216,07820,0,0,0,0,0,-,-,0,0,0,0
2217,07821,3840,3438,402,3047,391,2.70,2.66,3438,67,2117,930
2218,07822,385,352,33,352,0,3.06,-,352,0,216,136
2219,07823,3782,3640,142,2388,1252,2.36,1.62,3640,499,1310,1078
2220,07825,3771,3459,312,3105,354,2.82,2.12,3459,47,1991,1114
2221,07826,2750,2181,569,1866,315,2.56,2.24,2181,23,1180,686
2222,07827,2035,1613,422,1483,130,2.45,3.05,1613,98,850,633
2223,07828,5937,5699,238,3172,2527,2.89,2.15,5699,267,2462,710
2224,07830,2815,2777,38,2676,101,2.70,1.54,2777,27,1768,908
2225,07831,0,0,0,0,0,-,-,0,0,0,0
2226,07832,1396,1209,187,1087,122,2.63,1.83,1209,22,756,331
2227,07833,48,48,0,48,0,1.90,-,48,0,37,11
2228,07834,7446,6880,566,5785,1095,2.74,2.05,6880,428,3973,1812
2229,07836,4645,4458,187,2995,1463,3.14,1.93,4458,282,2227,768
2230,07838,1345,1274,71,1116,158,2.51,1.57,1274,16,739,377
2231,07840,12500,12148,352,8483,3665,2.67,2.18,12148,602,5900,2583
2232,07842,10,10,0,10,0,3.80,-,10,0,10,0
2233,07843,5052,4391,661,3750,641,2.52,2.77,4391,74,2623,1127
2234,07844,77,54,23,12,42,2.92,2.05,54,30,12,0
2235,07846,15,6,9,6,0,3.00,-,6,0,6,0
2236,07847,791,791,0,622,169,2.29,2.89,791,18,282,340
2237,07848,1779,1662,117,1451,211,2.48,2.19,1662,55,894,557
2238,07849,3802,3422,380,3007,415,2.70,1.90,3422,330,2031,976
2239,07850,2721,2494,227,1945,549,2.86,3.54,2494,62,1351,594
2240,07851,186,153,33,135,18,2.37,1.22,153,3,65,70
2241,07852,1510,1480,30,1235,245,2.64,2.18,1480,99,804,431
2242,07853,4436,4306,130,4086,220,2.93,3.79,4306,16,2886,1200
2243,07856,2239,1709,530,1137,572,2.45,2.17,1709,16,791,346
2244,07857,1931,1793,138,972,821,2.12,1.64,1793,252,805,167
2245,07860,11423,10152,1271,8050,2102,2.57,2.21,10152,641,5573,2477
2246,07863,1601,1510,91,1314,196,2.41,1.78,1510,42,729,585
2247,07865,926,895,31,739,156,3.11,4.08,895,17,543,196
2248,07866,8369,8274,95,6889,1385,2.94,1.75,8274,350,5120,1769
2249,07869,9361,9118,243,6955,2163,3.07,2.16,9118,257,4910,2045
2250,07870,21,21,0,21,0,2.38,-,21,0,0,21
2251,07871,8129,7538,591,6756,782,2.86,1.91,7538,256,5376,1380
2252,07874,3212,3091,121,2730,361,2.75,2.69,3091,39,1983,747
2253,07876,3328,3179,149,2966,213,2.89,2.24,3179,70,2105,861
2254,07878,246,246,0,219,27,2.03,3.19,246,0,104,115
2255,07880,102,102,0,79,23,3.09,4.48,102,0,37,42
2256,07881,16,5,11,5,0,1.80,-,5,0,0,5
2257,07882,6233,5836,397,4009,1827,2.72,1.95,5836,410,2740,1269
2258,07885,4813,4237,576,2770,1467,2.89,2.26,4237,129,2098,672
2259,07901,9051,8555,496,5810,2745,2.96,2.48,8555,509,3997,1813
2260,07920,10623,10227,396,8482,1745,2.83,2.21,10227,274,5562,2920
2261,07921,4154,3921,233,3123,798,1.99,1.71,3921,18,1908,1215
2262,07922,4302,4089,213,3937,152,2.88,2.41,4089,196,2463,1474
2263,07924,2772,2668,104,2342,326,2.98,2.32,2668,60,1613,729
2264,07926,19,19,0,11,8,5.18,-,19,0,11,0
2265,07927,1917,1812,105,1073,739,2.55,2.06,1812,46,822,251
2266,07928,6886,6614,272,5498,1116,3.12,1.95,6614,158,3845,1653
2267,07930,3071,2955,116,2705,250,2.92,2.09,2955,81,1796,909
2268,07931,1350,1185,165,1027,158,2.87,2.78,1185,6,467,560
2269,07932,4567,4351,216,3065,1286,2.59,2.20,4351,113,1847,1218
2270,07933,952,952,0,871,81,2.53,5.38,952,0,455,416
2271,07934,498,498,0,438,60,2.94,1.13,498,15,273,165
2272,07935,145,135,10,119,16,2.76,3.75,135,0,56,63
2273,07936,3869,3797,72,3560,237,2.92,3.04,3797,101,2097,1463
2274,07939,26,26,0,13,13,-,-,26,13,0,13
2275,07940,5961,5710,251,3663,2047,3.05,2.07,5710,346,2622,1041
2276,07945,3444,3377,67,3081,296,2.83,1.69,3377,113,2267,814
2277,07946,1090,1038,52,994,44,2.99,2.48,1038,11,583,411
2278,07950,8145,7938,207,6087,1851,2.66,2.04,7938,203,3796,2291
2279,07960,19212,18312,900,11319,6993,2.68,2.07,18312,1139,7433,3886
2280,07961,0,0,0,0,0,-,-,0,0,0,0
2281,07970,75,75,0,75,0,3.09,-,75,0,75,0
2282,07974,4671,4588,83,3797,791,2.91,2.26,4588,188,2488,1309
2283,07976,129,129,0,62,67,2.18,2.28,129,6,30,32
2284,07977,212,212,0,108,104,2.94,2.17,212,0,89,19
2285,07979,57,57,0,57,0,2.46,-,57,0,57,0
2286,07980,944,913,31,647,266,3.37,2.66,913,22,474,173
2287,07981,3892,3809,83,3359,450,2.43,1.88,3809,173,1879,1480
2288,08001,306,284,22,229,55,2.38,2.42,284,0,132,97
2289,08002,9841,9052,789,6018,3034,2.81,2.08,9052,629,3704,2314
2290,08003,11881,11143,738,9768,1375,2.88,1.94,11143,294,6087,3681
2291,08004,4049,3838,211,3308,530,2.84,2.22,3838,64,2323,985
2292,08005,11450,10093,1357,9019,1074,2.49,2.58,10093,225,5220,3799
2293,08006,1257,214,1043,199,15,1.99,1.20,214,8,110,89
2294,08007,2503,2390,113,1360,1030,2.62,1.88,2390,283,691,669
2295,08008,17284,3355,13929,3100,255,2.06,1.93,3355,125,1380,1720
2296,08009,5641,5391,250,4355,1036,2.62,2.40,5391,354,2994,1361
2297,08010,4713,4202,511,2886,1316,2.64,2.59,4202,413,1843,1043
2298,08011,0,0,0,0,0,-,-,0,0,0,0
2299,08012,15982,15076,906,10170,4906,2.71,2.22,15076,945,7058,3112
2300,08014,193,124,69,124,0,3.19,-,124,0,75,49
2301,08015,8120,7243,877,5967,1276,2.63,2.63,7243,449,3433,2534
2302,08016,13473,12594,879,9369,3225,2.84,2.24,12594,1138,6804,2565
2303,08019,402,375,27,328,47,2.61,3.02,375,19,146,182
2304,08020,968,968,0,908,60,2.58,2.67,968,20,632,276
2305,08021,22452,21033,1419,10402,10631,2.60,1.98,21033,2464,7073,3329
2306,08022,3943,3815,128,3613,202,2.51,2.17,3815,143,2203,1410
2307,08023,158,119,39,48,71,3.67,1.93,119,9,48,0
2308,08026,810,758,52,684,74,3.01,3.19,758,44,449,235
2309,08027,2100,1978,122,1708,270,2.49,2.51,1978,136,986,722
2310,08028,7845,7080,765,4537,2543,2.72,2.58,7080,467,2920,1617
2311,08029,2326,2253,73,1575,678,2.77,1.77,2253,200,938,637
2312,08030,5692,5129,563,3402,1727,2.50,2.72,5129,674,2138,1264
2313,08031,5043,4696,347,2935,1761,2.60,2.25,4696,386,1917,1018
2314,08032,96,96,0,96,0,4.14,-,96,0,91,5
2315,08033,6669,6308,361,4662,1646,2.95,1.67,6308,270,2994,1668
2316,08034,7910,7689,221,6130,1559,2.53,2.39,7689,243,3613,2517
2317,08035,3391,3194,197,2461,733,2.60,1.63,3194,194,1546,915
2318,08036,2587,2474,113,2286,188,2.47,1.89,2474,131,1544,742
2319,08037,9766,8907,859,6668,2239,2.63,2.22,8907,442,4072,2596
2320,08038,172,163,9,82,81,3.11,1.91,163,0,48,34
2321,08039,6,6,0,6,0,3.17,-,6,0,6,0
2322,08041,435,402,33,393,9,2.34,-,402,5,291,102
2323,08042,31,31,0,18,13,2.33,6.38,31,4,9,9
2324,08043,12295,11683,612,7563,4120,2.88,1.98,11683,726,4375,3188
2325,08045,1261,1198,63,841,357,2.66,2.02,1198,143,480,361
2326,08046,11758,10701,1057,8463,2238,2.94,3.06,10701,396,6345,2118
2327,08048,5148,4793,355,3610,1183,2.85,1.95,4793,331,2527,1083
2328,08049,2228,2058,170,1488,570,2.61,2.36,2058,49,1052,436
2329,08050,13910,10646,3264,9434,1212,2.50,2.33,10646,321,5913,3521
2330,08051,4487,4298,189,3362,936,2.67,2.92,4298,106,2305,1057
2331,08052,9468,8767,701,3983,4784,2.66,1.87,8767,574,2511,1472
2332,08053,19710,18653,1057,13591,5062,2.74,1.84,18653,668,9559,4032
2333,08054,19475,18545,930,14262,4283,2.45,2.19,18545,444,9628,4634
2334,08055,10742,10332,410,9175,1157,2.83,2.05,10332,262,6346,2829
2335,08056,1848,1729,119,1680,49,3.31,1.67,1729,51,1310,370
2336,08057,8024,7490,534,6365,1125,2.78,2.51,7490,354,4022,2343
2337,08059,2395,2249,146,1429,820,2.78,2.04,2249,125,952,477
2338,08060,9898,9312,586,6729,2583,2.80,2.19,9312,736,5058,1671
2339,08061,1308,1265,43,1227,38,2.69,3.00,1265,0,1006,221
2340,08062,6003,5701,302,5290,411,3.14,2.41,5701,174,3767,1523
2341,08063,1202,1125,77,1005,120,2.76,2.63,1125,4,712,293
2342,08064,37,37,0,37,0,1.43,-,37,0,37,0
2343,08065,3391,3078,313,2268,810,2.44,2.34,3078,84,1640,628
2344,08066,4397,3761,636,2445,1316,2.20,2.17,3761,410,1296,1149
2345,08067,618,569,49,481,88,2.79,3.33,569,11,346,135
2346,08068,3002,2832,170,1754,1078,2.74,1.89,2832,153,1149,605
2347,08069,5589,4995,594,2753,2242,2.69,2.52,4995,943,1603,1150
2348,08070,5795,5127,668,3911,1216,2.56,1.94,5127,330,2336,1575
2349,08071,4038,3742,296,2730,1012,2.73,1.76,3742,266,1826,904
2350,08072,151,133,18,106,27,2.58,2.85,133,0,58,48
2351,08073,0,0,0,0,0,-,-,0,0,0,0
2352,08074,32,32,0,32,0,4.00,-,32,0,32,0
2353,08075,12594,11748,846,7931,3817,2.76,2.17,11748,691,5540,2391
2354,08077,7597,7200,397,6248,952,2.84,2.43,7200,160,4348,1900
2355,08078,3328,3053,275,2097,956,2.90,2.02,3053,235,1521,576
2356,08079,5025,4112,913,2367,1745,2.36,2.56,4112,712,1206,1161
2357,08080,14642,14080,562,12540,1540,2.76,2.80,14080,582,8692,3848
2358,08081,18476,17337,1139,13875,3462,2.99,2.89,17337,849,10356,3519
2359,08083,3891,3691,200,2929,762,2.76,2.13,3691,142,2208,721
2360,08084,2653,2598,55,1995,603,2.87,1.89,2598,181,1356,639
2361,08085,7419,7080,339,5762,1318,2.96,2.96,7080,72,4280,1482
2362,08086,3704,3468,236,2361,1107,2.41,1.81,3468,162,1577,784
2363,08087,13162,10601,2561,8928,1673,2.37,2.10,10601,444,5493,3435
2364,08088,9642,9189,453,8744,445,2.56,2.68,9189,299,5364,3380
2365,08089,1454,1363,91,1256,107,3.11,2.07,1363,45,847,409
2366,08090,3171,3061,110,2773,288,3.02,3.48,3061,123,2035,738
2367,08091,2215,2105,110,1493,612,2.65,3.02,2105,135,1002,491
2368,08092,1415,1141,274,946,195,2.78,2.12,1141,45,617,329
2369,08093,4678,4218,460,2460,1758,2.56,1.98,4218,485,1608,852
2370,08094,15757,14952,805,12658,2294,2.80,2.24,14952,662,8751,3907
2371,08095,0,0,0,0,0,-,-,0,0,0,0
2372,08096,14714,13643,1071,10064,3579,2.83,1.98,13643,1267,6591,3473
2373,08097,1230,1200,30,1064,136,2.81,2.51,1200,17,707,357
2374,08098,3822,3493,329,2681,812,2.67,2.02,3493,166,1778,903
2375,08102,3568,3095,473,634,2461,3.25,2.32,3095,1076,141,493
2376,08103,5393,4355,1038,1737,2618,2.72,2.61,4355,1646,820,917
2377,08104,10226,8537,1689,3064,5473,2.36,2.56,8537,2884,1932,1132
2378,08105,9100,8411,689,3740,4671,3.26,3.16,8411,2494,2276,1464
2379,08106,4030,3835,195,2504,1331,2.95,1.75,3835,281,1790,714
2380,08107,6087,5710,377,2935,2775,2.82,1.99,5710,704,2048,887
2381,08108,8809,8385,424,5397,2988,2.59,1.60,8385,701,3750,1647
2382,08109,9167,8635,532,6288,2347,2.83,2.24,8635,801,4278,2010
2383,08110,6642,6098,544,4428,1670,3.37,2.82,6098,699,3378,1050
2384,08201,4469,4075,394,2684,1391,2.64,2.16,4075,381,1830,854
2385,08202,5628,789,4839,767,22,2.00,1.91,789,14,327,440
2386,08203,9177,3769,5408,2749,1020,2.11,2.04,3769,196,1619,1130
2387,08204,12932,7614,5318,5948,1666,2.22,2.21,7614,533,3685,2263
2388,08205,12042,11031,1011,8767,2264,2.57,2.26,11031,774,5832,2935
2389,08210,8126,7039,1087,5743,1296,2.50,1.83,7039,421,3658,2085
2390,08212,675,79,596,79,0,1.39,-,79,2,25,54
2391,08215,5921,5594,327,3852,1742,2.78,1.93,5594,500,2614,1238
2392,08217,0,0,0,0,0,-,-,0,0,0,0
2393,08221,2842,2621,221,2274,347,2.66,2.13,2621,107,1515,759
2394,08223,2406,1868,538,1641,227,2.28,2.00,1868,33,1064,577
2395,08224,90,62,28,62,0,3.40,-,62,0,50,12
2396,08225,3251,3084,167,2757,327,2.73,2.23,3084,73,1744,1013
2397,08226,20835,5353,15482,3764,1589,2.11,1.96,5353,488,1980,1784
2398,08230,2592,2099,493,2035,64,2.64,3.81,2099,9,1316,719
2399,08232,7159,6359,800,3007,3352,3.40,2.87,6359,1356,1763,1244
2400,08234,17227,15773,1454,13295,2478,2.90,2.97,15773,544,8814,4481
2401,08240,5,5,0,5,0,1.80,-,5,5,0,5
2402,08241,483,450,33,428,22,2.33,2.41,450,10,265,163
2403,08242,2207,1782,425,1226,556,2.19,1.96,1782,77,745,481
2404,08243,6821,1083,5738,1006,77,1.86,2.44,1083,61,550,456
2405,08244,5679,4635,1044,2343,2292,2.21,2.36,4635,606,1357,986
2406,08245,0,0,0,0,0,-,-,0,0,0,0
2407,08246,135,26,109,26,0,2.04,-,26,0,0,26
2408,08247,3346,553,2793,502,51,1.92,1.61,553,25,273,229
2409,08248,475,76,399,76,0,2.12,-,76,0,33,43
2410,08251,6727,4658,2069,3810,848,2.18,2.75,4658,103,2450,1360
2411,08260,23333,6145,17188,3968,2177,2.06,1.98,6145,859,2248,1720
2412,08270,3640,3101,539,2480,621,2.54,2.55,3101,126,1743,737
2413,08302,15278,13716,1562,8251,5465,2.93,3.34,13716,1541,4879,3372
2414,08310,635,567,68,416,151,2.17,2.26,567,15,173,243
2415,08311,704,544,160,472,72,3.05,4.46,544,32,251,221
2416,08312,3244,2921,323,2205,716,2.93,2.50,2921,93,1681,524
2417,08314,214,180,34,167,13,2.60,4.23,180,0,121,46
2418,08316,154,85,69,53,32,1.75,-,85,8,36,17
2419,08317,623,571,52,441,130,2.19,3.18,571,30,274,167
2420,08318,4801,4482,319,3743,739,2.72,2.28,4482,179,2099,1644
2421,08319,531,451,80,445,6,2.89,3.33,451,2,283,162
2422,08320,0,0,0,0,0,-,-,0,0,0,0
2423,08321,271,70,201,50,20,1.46,2.25,70,2,9,41
2424,08322,3598,3418,180,3023,395,3.06,2.42,3418,39,2162,861
2425,08323,278,223,55,188,35,2.32,2.26,223,7,102,86
2426,08324,153,100,53,57,43,2.25,4.19,100,0,24,33
2427,08326,516,443,73,315,128,2.82,2.80,443,11,225,90
2428,08327,192,192,0,151,41,2.77,1.20,192,0,77,74
2429,08328,668,634,34,547,87,2.97,1.72,634,34,411,136
2430,08329,119,103,16,89,14,2.82,-,103,0,48,41
2431,08330,12390,11503,887,8627,2876,2.52,2.48,11503,737,5813,2814
2432,08332,15872,14571,1301,9960,4611,2.47,2.29,14571,2047,6184,3776
2433,08340,386,386,0,305,81,2.63,2.10,386,0,189,116
2434,08341,870,846,24,350,496,2.78,2.45,846,159,214,136
2435,08343,1712,1572,140,1452,120,3.07,2.76,1572,24,789,663
2436,08344,2152,1930,222,1821,109,2.41,1.86,1930,63,893,928
2437,08345,446,292,154,268,24,2.10,3.54,292,18,138,130
2438,08346,194,194,0,194,0,2.49,-,194,0,122,72
2439,08348,22,22,0,15,7,2.40,2.00,22,0,8,7
2440,08349,1063,837,226,543,294,2.51,3.68,837,57,211,332
2441,08350,207,150,57,150,0,3.12,-,150,0,113,37
2442,08352,115,115,0,63,52,1.67,6.46,115,0,34,29
2443,08353,133,120,13,84,36,2.85,2.33,120,2,34,50
2444,08360,16293,15543,750,9741,5802,2.95,2.53,15543,1189,6425,3316
2445,08361,7017,6520,497,5193,1327,2.86,2.05,6520,408,3043,2150
2446,08401,20731,16176,4555,4520,11656,2.23,2.39,16176,7015,2450,2070
2447,08402,6888,2651,4237,2288,363,2.10,1.57,2651,147,1144,1144
2448,08403,1594,482,1112,395,87,1.84,2.05,482,28,158,237
2449,08406,7642,4243,3399,2744,1499,2.31,1.99,4243,517,1407,1337
2450,08501,2497,2476,21,2247,229,2.64,2.02,2476,18,1360,887
2451,08502,3776,3717,59,3102,615,3.14,2.57,3717,94,2475,627
2452,08505,7268,6831,437,4888,1943,2.58,2.29,6831,122,3609,1279
2453,08510,1768,1738,30,1592,146,3.03,2.57,1738,0,1133,459
2454,08511,345,339,6,207,132,2.61,2.26,339,0,140,67
2455,08512,4678,4406,272,2754,1652,2.70,2.43,4406,341,1439,1315
2456,08514,2166,1976,190,1774,202,2.63,2.39,1976,53,988,786
2457,08515,2325,2272,53,2136,136,3.33,2.54,2272,31,1614,522
2458,08518,2373,2214,159,1387,827,2.81,2.09,2214,128,1186,201
2459,08520,11206,10362,844,7339,3023,3.00,2.51,10362,661,5609,1730
2460,08525,1983,1828,155,1517,311,2.56,2.27,1828,62,995,522
2461,08527,21692,20567,1125,17689,2878,2.79,2.69,20567,941,11848,5841
2462,08528,187,187,0,187,0,1.17,-,187,0,33,154
2463,08530,3563,3291,272,2353,938,2.50,1.80,3291,81,1694,659
2464,08533,2522,2431,91,1925,506,2.59,2.73,2431,65,1393,532
2465,08534,4898,4574,324,3834,740,2.87,2.14,4574,187,2319,1515
2466,08535,1778,1669,109,1518,151,3.13,2.91,1669,22,1140,378
2467,08536,8684,8168,516,3636,4532,2.83,2.26,8168,423,2378,1258
2468,08540,19020,17695,1325,11568,6127,2.77,2.38,17695,1272,6963,4605
2469,08542,1366,1007,359,386,621,2.70,2.40,1007,272,251,135
2470,08544,0,0,0,0,0,-,-,0,0,0,0
2471,08550,7649,7310,339,5677,1633,2.92,2.44,7310,314,3693,1984
2472,08551,2088,1975,113,1796,179,2.94,1.60,1975,77,1171,625
2473,08553,298,280,18,241,39,2.80,1.59,280,3,124,117
2474,08554,1699,1646,53,1341,305,2.45,3.13,1646,31,999,342
2475,08555,350,339,11,279,60,2.71,4.18,339,6,162,117
2476,08558,2771,2610,161,2191,419,3.10,2.20,2610,233,1609,582
2477,08559,2487,2253,234,1941,312,2.40,2.04,2253,67,1199,742
2478,08560,1589,1483,106,1366,117,2.57,3.34,1483,15,666,700
2479,08561,144,144,0,77,67,3.60,2.33,144,0,46,31
2480,08562,1640,1476,164,1119,357,2.67,2.62,1476,37,632,487
2481,08608,634,505,129,31,474,2.16,1.90,505,228,31,0
2482,08609,5249,4364,885,1339,3025,3.26,2.81,4364,1383,411,928
2483,08610,12199,11675,524,7774,3901,2.88,2.50,11675,695,5027,2747
2484,08611,11486,10269,1217,3925,6344,2.66,3.14,10269,2798,2428,1497
2485,08618,15839,13691,2148,5607,8084,2.74,2.40,13691,3562,3381,2226
2486,08619,9588,9103,485,6416,2687,2.66,2.23,9103,542,4356,2060
2487,08620,4433,4152,281,3409,743,2.85,1.94,4152,72,1880,1529
2488,08628,4515,4092,423,2515,1577,2.24,1.88,4092,86,1510,1005
2489,08629,4420,4208,212,2874,1334,3.15,2.75,4208,339,1741,1133
2490,08638,10154,8723,1431,5055,3668,2.65,2.52,8723,1676,3132,1923
2491,08640,930,866,64,2,864,2.50,3.24,866,13,2,0
2492,08641,1535,1432,103,0,1432,-,3.35,1432,7,0,0
2493,08648,12315,11480,835,7921,3559,2.82,2.21,11480,538,5449,2472
2494,08690,8151,7857,294,6547,1310,2.70,1.91,7857,188,4245,2302
2495,08691,6982,6635,347,5452,1183,2.68,1.77,6635,424,3825,1627
2496,08701,32922,30408,2514,15475,14933,4.31,4.13,30408,2928,8952,6523
2497,08720,215,215,0,166,49,3.06,1.71,215,0,94,72
2498,08721,9074,7862,1212,6655,1207,2.64,3.11,7862,334,4795,1860
2499,08722,4168,3916,252,3564,352,2.75,2.96,3916,182,2656,908
2500,08723,13825,12649,1176,9783,2866,2.64,2.32,12649,685,6948,2835
2501,08724,17337,15927,1410,13143,2784,2.52,2.27,15927,475,8781,4362
2502,08730,2139,1805,334,1701,104,2.78,2.13,1805,95,1061,640
2503,08731,9523,8504,1019,7209,1295,2.46,2.54,8504,248,4591,2618
2504,08732,773,664,109,598,66,2.19,2.09,664,3,379,219
2505,08733,1098,1037,61,647,390,2.68,2.40,1037,89,458,189
2506,08734,2862,2532,330,2383,149,2.99,2.59,2532,58,1595,788
2507,08735,7337,2156,5181,1844,312,1.84,1.87,2156,67,670,1174
2508,08736,6314,5297,1017,4701,596,2.62,1.77,5297,118,3166,1535
2509,08738,1767,634,1133,578,56,2.20,2.21,634,26,201,377
2510,08740,1242,757,485,566,191,2.18,2.06,757,40,369,197
2511,08741,1204,1051,153,972,79,2.53,3.30,1051,23,681,291
2512,08742,12573,10376,2197,8169,2207,2.42,2.23,10376,359,5339,2830
2513,08750,2016,1475,541,1315,160,2.33,3.15,1475,24,628,687
2514,08751,5238,1928,3310,1168,760,1.86,1.96,1928,282,466,702
2515,08752,4144,1335,2809,1095,240,1.82,1.54,1335,133,477,618
2516,08753,27449,24947,2502,19889,5058,2.61,2.43,24947,1078,14322,5567
2517,08755,11075,10299,776,8387,1912,2.57,2.45,10299,880,4704,3683
2518,08757,19478,17702,1776,15032,2670,1.94,2.08,17702,1706,7467,7565
2519,08758,3829,3303,526,2973,330,2.35,2.36,3303,142,1834,1139
2520,08759,22203,19912,2291,17267,2645,1.70,1.54,19912,2351,5545,11722
2521,08801,2721,2530,191,2125,405,2.53,1.88,2530,36,1454,671
2522,08802,1532,1461,71,1361,100,3.03,1.74,1461,77,871,490
2523,08804,1236,1138,98,895,243,2.86,1.56,1138,2,612,283
2524,08805,5524,5128,396,2564,2564,3.01,2.28,5128,485,1816,748
2525,08807,14268,13740,528,11324,2416,2.88,2.36,13740,572,7395,3929
2526,08809,2263,2231,32,1729,502,2.65,1.89,2231,72,1300,429
2527,08810,2899,2761,138,2460,301,2.96,3.02,2761,25,1881,579
2528,08812,4947,4544,403,3509,1035,2.95,3.29,4544,127,2572,937
2529,08816,17150,16472,678,13519,2953,3.01,2.72,16472,822,8793,4726
2530,08817,17130,16234,896,9024,7210,2.95,2.84,16234,755,5367,3657
2531,08820,13485,13310,175,10020,3290,2.99,3.00,13310,850,5989,4031
2532,08821,200,165,35,165,0,3.32,-,165,0,136,29
2533,08822,11890,11462,428,8966,2496,2.74,2.31,11462,339,6353,2613
2534,08823,3554,3476,78,2410,1066,2.54,2.69,3476,154,1660,750
2535,08824,4675,4503,172,3949,554,3.04,2.73,4503,109,2836,1113
2536,08825,2043,1917,126,1537,380,2.45,2.06,1917,102,985,552
2537,08826,2298,2181,117,1878,303,2.55,1.72,2181,56,1247,631
2538,08827,1697,1561,136,1404,157,2.47,2.23,1561,70,1023,381
2539,08828,999,991,8,723,268,2.43,2.28,991,65,468,255
2540,08829,1491,1427,64,1102,325,2.59,2.14,1427,88,879,223
2541,08830,6817,6410,407,4554,1856,2.82,2.61,6410,384,3001,1553
2542,08831,24167,22751,1416,20309,2442,2.39,2.01,22751,1580,11253,9056
2543,08832,1009,976,33,218,758,3.17,2.96,976,191,113,105
2544,08833,3706,3516,190,3031,485,2.59,2.27,3516,48,1783,1248
2545,08835,4638,4380,258,3287,1093,2.44,2.59,4380,460,2041,1246
2546,08836,1345,1336,9,1295,41,3.15,3.20,1336,0,870,425
2547,08837,7245,6874,371,3445,3429,2.97,2.51,6874,477,2319,1126
2548,08840,6340,6083,257,4723,1360,3.12,2.23,6083,270,3143,1580
2549,08844,15928,15293,635,12845,2448,2.81,2.64,15293,479,9233,3612
2550,08846,5603,5459,144,4063,1396,2.71,2.51,5459,285,2905,1158
2551,08848,3187,2993,194,2767,226,2.88,2.18,2993,54,1886,881
2552,08850,3138,3043,95,2505,538,2.77,2.65,3043,118,1570,935
2553,08852,7331,7141,190,4855,2286,2.61,2.51,7141,395,3453,1402
2554,08853,1996,1913,83,1615,298,2.89,1.96,1913,0,1228,387
2555,08854,17699,16954,745,11153,5801,3.24,2.64,16954,821,7647,3506
2556,08857,16223,15753,470,10419,5334,2.88,1.96,15753,1065,6991,3428
2557,08858,0,0,0,0,0,-,-,0,0,0,0
2558,08859,8989,8837,152,5303,3534,3.00,2.41,8837,367,3346,1957
2559,08861,20017,19135,882,6497,12638,3.10,2.91,19135,3862,4521,1976
2560,08863,4593,4349,244,3082,1267,3.24,2.30,4349,375,2206,876
2561,08865,13923,12885,1038,8604,4281,2.38,2.20,12885,1157,5293,3311
2562,08867,1990,1892,98,1770,122,2.88,2.33,1892,7,1167,603
2563,08869,3256,3119,137,1744,1375,2.81,2.24,3119,188,1059,685
2564,08872,7829,7501,328,4443,3058,2.71,2.50,7501,436,2838,1605
2565,08873,22086,20794,1292,14225,6569,2.65,2.56,20794,831,8921,5304
2566,08876,9324,8926,398,5925,3001,2.64,2.21,8926,633,3994,1931
2567,08879,9520,9004,516,5298,3706,2.66,2.12,9004,636,3640,1658
2568,08880,1860,1778,82,992,786,2.42,3.03,1778,184,653,339
2569,08882,5972,5658,314,3753,1905,2.81,2.90,5658,471,2113,1640
2570,08884,3189,3143,46,2585,558,2.83,1.52,3143,296,1427,1158
2571,08886,2548,2519,29,2119,400,2.95,2.34,2519,41,1542,577
2572,08887,626,584,42,376,208,2.15,2.29,584,23,278,98
2573,08889,4276,4242,34,3768,474,2.49,1.82,4242,204,2245,1523
2574,08890,47,7,40,0,7,-,2.14,7,0,0,0
2575,08901,16698,15464,1234,3059,12405,3.17,3.00,15464,4849,1978,1081
2576,08902,15962,15488,474,8805,6683,2.81,2.56,15488,978,6056,2749
2577,08904,6944,6502,442,2666,3836,2.93,1.85,6502,957,1724,942
2578,10001,16580,14273,2307,3780,10493,1.99,1.72,14273,12298,1467,2313
2579,10002,37713,34737,2976,5850,28887,2.04,2.19,34737,28910,2413,3437
2580,10003,30843,25181,5662,9245,15936,1.85,1.70,25181,20012,4596,4649
2581,10004,2760,2113,647,864,1249,2.61,2.03,2113,1463,537,327
2582,10005,6358,4782,1576,795,3987,1.98,1.77,4782,4369,508,287
2583,10006,2394,1991,403,348,1643,1.59,2.03,1991,1637,228,120
2584,10007,3887,3246,641,1018,2228,2.89,2.00,3246,2387,623,395
2585,10009,31857,29407,2450,2765,26642,2.35,1.98,29407,23041,825,1940
2586,10010,19033,16207,2826,4884,11323,1.84,1.93,16207,11764,2702,2182
2587,10011,34964,29222,5742,11017,18205,1.82,1.62,29222,22887,5904,5113
2588,10012,14612,11964,2648,2359,9605,2.03,1.71,11964,9730,959,1400
2589,10013,15205,12334,2871,3557,8777,2.29,2.19,12334,8938,1677,1880
2590,10014,21850,17685,4165,5242,12443,1.94,1.55,17685,14351,2781,2461
2591,10016,36328,30115,6213,8458,21657,1.95,1.75,30115,25442,4779,3679
2592,10017,12553,9471,3082,3010,6461,1.68,1.59,9471,7531,1256,1754
2593,10018,5331,4535,796,633,3902,1.83,1.73,4535,4027,203,430
2594,10019,32989,26403,6586,6016,20387,1.55,1.68,26403,22038,2851,3165
2595,10020,0,0,0,0,0,-,-,0,0,0,0
2596,10021,30022,21312,8710,9695,11617,2.05,1.90,21312,14041,3742,5953
2597,10022,25269,18294,6975,8989,9305,1.89,1.69,18294,13617,3400,5589
2598,10023,45139,35480,9659,13520,21960,1.84,1.78,35480,24969,6964,6556
2599,10024,36322,29475,6847,11266,18209,2.39,1.97,29475,21094,5751,5515
2600,10025,47891,41418,6473,13365,28053,2.27,2.18,41418,31349,6547,6818
2601,10026,16953,15034,1919,3077,11957,2.28,2.63,15034,10910,2183,894
2602,10027,26500,23638,2862,3249,20389,2.42,2.43,23638,18138,1708,1541
2603,10028,29860,24790,5070,8538,16252,2.12,1.82,24790,17259,3420,5118
2604,10029,36798,33024,3774,2358,30666,2.23,2.26,33024,27487,1065,1293
2605,10030,14479,13111,1368,1915,11196,2.52,2.31,13111,10237,1271,644
2606,10031,23917,21473,2444,2819,18654,2.63,2.88,21473,17165,1301,1518
2607,10032,23841,21959,1882,2104,19855,2.51,2.71,21959,17934,1194,910
2608,10033,21406,20079,1327,2728,17351,2.25,3.10,20079,15185,1734,994
2609,10034,16875,15763,1112,1464,14299,2.27,2.80,15763,11150,961,503
2610,10035,15623,14350,1273,1389,12961,2.51,2.32,14350,12024,843,546
2611,10036,22339,18598,3741,1655,16943,2.00,1.56,18598,16186,932,723
2612,10037,11150,9922,1228,617,9305,2.33,1.89,9922,8012,259,358
2613,10038,12520,10494,2026,2999,7495,2.17,2.10,10494,8558,1104,1895
2614,10039,12294,11550,744,1817,9733,2.15,2.37,11550,9056,1035,782
2615,10040,17350,16502,848,2136,14366,1.83,2.83,16502,12460,988,1148
2616,10044,5825,4914,911,1128,3786,2.43,2.17,4914,3687,583,545
2617,10065,22304,16112,6192,5056,11056,2.05,1.86,16112,12035,1957,3099
2618,10069,3534,2651,883,891,1760,2.03,2.25,2651,1766,599,292
2619,10075,14542,12227,2315,5488,6739,2.13,1.66,12227,8457,2510,2978
2620,10103,0,0,0,0,0,-,-,0,0,0,0
2621,10110,0,0,0,0,0,-,-,0,0,0,0
2622,10111,0,0,0,0,0,-,-,0,0,0,0
2623,10112,0,0,0,0,0,-,-,0,0,0,0
2624,10115,0,0,0,0,0,-,-,0,0,0,0
2625,10119,0,0,0,0,0,-,-,0,0,0,0
2626,10128,35628,29351,6277,9293,20058,2.24,1.84,29351,21282,4778,4515
2627,10152,49,0,49,0,0,-,-,0,0,0,0
2628,10153,0,0,0,0,0,-,-,0,0,0,0
2629,10154,0,0,0,0,0,-,-,0,0,0,0
2630,10162,1323,1208,115,0,1208,-,1.88,1208,744,0,0
2631,10165,0,0,0,0,0,-,-,0,0,0,0
2632,10167,0,0,0,0,0,-,-,0,0,0,0
2633,10168,0,0,0,0,0,-,-,0,0,0,0
2634,10169,0,0,0,0,0,-,-,0,0,0,0
2635,10170,0,0,0,0,0,-,-,0,0,0,0
2636,10171,0,0,0,0,0,-,-,0,0,0,0
2637,10172,0,0,0,0,0,-,-,0,0,0,0
2638,10173,0,0,0,0,0,-,-,0,0,0,0
2639,10174,0,0,0,0,0,-,-,0,0,0,0
2640,10177,0,0,0,0,0,-,-,0,0,0,0
2641,10199,0,0,0,0,0,-,-,0,0,0,0
2642,10271,0,0,0,0,0,-,-,0,0,0,0
2643,10278,0,0,0,0,0,-,-,0,0,0,0
2644,10279,118,56,62,0,56,-,2.34,56,56,0,0
2645,10280,4891,4208,683,1303,2905,1.87,2.12,4208,3456,462,841
2646,10282,2916,2581,335,246,2335,3.72,2.36,2581,1698,169,77
2647,10301,16471,14308,2163,6543,7765,2.96,2.28,14308,4273,4357,2186
2648,10302,6580,5597,983,3190,2407,3.36,3.03,5597,1319,2213,977
2649,10303,9384,8387,997,5193,3194,3.34,3.14,8387,2313,3789,1404
2650,10304,16724,15160,1564,7344,7816,3.13,2.47,15160,3812,4655,2689
2651,10305,17067,15969,1098,10532,5437,2.95,2.33,15969,2991,6807,3725
2652,10306,21032,19820,1212,14164,5656,2.95,2.38,19820,2958,9171,4993
2653,10307,5385,5146,239,4032,1114,3.09,2.08,5146,345,2851,1181
2654,10308,11364,10488,876,8217,2271,3.07,2.25,10488,897,5360,2857
2655,10309,12494,12114,380,9919,2195,3.08,2.30,12114,668,6876,3043
2656,10310,9975,9070,905,5590,3480,2.98,2.62,9070,1799,3712,1878
2657,10311,0,0,0,0,0,-,-,0,0,0,0
2658,10312,22742,21708,1034,17870,3838,3.13,2.06,21708,1361,12267,5603
2659,10314,33793,31761,2032,23841,7920,3.06,2.48,31761,3309,15175,8666
2660,10451,20916,20434,482,2872,17562,2.33,2.45,20434,15370,1184,1688
2661,10452,28548,27940,608,759,27181,2.91,2.80,27940,22322,376,383
2662,10453,28491,27864,627,1385,26479,3.13,2.81,27864,20401,764,621
2663,10454,14769,14259,510,657,13602,3.95,2.59,14259,10688,516,141
2664,10455,16056,15673,383,1426,14247,2.41,2.67,15673,11810,866,560
2665,10456,32745,31718,1027,1788,29930,3.23,2.72,31718,24287,1033,755
2666,10457,26662,25682,980,1560,24122,3.28,2.93,25682,18208,823,737
2667,10458,31175,29090,2085,993,28097,2.77,2.85,29090,21127,594,399
2668,10459,18268,17453,815,2126,15327,2.96,2.87,17453,11296,1641,485
2669,10460,22513,21480,1033,2308,19172,3.65,2.62,21480,14811,1496,812
2670,10461,20305,19084,1221,6433,12651,3.15,2.47,19084,7194,4120,2313
2671,10462,31393,29843,1550,6637,23206,2.99,2.51,29843,15978,4043,2594
2672,10463,30909,30201,708,9946,20255,2.24,2.40,30201,14140,4424,5522
2673,10464,2109,1958,151,1313,645,2.32,2.11,1958,203,699,614
2674,10465,17223,16211,1012,9147,7064,2.89,2.50,16211,3829,5948,3199
2675,10466,26039,25014,1025,9941,15073,3.38,2.74,25014,10248,7078,2863
2676,10467,40071,38175,1896,5282,32893,2.84,2.58,38175,23461,2697,2585
2677,10468,28837,27795,1042,2210,25585,2.35,2.95,27795,20002,1162,1048
2678,10469,24638,23517,1121,11709,11808,3.39,2.79,23517,7932,8130,3579
2679,10470,6597,6412,185,2317,4095,2.77,2.38,6412,2503,1283,1034
2680,10471,9536,9015,521,4845,4170,2.23,2.17,9015,2733,2534,2311
2681,10472,23962,21876,2086,3371,18505,3.55,2.91,21876,13661,1891,1480
2682,10473,23068,22362,706,6590,15772,3.10,2.51,22362,10261,4128,2462
2683,10474,3891,3649,242,328,3321,2.26,2.84,3649,2695,207,121
2684,10475,18764,18608,156,7673,10935,2.35,2.29,18608,8327,2374,5299
2685,10501,533,495,38,456,39,3.07,1.28,495,5,223,233
2686,10502,1964,1882,82,1542,340,3.23,2.56,1882,93,1060,482
2687,10503,50,50,0,50,0,1.42,-,50,0,16,34
2688,10504,2993,2753,240,2504,249,3.06,2.76,2753,46,1752,752
2689,10505,411,411,0,237,174,3.73,2.04,411,107,163,74
2690,10506,2269,2033,236,1933,100,2.94,2.68,2033,0,1445,488
2691,10507,2214,1984,230,1080,904,3.07,2.41,1984,131,756,324
2692,10509,7640,7126,514,5648,1478,2.85,2.60,7126,317,3809,1839
2693,10510,4019,3776,243,3069,707,2.87,2.15,3776,277,2138,931
2694,10511,897,742,155,615,127,3.16,2.28,742,56,421,194
2695,10512,10034,9213,821,7605,1608,2.74,2.02,9213,572,5159,2446
2696,10514,4479,4327,152,3987,340,3.09,2.70,4327,0,2643,1344
2697,10516,2561,2283,278,1714,569,2.57,2.14,2283,153,1136,578
2698,10517,162,162,0,97,65,3.72,1.63,162,0,73,24
2699,10518,531,376,155,348,28,2.32,4.71,376,17,167,181
2700,10519,87,59,28,21,38,2.00,3.03,59,0,21,0
2701,10520,5434,5110,324,3425,1685,2.79,1.91,5110,380,2270,1155
2702,10522,4068,3812,256,2281,1531,2.94,2.42,3812,256,1449,832
2703,10523,3573,3235,338,1638,1597,3.62,2.36,3235,191,1075,563
2704,10524,1816,1478,338,1324,154,2.73,2.26,1478,76,845,479
2705,10526,717,662,55,583,79,2.73,2.56,662,19,341,242
2706,10527,185,185,0,166,19,3.27,1.95,185,0,103,63
2707,10528,4796,4622,174,2485,2137,3.11,2.71,4622,454,1442,1043
2708,10530,6696,6395,301,5344,1051,2.14,2.13,6395,947,3162,2182
2709,10532,1838,1782,56,1549,233,2.91,1.52,1782,133,839,710
2710,10533,2723,2362,361,1847,515,3.26,2.96,2362,73,1211,636
2711,10535,136,136,0,83,53,2.06,3.17,136,0,40,43
2712,10536,3828,3542,286,3117,425,3.10,2.63,3542,109,1994,1123
2713,10537,1047,875,172,681,194,2.96,2.88,875,42,412,269
2714,10538,6363,5995,368,4849,1146,3.05,2.27,5995,463,3140,1709
2715,10540,0,0,0,0,0,-,-,0,0,0,0
2716,10541,9486,8869,617,7668,1201,3.06,2.37,8869,329,5262,2406
2717,10542,0,0,0,0,0,-,-,0,0,0,0
2718,10543,7616,7155,461,4472,2683,3.07,2.80,7155,689,3045,1427
2719,10545,0,0,0,0,0,-,-,0,0,0,0
2720,10546,499,411,88,362,49,2.61,2.41,411,11,262,100
2721,10547,2775,2682,93,1704,978,2.84,2.34,2682,151,1109,595
2722,10548,1374,1219,155,1011,208,3.30,1.67,1219,46,736,275
2723,10549,6156,5930,226,4269,1661,2.44,3.05,5930,482,2453,1816
2724,10550,16281,15504,777,3713,11791,3.49,2.21,15504,6146,2710,1003
2725,10552,10161,9841,320,5743,4098,2.44,2.10,9841,2058,3719,2024
2726,10553,3805,3632,173,1942,1690,2.93,2.66,3632,744,1366,576
2727,10560,1959,1761,198,1476,285,2.86,1.93,1761,59,1003,473
2728,10562,12963,12342,621,7366,4976,2.58,2.50,12342,1111,5155,2211
2729,10566,11355,10404,951,5782,4622,2.45,2.37,10404,1612,3838,1944
2730,10567,7180,6623,557,6040,583,3.13,2.62,6623,146,4125,1915
2731,10570,4272,4072,200,3482,590,2.99,2.39,4072,167,2358,1124
2732,10573,14141,13197,944,7092,6105,3.03,3.17,13197,1773,4593,2499
2733,10576,2013,1740,273,1627,113,2.89,2.14,1740,57,1073,554
2734,10577,857,731,126,685,46,3.66,1.93,731,0,437,248
2735,10578,522,498,24,498,0,3.02,-,498,0,118,380
2736,10579,3743,2976,767,2763,213,2.80,2.52,2976,86,1822,941
2737,10580,6609,6246,363,4571,1675,3.01,2.39,6246,266,2986,1585
2738,10583,15075,14143,932,12036,2107,2.94,2.84,14143,695,7514,4522
2739,10588,1263,1248,15,731,517,2.39,2.77,1248,154,540,191
2740,10589,3899,3502,397,3057,445,2.02,1.81,3502,143,1674,1383
2741,10590,2723,2542,181,2308,234,2.82,2.59,2542,25,1628,680
2742,10591,9874,9397,477,4708,4689,2.46,2.43,9397,753,2711,1997
2743,10594,1691,1632,59,1422,210,3.27,2.43,1632,75,873,549
2744,10595,2538,2360,178,1628,732,2.99,2.14,2360,349,1030,598
2745,10596,461,399,62,191,208,2.48,2.27,399,32,134,57
2746,10597,309,242,67,242,0,3.12,-,242,0,176,66
2747,10598,11054,10362,692,9225,1137,2.87,2.35,10362,518,5713,3512
2748,10601,5968,5353,615,2121,3232,1.87,2.05,5353,1237,1206,915
2749,10603,7696,7307,389,4484,2823,2.75,2.44,7307,715,2868,1616
2750,10604,4089,3893,196,2209,1684,3.03,2.97,3893,401,1508,701
2751,10605,8391,7834,557,5714,2120,2.58,2.55,7834,629,3274,2440
2752,10606,6226,5712,514,2390,3322,2.98,2.52,5712,970,1630,760
2753,10607,2285,2207,78,1680,527,3.01,2.96,2207,139,1174,506
2754,10701,27503,25954,1549,7342,18612,2.51,2.50,25954,8998,4168,3174
2755,10703,8329,7995,334,4177,3818,2.78,2.96,7995,1717,2510,1667
2756,10704,13127,12533,594,7641,4892,2.73,2.42,12533,2003,4471,3170
2757,10705,15909,15161,748,5282,9879,2.36,2.75,15161,5672,3131,2151
2758,10706,3365,3265,100,2603,662,2.79,2.12,3265,166,1639,964
2759,10707,4272,3996,276,2301,1695,2.76,2.23,3996,305,1455,846
2760,10708,10284,9564,720,7099,2465,2.30,2.09,9564,1071,3778,3321
2761,10709,3979,3735,244,2850,885,2.84,2.39,3735,271,1722,1128
2762,10710,10445,10077,368,6925,3152,2.69,2.41,10077,1006,3810,3115
2763,10801,15784,15122,662,6662,8460,3.05,2.24,15122,3552,4430,2232
2764,10803,4334,4235,99,3479,756,3.08,2.94,4235,214,2299,1180
2765,10804,5385,5173,212,4916,257,2.95,2.17,5173,54,2743,2173
2766,10805,8302,8075,227,3483,4592,2.59,2.45,8075,1122,1796,1687
2767,10901,9502,9093,409,6561,2532,2.78,2.55,9093,592,3966,2595
2768,10910,0,0,0,0,0,-,-,0,0,0,0
2769,10911,6,6,0,0,6,-,2.00,6,6,0,0
2770,10913,1538,1484,54,1425,59,3.21,2.22,1484,41,882,543
2771,10914,106,106,0,106,0,4.26,-,106,0,79,27
2772,10915,32,32,0,32,0,2.13,-,32,0,0,32
2773,10916,1466,1376,90,1294,82,3.23,-,1376,1,866,428
2774,10917,594,455,139,400,55,3.44,2.78,455,21,188,212
2775,10918,4786,4389,397,3519,870,2.91,2.35,4389,245,2495,1024
2776,10919,462,462,0,442,20,2.52,3.85,462,7,388,54
2777,10920,2969,2868,101,2474,394,3.22,1.98,2868,83,1876,598
2778,10921,1505,1368,137,1055,313,3.08,2.36,1368,49,706,349
2779,10922,427,407,20,210,197,2.85,1.54,407,0,178,32
2780,10923,2818,2714,104,1945,769,3.14,2.98,2714,165,1267,678
2781,10924,4900,4442,458,3389,1053,3.03,2.20,4442,234,2346,1043
2782,10925,2243,1597,646,1202,395,2.85,1.86,1597,77,744,458
2783,10926,1571,1478,93,865,613,2.58,2.69,1478,103,486,379
2784,10927,3973,3714,259,1774,1940,3.42,3.20,3714,907,1349,425
2785,10928,2266,1984,282,1094,890,2.60,2.31,1984,104,719,375
2786,10930,3700,3418,282,3101,317,3.22,1.75,3418,194,2295,806
2787,10931,361,324,37,186,138,3.33,3.51,324,9,111,75
2788,10932,14,14,0,14,0,1.93,-,14,0,0,14
2789,10933,115,87,28,52,35,2.77,3.86,87,0,48,4
2790,10940,20398,18576,1822,11694,6882,2.86,2.44,18576,2014,7968,3726
2791,10941,5488,5324,164,3435,1889,2.95,2.23,5324,303,2402,1033
2792,10950,16151,14828,1323,9589,5239,3.90,4.55,14828,2699,6841,2748
2793,10952,11417,10556,861,4466,6090,4.40,4.33,10556,2303,2443,2023
2794,10953,28,0,28,0,0,-,-,0,0,0,0
2795,10954,9572,9266,306,6719,2547,2.98,2.35,9266,406,4273,2446
2796,10956,9977,9646,331,8795,851,3.20,2.40,9646,418,5534,3261
2797,10958,1122,990,132,865,125,2.75,2.91,990,66,591,274
2798,10960,6320,5853,467,2908,2945,2.35,2.57,5853,479,1726,1182
2799,10962,1724,1684,40,1433,251,3.18,1.73,1684,21,983,450
2800,10963,1394,1229,165,884,345,3.02,1.92,1229,53,638,246
2801,10964,615,533,82,493,40,2.69,1.35,533,83,262,231
2802,10965,5852,5506,346,4173,1333,2.97,2.28,5506,367,2820,1353
2803,10968,1452,1231,221,775,456,2.15,1.88,1231,32,445,330
2804,10969,381,381,0,373,8,2.78,3.13,381,0,324,49
2805,10970,4148,3948,200,2849,1099,2.89,2.80,3948,150,1930,919
2806,10973,862,774,88,646,128,3.18,2.71,774,48,480,166
2807,10974,1332,1252,80,1062,190,2.56,2.31,1252,62,720,342
2808,10975,106,44,62,34,10,1.53,-,44,0,34,0
2809,10976,658,602,56,354,248,3.21,1.19,602,100,222,132
2810,10977,17370,16454,916,7683,8771,4.23,4.29,16454,3526,5199,2484
2811,10979,20,0,20,0,0,-,-,0,0,0,0
2812,10980,5003,4701,302,4029,672,2.94,2.49,4701,338,2367,1662
2813,10983,1917,1890,27,1721,169,3.08,3.05,1890,30,1076,645
2814,10984,891,891,0,831,60,2.94,2.13,891,27,460,371
2815,10985,82,82,0,82,0,2.52,-,82,27,64,18
2816,10986,563,539,24,489,50,3.34,2.06,539,26,370,119
2817,10987,1654,1471,183,1226,245,2.62,2.02,1471,26,686,540
2818,10988,273,237,36,146,91,3.10,2.91,237,0,99,47
2819,10989,3702,3437,265,3049,388,2.43,1.72,3437,160,1862,1187
2820,10990,8424,7958,466,6248,1710,2.82,1.90,7958,582,3987,2261
2821,10992,3289,3070,219,2521,549,3.32,2.20,3070,161,1774,747
2822,10993,1562,1562,0,973,589,3.27,3.08,1562,255,643,330
2823,10994,2476,2416,60,2401,15,2.86,2.00,2416,7,1545,856
2824,10996,1057,860,197,0,860,-,3.79,860,5,0,0
2825,10998,1315,1158,157,965,193,3.07,3.22,1158,0,730,235
2826,11001,9111,8688,423,7292,1396,3.20,2.46,8688,459,4450,2842
2827,11003,12870,12279,591,9932,2347,3.90,3.17,12279,857,7075,2857
2828,11004,5581,5302,279,3673,1629,3.21,2.36,5302,584,2104,1569
2829,11005,1897,1452,445,1356,96,1.42,1.51,1452,501,116,1240
2830,11010,8458,8247,211,7007,1240,3.15,2.76,8247,278,4476,2531
2831,11020,1888,1795,93,1527,268,3.35,3.64,1795,90,883,644
2832,11021,8584,8071,513,5504,2567,2.46,2.09,8071,935,2643,2861
2833,11023,3282,3018,264,2499,519,3.39,3.19,3018,312,1468,1031
2834,11024,2357,2093,264,1708,385,3.44,4.76,2093,120,920,788
2835,11030,6314,5788,526,5333,455,3.05,2.27,5788,225,3073,2260
2836,11040,13767,13387,380,11611,1776,3.26,2.68,13387,744,7210,4401
2837,11042,0,0,0,0,0,-,-,0,0,0,0
2838,11050,12404,11584,820,7935,3649,2.84,2.39,11584,777,4792,3143
2839,11096,2648,2464,184,1135,1329,3.81,3.57,2464,583,625,510
2840,11101,23015,15764,7251,2447,13317,2.35,2.06,15764,10645,1831,616
2841,11102,19166,12265,6901,1794,10471,2.55,2.20,12265,7290,687,1107
2842,11103,18410,15515,2895,2518,12997,2.59,2.25,15515,9404,1105,1413
2843,11104,13110,11864,1246,2661,9203,2.43,2.29,11864,6770,1423,1238
2844,11105,17351,15352,1999,4235,11117,2.71,2.41,15352,6811,1905,2330
2845,11106,20787,18225,2562,3403,14822,2.39,2.16,18225,11876,1388,2015
2846,11109,4741,3109,1632,757,2352,1.88,2.25,3109,1497,215,542
2847,11201,33948,31084,2864,10956,20128,2.24,2.01,31084,20999,6805,4151
2848,11203,32290,29002,3288,11643,17359,3.01,2.45,29002,14168,7701,3942
2849,11204,27559,25207,2352,9420,15787,3.33,3.21,25207,10971,4353,5067
2850,11205,18624,16926,1698,5018,11908,2.68,2.93,16926,11128,3751,1267
2851,11206,32704,31256,1448,3374,27882,3.67,2.79,31256,21844,2060,1314
2852,11207,36916,33996,2920,9137,24859,3.37,2.60,33996,20510,6163,2974
2853,11208,36946,33551,3395,9066,24485,3.72,2.99,33551,20368,6324,2742
2854,11209,33683,30150,3533,11558,18592,2.58,2.29,30150,13786,6180,5378
2855,11210,23213,21720,1493,9730,11990,3.50,2.62,21720,8849,6391,3339
2856,11211,28304,26082,2222,4057,22025,2.74,2.47,26082,17793,2180,1877
2857,11212,34211,31594,2617,4332,27262,3.08,2.18,31594,23071,2650,1682
2858,11213,28238,26098,2140,4329,21769,3.32,2.46,26098,18029,2797,1532
2859,11214,33853,31716,2137,11119,20597,3.19,2.86,31716,13091,4876,6243
2860,11215,32140,29395,2745,12229,17166,2.78,2.27,29395,14491,7932,4297
2861,11216,28622,26106,2516,6359,19747,3.07,2.11,26106,17342,4812,1547
2862,11217,20103,18052,2051,5153,12899,2.62,2.16,18052,12589,3493,1660
2863,11218,27389,26140,1249,10552,15588,2.95,2.85,26140,12328,6547,4005
2864,11219,27306,24000,3306,6406,17594,3.92,3.80,24000,12980,3089,3317
2865,11220,29984,27487,2497,7715,19772,3.48,3.37,27487,17129,3121,4594
2866,11221,36837,33851,2986,7255,26596,3.12,2.47,33851,21571,5194,2061
2867,11222,20234,18636,1598,3376,15260,2.53,2.02,18636,11358,1964,1412
2868,11223,29668,27484,2184,10299,17185,3.39,2.82,27484,11318,4742,5557
2869,11224,20554,19218,1336,6033,13185,2.59,2.36,19218,10212,2311,3722
2870,11225,26094,24609,1485,4705,19904,2.96,2.28,24609,16331,3296,1409
2871,11226,40713,37128,3585,4889,32239,3.00,2.61,37128,24813,3545,1344
2872,11228,16761,15485,1276,8476,7009,3.08,2.70,15485,4436,4504,3972
2873,11229,33896,31057,2839,15334,15723,2.95,2.55,31057,12023,7706,7628
2874,11230,34071,31670,2401,9683,21987,3.20,2.73,31670,14995,4952,4731
2875,11231,18028,16738,1290,5316,11422,2.79,2.22,16738,9350,3594,1722
2876,11232,9845,9207,638,2271,6936,3.11,2.79,9207,5666,1057,1214
2877,11233,33871,32147,1724,7821,24326,3.15,2.42,32147,20322,5862,1959
2878,11234,35153,32645,2508,22047,10598,2.98,2.67,32645,8193,14630,7417
2879,11235,37335,34712,2623,13216,21496,2.50,2.35,34712,16575,6202,7014
2880,11236,36451,33728,2723,16410,17318,3.25,2.73,33728,11640,12710,3700
2881,11237,18723,17515,1208,1877,15638,3.10,2.77,17515,11737,938,939
2882,11238,28218,26009,2209,7634,18375,2.49,2.11,26009,17263,5238,2396
2883,11239,8179,7845,334,647,7198,2.65,1.95,7845,5246,584,63
2884,11249,17105,15811,1294,2812,12999,2.72,2.66,15811,10211,1898,914
2885,11354,22611,20400,2211,7909,12491,2.79,2.37,20400,9369,2517,5392
2886,11355,31072,29217,1855,8737,20480,3.13,2.59,29217,15851,3263,5474
2887,11356,8697,8104,593,4013,4091,3.15,3.57,8104,1315,2098,1915
2888,11357,16359,15456,903,11491,3965,2.91,2.60,15456,1622,5847,5644
2889,11358,13981,13190,791,7787,5403,3.04,2.65,13190,2114,3991,3796
2890,11359,0,0,0,0,0,-,-,0,0,0,0
2891,11360,9833,8822,1011,6435,2387,2.27,2.27,8822,1234,2585,3850
2892,11361,11829,10842,987,6709,4133,2.69,2.79,10842,1097,3564,3145
2893,11362,7806,7279,527,5593,1686,2.64,2.51,7279,649,2794,2799
2894,11363,2942,2908,34,2154,754,2.63,2.32,2908,415,1190,964
2895,11364,14567,13797,770,9673,4124,2.78,2.93,13797,1858,4957,4716
2896,11365,16641,16167,474,7677,8490,3.07,2.57,16167,3382,3511,4166
2897,11366,5078,4619,459,3284,1335,3.17,2.48,4619,691,1780,1504
2898,11367,15593,14568,1025,6834,7734,2.82,2.83,14568,4495,3345,3489
2899,11368,31145,29550,1595,5917,23633,3.77,3.95,29550,16885,3493,2424
2900,11369,14269,9551,4718,5731,3820,3.03,3.42,9551,3167,3410,2321
2901,11370,11770,7823,3947,4107,3716,3.05,2.81,7823,2422,2058,2049
2902,11371,0,0,0,0,0,-,-,0,0,0,0
2903,11372,26621,25164,1457,8670,16494,2.31,2.84,25164,14602,4985,3685
2904,11373,34350,31438,2912,9194,22244,3.15,3.26,31438,18351,3947,5247
2905,11374,21451,19938,1513,8065,11873,2.45,2.29,19938,10048,3607,4458
2906,11375,35300,33099,2201,17435,15664,2.36,2.21,33099,13997,8478,8957
2907,11377,34058,32419,1639,10026,22393,2.46,2.69,32419,15475,4923,5103
2908,11378,14525,12885,1640,6931,5954,3.07,3.10,12885,3110,3376,3555
2909,11379,15167,13887,1280,8137,5750,2.96,2.68,13887,3035,4122,4015
2910,11385,39959,37050,2909,11308,25742,3.01,2.91,37050,15924,6495,4813
2911,11411,6712,6509,203,5559,950,3.34,3.19,6509,845,3814,1745
2912,11412,12359,11500,859,8812,2688,3.90,2.73,11500,2212,6776,2036
2913,11413,13748,12983,765,9656,3327,3.53,3.38,12983,1988,6930,2726
2914,11414,12145,11516,629,8696,2820,2.67,2.71,11516,1501,4551,4145
2915,11415,9552,8546,1006,3410,5136,2.70,2.13,8546,3792,1872,1538
2916,11416,7903,7372,531,3494,3878,3.82,3.52,7372,2186,1905,1589
2917,11417,9902,9347,555,5664,3683,3.60,3.49,9347,1988,3698,1966
2918,11418,12166,11609,557,5609,6000,3.46,3.14,11609,3784,3546,2063
2919,11419,13589,12856,733,7918,4938,4.00,3.73,12856,2897,5104,2814
2920,11420,14670,13555,1115,9498,4057,3.89,3.63,13555,2660,6277,3221
2921,11421,12652,11676,976,6032,5644,3.76,3.54,11676,3439,3908,2124
2922,11422,10649,10191,458,6973,3218,3.55,2.86,10191,1723,5103,1870
2923,11423,10546,10007,539,5846,4161,3.38,2.59,10007,2708,3513,2333
2924,11424,0,0,0,0,0,-,-,0,0,0,0
2925,11426,6681,6256,425,4518,1738,3.29,3.44,6256,712,2814,1704
2926,11427,8367,7970,397,5076,2894,3.36,2.76,7970,1515,2896,2180
2927,11428,6635,6298,337,4721,1577,3.49,2.96,6298,1249,3228,1493
2928,11429,8339,7974,365,5762,2212,3.85,2.85,7974,1649,4105,1657
2929,11430,0,0,0,0,0,-,-,0,0,0,0
2930,11432,21013,19783,1230,7626,12157,3.21,3.11,19783,8002,4739,2887
2931,11433,11633,10822,811,4998,5824,4.39,3.32,10822,3826,3926,1072
2932,11434,23391,22264,1127,10899,11365,3.36,2.43,22264,6449,7504,3395
2933,11435,20289,19075,1214,6969,12106,3.38,3.00,19075,7245,4329,2640
2934,11436,6229,5852,377,4030,1822,3.73,3.27,5852,1159,2947,1083
2935,11439,0,0,0,0,0,-,-,0,0,0,0
2936,11451,0,0,0,0,0,-,-,0,0,0,0
2937,11501,8690,8361,329,5474,2887,2.70,2.28,8361,601,3113,2361
2938,11507,2385,2277,108,2225,52,3.00,2.67,2277,176,1261,964
2939,11509,1200,730,470,669,61,2.35,1.90,730,24,388,281
2940,11510,11239,10901,338,9703,1198,3.28,2.34,10901,569,6939,2764
2941,11514,1796,1682,114,1220,462,2.90,2.57,1682,57,663,557
2942,11516,2936,2725,211,1850,875,3.46,2.09,2725,362,1124,726
2943,11518,4467,4050,417,3049,1001,2.60,2.31,4050,381,2130,919
2944,11520,15166,14611,555,9997,4614,3.11,2.86,14611,1468,7139,2858
2945,11530,10085,9521,564,8516,1005,2.98,2.10,9521,512,5309,3207
2946,11542,11337,10877,460,6262,4615,2.74,2.50,10877,1076,3185,3077
2947,11545,4656,4325,331,3838,487,2.80,2.26,4325,87,2372,1466
2948,11547,202,202,0,162,40,2.39,2.53,202,20,99,63
2949,11548,348,340,8,238,102,3.25,3.01,340,0,131,107
2950,11549,0,0,0,0,0,-,-,0,0,0,0
2951,11550,18842,17544,1298,8201,9343,3.68,3.15,17544,3516,6116,2085
2952,11552,7580,7304,276,6605,699,3.52,4.11,7304,429,4665,1940
2953,11553,7133,6850,283,5138,1712,3.90,3.50,6850,637,4083,1055
2954,11554,12184,11808,376,10395,1413,3.14,2.84,11808,871,6161,4234
2955,11556,0,0,0,0,0,-,-,0,0,0,0
2956,11557,2879,2701,178,2372,329,3.10,2.65,2701,49,1365,1007
2957,11558,3100,2917,183,1963,954,3.05,2.72,2917,163,1267,696
2958,11559,2615,2389,226,1929,460,3.54,3.42,2389,219,795,1134
2959,11560,2560,2384,176,2012,372,2.90,3.10,2384,64,1232,780
2960,11561,18077,15771,2306,9895,5876,2.53,2.19,15771,1402,6131,3764
2961,11563,8129,7765,364,5917,1848,3.05,2.11,7765,583,3804,2113
2962,11565,3447,3209,238,3052,157,2.88,1.70,3209,100,1942,1110
2963,11566,11830,11534,296,11051,483,3.00,2.41,11534,243,7071,3980
2964,11568,1135,1022,113,940,82,3.05,3.30,1022,22,541,399
2965,11569,783,577,206,462,115,1.76,3.10,577,119,311,151
2966,11570,11114,10740,374,7897,2843,2.90,1.85,10740,1002,4912,2985
2967,11572,10622,10306,316,9281,1025,2.91,2.62,10306,507,5641,3640
2968,11575,4573,4334,239,3111,1223,4.46,3.40,4334,343,2493,618
2969,11576,4754,4526,228,4051,475,3.00,1.46,4526,197,2446,1605
2970,11577,4353,4136,217,3739,397,2.95,2.09,4136,131,2341,1398
2971,11579,2108,1834,274,1549,285,2.81,2.24,1834,49,1109,440
2972,11580,13942,13353,589,11411,1942,3.40,2.27,13353,874,8127,3284
2973,11581,7545,7021,524,5768,1253,3.39,2.66,7021,455,3875,1893
2974,11590,15203,14677,526,11637,3040,3.27,3.32,14677,909,7028,4609
2975,11596,3554,3474,80,2876,598,3.08,2.61,3474,141,1811,1065
2976,11598,4064,3933,131,3420,513,3.53,3.39,3933,184,2007,1413
2977,11691,22563,21572,991,5613,15959,4.22,2.79,21572,9369,4345,1268
2978,11692,8415,8035,380,2766,5269,3.44,2.68,8035,3165,1994,772
2979,11693,5838,5257,581,2424,2833,2.77,2.53,5257,1747,1304,1120
2980,11694,9285,8392,893,4500,3892,2.85,2.11,8392,1735,2365,2135
2981,11697,2785,1403,1382,1359,44,2.70,2.32,1403,145,417,942
2982,11701,9661,9162,499,6045,3117,3.26,2.38,9162,1117,3810,2235
2983,11702,5925,5494,431,4565,929,2.67,2.07,5494,209,2990,1575
2984,11703,5751,5518,233,4631,887,3.37,2.35,5518,292,3274,1357
2985,11704,13421,12972,449,9668,3304,3.28,2.46,12972,796,6229,3439
2986,11705,3095,3027,68,2540,487,2.84,2.05,3027,162,1518,1022
2987,11706,21289,18882,2407,14200,4682,3.80,2.62,18882,1208,10060,4140
2988,11709,2898,2732,166,2352,380,2.58,1.70,2732,298,1140,1212
2989,11710,11691,11362,329,10173,1189,3.22,2.76,11362,342,7272,2901
2990,11713,3782,3256,526,2195,1061,2.82,2.75,3256,135,1315,880
2991,11714,8050,7926,124,7117,809,2.88,3.34,7926,368,4172,2945
2992,11715,1723,1595,128,1338,257,2.72,1.60,1595,8,955,383
2993,11716,3579,3545,34,2817,728,2.86,2.51,3545,44,1670,1147
2994,11717,15437,14754,683,11914,2840,4.63,3.35,14754,1564,7473,4441
2995,11718,1040,1023,17,971,52,3.11,2.81,1023,36,701,270
2996,11719,1258,1149,109,904,245,2.84,1.70,1149,172,520,384
2997,11720,9585,8948,637,7459,1489,3.38,2.58,8948,455,4935,2524
2998,11721,2418,2315,103,2222,93,2.79,2.33,2315,34,1321,901
2999,11722,10380,9436,944,7008,2428,4.10,3.23,9436,958,4922,2086
3000,11724,1022,946,76,919,27,3.06,-,946,59,625,294
3001,11725,9568,9220,348,8539,681,3.18,1.87,9220,414,5372,3167
3002,11726,6424,6034,390,4637,1397,3.82,2.82,6034,237,3072,1565
3003,11727,11553,10906,647,7330,3576,2.75,2.55,10906,874,5261,2069
3004,11729,9073,8562,511,7282,1280,3.23,2.10,8562,380,4680,2602
3005,11730,5133,4854,279,3987,867,2.74,2.36,4854,353,2603,1384
3006,11731,11222,10667,555,9699,968,2.98,2.08,10667,247,5950,3749
3007,11732,1560,1547,13,976,571,2.92,1.48,1547,108,564,412
3008,11733,6538,5911,627,5103,808,2.91,2.40,5911,239,3218,1885
3009,11735,11491,11175,316,8968,2207,3.06,2.19,11175,776,5851,3117
3010,11738,5695,5346,349,4431,915,3.63,3.43,5346,185,3360,1071
3011,11739,613,572,41,559,13,2.99,-,572,8,313,246
3012,11740,3482,3353,129,2698,655,3.34,1.88,3353,241,1844,854
3013,11741,9409,9023,386,7073,1950,3.21,2.25,9023,243,4718,2355
3014,11742,4679,4514,165,3754,760,2.89,2.74,4514,129,2544,1210
3015,11743,16242,15300,942,13572,1728,2.82,2.24,15300,284,8585,4987
3016,11746,22635,21544,1091,18327,3217,3.15,2.95,21544,1273,11579,6748
3017,11747,7920,7425,495,6323,1102,2.68,1.81,7425,373,3616,2707
3018,11749,1209,1151,58,1105,46,3.06,2.67,1151,38,772,333
3019,11751,5481,5212,269,4529,683,2.69,2.22,5212,461,2664,1865
3020,11752,3221,3029,192,2503,526,3.10,2.64,3029,87,1620,883
3021,11753,4267,4155,112,3582,573,3.26,2.90,4155,141,2264,1318
3022,11754,7098,6691,407,5630,1061,2.82,1.62,6691,486,3567,2063
3023,11755,4173,4052,121,3361,691,3.29,1.83,4052,326,2475,886
3024,11756,14313,14088,225,13226,862,3.11,2.76,14088,388,8885,4341
3025,11757,15346,14401,945,12256,2145,3.20,2.69,14401,497,8076,4180
3026,11758,19705,19159,546,17573,1586,2.87,2.33,19159,648,10888,6685
3027,11762,7960,7737,223,7599,138,2.91,2.95,7737,279,4385,3214
3028,11763,9877,9540,337,8426,1114,3.16,2.52,9540,301,5416,3010
3029,11764,4657,4240,417,3545,695,3.28,2.14,4240,76,2296,1249
3030,11765,281,244,37,220,24,3.13,3.96,244,0,139,81
3031,11766,4049,3888,161,3768,120,2.88,3.02,3888,167,2232,1536
3032,11767,4912,4729,183,4215,514,3.04,2.23,4729,147,2913,1302
3033,11768,8393,7882,511,7136,746,2.71,2.00,7882,195,4427,2709
3034,11769,3792,3210,582,2605,605,2.87,1.85,3210,197,1439,1166
3035,11770,1233,52,1181,45,7,2.31,5.00,52,7,14,31
3036,11771,4083,3699,384,2752,947,2.83,2.35,3699,252,1730,1022
3037,11772,18172,16989,1183,12068,4921,3.00,1.96,16989,1120,8409,3659
3038,11776,8370,7830,540,6112,1718,3.18,2.12,7830,430,4364,1748
3039,11777,3690,3456,234,2661,795,2.63,2.31,3456,181,1455,1206
3040,11778,4843,4449,394,4061,388,2.76,2.18,4449,113,2854,1207
3041,11779,13814,12882,932,9611,3271,3.26,2.18,12882,814,6747,2864
3042,11780,5969,5602,367,5029,573,2.85,2.29,5602,235,2882,2147
3043,11782,6936,5422,1514,4073,1349,3.08,1.91,5422,286,2741,1332
3044,11783,7263,7094,169,6756,338,3.08,2.74,7094,140,4360,2396
3045,11784,8637,8209,428,7080,1129,3.14,2.66,8209,226,5242,1838
3046,11786,2012,1977,35,1840,137,3.27,3.72,1977,20,1363,477
3047,11787,12294,11920,374,10555,1365,2.97,1.98,11920,569,6890,3665
3048,11788,5884,5443,441,4538,905,3.19,2.23,5443,158,2844,1694
3049,11789,2786,2655,131,2300,355,2.92,2.41,2655,46,1496,804
3050,11790,4869,4391,478,3923,468,2.69,3.10,4391,209,2461,1462
3051,11791,8435,8170,265,7600,570,3.20,2.62,8170,167,4686,2914
3052,11792,3462,3156,306,3024,132,2.69,4.33,3156,131,2068,956
3053,11793,10720,10407,313,9952,455,3.04,2.23,10407,276,6493,3459
3054,11794,0,0,0,0,0,-,-,0,0,0,0
3055,11795,8288,8107,181,7791,316,3.17,2.66,8107,124,5297,2494
3056,11796,1378,1351,27,1087,264,3.01,2.13,1351,35,758,329
3057,11797,3194,3030,164,2671,359,2.74,2.04,3030,68,1556,1115
3058,11798,5228,4871,357,3473,1398,3.65,3.86,4871,954,1765,1708
3059,11801,13303,12915,388,11296,1619,3.16,3.32,12915,469,6783,4513
3060,11803,10741,10344,397,9467,877,2.97,1.97,10344,699,5563,3904
3061,11804,1514,1464,50,1348,116,3.25,1.70,1464,148,754,594
3062,11901,12918,11065,1853,7609,3456,2.56,3.10,11065,933,3926,3683
3063,11930,2030,366,1664,335,31,2.02,3.03,366,0,177,158
3064,11931,0,0,0,0,0,-,-,0,0,0,0
3065,11932,1839,431,1408,371,60,2.57,1.82,431,14,222,149
3066,11933,3729,3038,691,2674,364,2.22,2.23,3038,208,1146,1528
3067,11934,2828,2721,107,2390,331,2.85,2.80,2721,84,1704,686
3068,11935,1949,1224,725,1120,104,2.48,2.86,1224,64,436,684
3069,11937,13978,8328,5650,6742,1586,2.35,3.13,8328,357,3826,2916
3070,11939,1221,629,592,525,104,2.08,2.32,629,17,192,333
3071,11940,2123,1850,273,1404,446,3.05,1.52,1850,21,1043,361
3072,11941,958,820,138,748,72,2.88,1.96,820,82,549,199
3073,11942,3310,2183,1127,1931,252,2.56,1.93,2183,36,1126,805
3074,11944,3148,2207,941,1519,688,2.00,2.06,2207,181,639,880
3075,11946,9116,6312,2804,4577,1735,2.53,3.09,6312,319,2676,1901
3076,11947,103,0,103,0,0,-,-,0,0,0,0
3077,11948,622,255,367,255,0,2.06,-,255,0,216,39
3078,11949,5171,4799,372,3924,875,2.82,1.79,4799,206,2243,1681
3079,11950,5054,4759,295,3839,920,3.61,3.66,4759,227,2737,1102
3080,11951,5400,4718,682,3760,958,2.99,3.57,4718,310,2699,1061
3081,11952,3012,2201,811,2104,97,2.27,1.37,2201,49,945,1159
3082,11953,5981,5708,273,3966,1742,2.70,1.90,5708,496,2745,1221
3083,11954,4474,1571,2903,1310,261,2.66,2.64,1571,40,537,773
3084,11955,1496,1470,26,675,795,2.43,1.53,1470,32,315,360
3085,11956,305,148,157,124,24,2.20,1.92,148,3,50,74
3086,11957,949,521,428,477,44,1.98,1.82,521,18,216,261
3087,11958,558,310,248,236,74,3.08,-,310,0,132,104
3088,11959,1421,235,1186,215,20,2.14,3.65,235,12,59,156
3089,11960,1095,445,650,431,14,2.16,4.21,445,9,183,248
3090,11961,6150,5676,474,4811,865,2.20,2.50,5676,351,2216,2595
3091,11962,910,127,783,121,6,1.86,4.67,127,0,52,69
3092,11963,6201,3318,2883,2670,648,2.50,2.66,3318,102,1455,1215
3093,11964,2787,1366,1421,1298,68,2.31,-,1366,244,705,593
3094,11965,908,417,491,341,76,1.42,-,417,0,149,192
3095,11967,8761,8195,566,7362,833,3.28,3.81,8195,342,5100,2262
3096,11968,10350,5193,5157,4310,883,2.58,2.22,5193,141,2185,2125
3097,11970,467,282,185,228,54,2.06,-,282,54,88,140
3098,11971,4053,2745,1308,2302,443,2.33,3.12,2745,187,1206,1096
3099,11972,377,272,105,170,102,2.25,1.71,272,0,100,70
3100,11973,103,0,103,0,0,-,-,0,0,0,0
3101,11975,724,189,535,180,9,1.96,-,189,0,71,109
3102,11976,2184,938,1246,854,84,2.15,2.98,938,147,331,523
3103,11977,1737,1049,688,966,83,2.99,2.30,1049,106,557,409
3104,11978,3687,1442,2245,1120,322,2.43,2.56,1442,44,532,588
3105,11980,2150,2060,90,1535,525,2.35,2.14,2060,83,999,536
3106,12007,127,127,0,111,16,2.21,3.69,127,7,49,62
3107,12008,181,181,0,174,7,3.02,-,181,26,106,68
3108,12009,3313,3154,159,2504,650,2.78,2.15,3154,89,1627,877
3109,12010,13271,11049,2222,7034,4015,2.40,2.46,11049,1595,3642,3392
3110,12015,1969,1282,687,1086,196,2.87,2.22,1282,78,610,476
3111,12017,326,218,108,212,6,1.84,1.67,218,0,72,140
3112,12018,3324,3014,310,2507,507,2.57,2.02,3014,30,1628,879
3113,12019,6518,6275,243,4996,1279,2.54,1.53,6275,144,2657,2339
3114,12020,15455,14242,1213,10476,3766,2.47,1.99,14242,669,7229,3247
3115,12022,405,340,65,276,64,2.87,2.19,340,23,141,135
3116,12023,929,805,124,664,141,2.64,2.43,805,6,343,321
3117,12024,74,38,36,36,2,1.28,6.50,38,0,7,29
3118,12025,3218,2165,1053,1774,391,2.49,2.04,2165,55,970,804
3119,12027,1683,1675,8,1351,324,2.79,1.92,1675,34,848,503
3120,12028,349,323,26,261,62,2.39,3.15,323,8,130,131
3121,12029,785,496,289,423,73,1.84,1.62,496,62,181,242
3122,12031,105,83,22,59,24,2.41,2.25,83,0,24,35
3123,12032,1337,282,1055,270,12,2.24,2.58,282,0,148,122
3124,12033,3590,3457,133,2636,821,2.43,1.89,3457,53,1407,1229
3125,12035,233,191,42,169,22,2.08,2.95,191,6,69,100
3126,12036,214,90,124,83,7,2.47,3.00,90,25,51,32
3127,12037,2195,1808,387,1347,461,2.78,1.63,1808,90,680,667
3128,12040,11,11,0,11,0,2.27,-,11,0,0,11
3129,12041,188,188,0,168,20,3.39,1.50,188,10,124,44
3130,12042,145,115,30,93,22,1.89,4.86,115,0,65,28
3131,12043,3244,2709,535,1754,955,2.63,2.14,2709,248,1031,723
3132,12045,323,233,90,128,105,1.82,3.17,233,0,107,21
3133,12046,328,271,57,232,39,1.92,2.31,271,0,120,112
3134,12047,11005,9863,1142,4847,5016,2.42,2.10,9863,1135,3068,1779
3135,12051,1820,1513,307,901,612,2.70,2.18,1513,117,541,360
3136,12052,937,768,169,724,44,2.76,3.41,768,0,482,242
3137,12053,1693,1476,217,1266,210,2.84,2.51,1476,120,897,369
3138,12054,6953,6816,137,5101,1715,2.59,1.87,6816,332,3466,1635
3139,12056,845,765,80,642,123,3.05,2.54,765,22,303,339
3140,12057,899,813,86,713,100,2.92,1.51,813,0,386,327
3141,12058,646,427,219,353,74,2.48,1.22,427,59,236,117
3142,12059,1027,621,406,578,43,2.46,1.67,621,9,362,216
3143,12060,1005,783,222,690,93,2.37,2.03,783,78,297,393
3144,12061,4217,4098,119,3150,948,2.57,1.83,4098,141,2277,873
3145,12062,780,638,142,508,130,2.50,2.22,638,26,345,163
3146,12063,310,310,0,310,0,2.21,-,310,0,164,146
3147,12064,337,177,160,132,45,1.99,2.09,177,13,41,91
3148,12065,19026,17855,1171,12660,5195,2.66,1.99,17855,579,7927,4733
3149,12066,835,710,125,623,87,2.21,2.76,710,18,330,293
3150,12067,626,589,37,515,74,2.73,1.51,589,27,343,172
3151,12068,1268,973,295,857,116,2.96,1.90,973,29,546,311
3152,12069,119,119,0,119,0,3.29,-,119,0,60,59
3153,12070,778,755,23,533,222,3.04,2.70,755,38,248,285
3154,12071,146,99,47,74,25,2.15,1.80,99,0,47,27
3155,12072,1189,970,219,798,172,3.18,2.17,970,101,419,379
3156,12074,1422,1179,243,1044,135,2.50,1.77,1179,32,699,345
3157,12075,1361,1010,351,823,187,2.74,1.93,1010,0,445,378
3158,12076,1229,572,657,521,51,2.09,2.37,572,13,202,319
3159,12077,2778,2675,103,2064,611,2.66,1.82,2675,206,1347,717
3160,12078,11787,9418,2369,5701,3717,2.40,2.40,9418,1445,3065,2636
3161,12082,2,2,0,2,0,-,-,2,0,2,0
3162,12083,1634,1328,306,1079,249,3.11,2.16,1328,45,558,521
3163,12084,2273,2085,188,533,1552,2.55,2.15,2085,129,429,104
3164,12085,162,130,32,0,130,-,1.64,130,0,0,0
3165,12086,905,704,201,604,100,2.50,1.74,704,15,326,278
3166,12087,525,413,112,377,36,2.71,2.44,413,0,195,182
3167,12090,2748,2309,439,1498,811,2.44,2.45,2309,322,829,669
3168,12092,709,601,108,390,211,2.74,1.65,601,84,214,176
3169,12093,1240,654,586,565,89,2.31,2.04,654,15,260,305
3170,12094,950,902,48,870,32,2.83,2.00,902,24,464,406
3171,12095,5701,5131,570,3406,1725,2.49,1.95,5131,492,1892,1514
3172,12106,1147,1017,130,855,162,2.19,2.20,1017,23,430,425
3173,12108,751,119,632,80,39,4.75,3.21,119,0,10,70
3174,12110,8109,7749,360,5182,2567,2.68,1.98,7749,464,3353,1829
3175,12115,84,34,50,34,0,1.79,-,34,0,34,0
3176,12116,946,618,328,537,81,2.68,1.62,618,32,266,271
3177,12117,1867,1267,600,1085,182,2.24,3.00,1267,73,540,545
3178,12118,7879,7343,536,5017,2326,2.53,1.79,7343,396,3484,1533
3179,12120,387,290,97,240,50,2.31,3.08,290,30,103,137
3180,12121,802,724,78,699,25,3.13,3.00,724,9,353,346
3181,12122,2545,1896,649,1415,481,2.14,1.61,1896,95,697,718
3182,12123,2222,1998,224,1629,369,2.50,1.86,1998,62,1051,578
3183,12124,211,97,114,97,0,2.30,-,97,0,72,25
3184,12125,715,512,203,354,158,2.10,2.80,512,17,269,85
3185,12130,325,161,164,107,54,3.03,4.37,161,11,72,35
3186,12131,131,69,62,54,15,2.02,2.07,69,6,16,38
3187,12132,130,98,32,72,26,2.11,1.96,98,0,72,0
3188,12134,2953,1702,1251,1297,405,2.82,2.62,1702,74,614,683
3189,12136,449,304,145,287,17,2.57,1.59,304,0,156,131
3190,12137,794,759,35,588,171,2.80,2.94,759,65,360,228
3191,12138,1721,1296,425,1173,123,2.28,2.02,1296,103,547,626
3192,12139,658,89,569,86,3,3.00,-,89,0,42,44
3193,12140,619,595,24,510,85,2.64,1.78,595,9,318,192
3194,12143,2414,2179,235,1600,579,2.57,2.02,2179,38,1057,543
3195,12144,10213,9380,833,5351,4029,2.53,1.97,9380,790,3517,1834
3196,12147,337,219,118,203,16,1.74,4.06,219,0,108,95
3197,12148,2001,1928,73,1529,399,2.63,1.32,1928,97,944,585
3198,12149,1304,955,349,696,259,2.46,2.04,955,35,361,335
3199,12150,342,273,69,269,4,2.25,2.25,273,0,161,108
3200,12151,426,370,56,316,54,2.36,2.19,370,7,201,115
3201,12153,576,314,262,297,17,2.59,1.76,314,0,191,106
3202,12154,1383,1311,72,1141,170,2.37,2.65,1311,38,705,436
3203,12155,983,681,302,558,123,2.31,2.06,681,16,300,258
3204,12156,379,342,37,265,77,2.85,2.05,342,0,175,90
3205,12157,1945,1761,184,1529,232,2.60,2.85,1761,93,850,679
3206,12158,3135,2706,429,1922,784,2.53,1.99,2706,49,1026,896
3207,12159,3799,3714,85,2770,944,2.47,1.49,3714,104,1325,1445
3208,12160,437,333,104,291,42,2.16,3.45,333,14,142,149
3209,12161,8,8,0,0,8,-,-,8,0,0,0
3210,12164,741,123,618,97,26,3.13,3.62,123,10,29,68
3211,12165,117,89,28,74,15,1.54,3.60,89,3,26,48
3212,12166,673,541,132,511,30,2.78,2.80,541,12,232,279
3213,12167,1609,1050,559,728,322,2.36,1.93,1050,106,289,439
3214,12168,910,771,139,632,139,2.39,2.04,771,0,371,261
3215,12169,203,187,16,171,16,2.08,1.56,187,11,100,71
3216,12170,2250,2018,232,1593,425,2.54,2.63,2018,104,957,636
3217,12172,91,77,14,2,75,2.00,2.93,77,0,0,2
3218,12173,806,727,79,533,194,2.86,3.48,727,20,347,186
3219,12174,208,208,0,196,12,3.04,-,208,0,131,65
3220,12175,556,281,275,246,35,2.46,3.20,281,4,105,141
3221,12176,268,186,82,178,8,1.89,7.00,186,21,72,106
3222,12177,233,233,0,206,27,2.35,-,233,0,47,159
3223,12180,25160,21958,3202,9927,12031,2.37,2.08,21958,3331,6247,3680
3224,12182,7342,6634,708,3332,3302,2.31,2.06,6634,1570,2162,1170
3225,12183,1493,1282,211,356,926,1.83,2.49,1282,197,134,222
3226,12184,3310,2804,506,2128,676,2.62,1.84,2804,128,1296,832
3227,12185,843,741,102,564,177,2.64,1.72,741,19,322,242
3228,12186,2725,2546,179,2198,348,2.60,1.69,2546,21,1448,750
3229,12187,357,225,132,161,64,2.61,1.81,225,8,74,87
3230,12188,5395,4977,418,3647,1330,2.45,2.03,4977,366,2306,1341
3231,12189,9883,8694,1189,3397,5297,2.43,1.88,8694,1065,2087,1310
3232,12190,692,170,522,144,26,3.38,5.31,170,0,68,76
3233,12192,721,651,70,588,63,3.23,3.63,651,0,346,242
3234,12193,1032,787,245,721,66,2.47,1.94,787,0,424,297
3235,12194,137,56,81,45,11,2.78,3.45,56,0,30,15
3236,12195,108,108,0,71,37,1.76,1.76,108,0,59,12
3237,12196,1340,1302,38,1187,115,3.10,2.11,1302,22,847,340
3238,12197,1163,745,418,644,101,2.70,3.53,745,19,255,389
3239,12198,2896,2767,129,2223,544,2.64,2.25,2767,59,1564,659
3240,12202,5183,4203,980,974,3229,2.02,2.01,4203,1427,708,266
3241,12203,14826,13755,1071,6898,6857,2.29,1.77,13755,1802,4573,2325
3242,12204,4196,3819,377,1093,2726,2.18,2.12,3819,488,674,419
3243,12205,11945,11324,621,8088,3236,2.46,1.91,11324,1198,4797,3291
3244,12206,8380,6443,1937,1457,4986,2.53,2.36,6443,2762,878,579
3245,12207,1418,1225,193,72,1153,1.32,1.55,1225,536,47,25
3246,12208,11074,9876,1198,4750,5126,2.20,1.96,9876,1324,3017,1733
3247,12209,4713,4247,466,2864,1383,2.45,2.18,4247,543,2150,714
3248,12210,6675,5475,1200,1381,4094,2.28,1.78,5475,1846,581,800
3249,12211,4706,4431,275,4082,349,2.69,1.47,4431,254,2527,1555
3250,12222,0,0,0,0,0,-,-,0,0,0,0
3251,12226,0,0,0,0,0,-,-,0,0,0,0
3252,12302,12419,10951,1468,8185,2766,2.73,1.73,10951,767,5101,3084
3253,12303,13033,11346,1687,8264,3082,2.57,2.67,11346,980,5527,2737
3254,12304,9261,8200,1061,4849,3351,2.50,2.39,8200,1161,2881,1968
3255,12305,3848,3393,455,488,2905,1.90,1.59,3393,918,311,177
3256,12306,12098,10556,1542,7636,2920,2.75,2.15,10556,589,5236,2400
3257,12307,3554,2774,780,764,2010,2.83,2.78,2774,1225,538,226
3258,12308,6976,5693,1283,2612,3081,2.33,2.09,5693,1120,1447,1165
3259,12309,13428,12167,1261,9921,2246,2.82,2.13,12167,417,6150,3771
3260,12401,16456,14536,1920,7944,6592,2.45,2.26,14536,1537,4837,3107
3261,12404,2016,1419,597,1089,330,2.69,2.29,1419,67,614,475
3262,12405,486,218,268,182,36,2.84,2.39,218,26,60,122
3263,12406,615,298,317,198,100,2.23,1.30,298,26,73,125
3264,12407,51,40,11,28,12,2.96,3.08,40,0,8,20
3265,12409,567,442,125,346,96,2.21,1.99,442,0,142,204
3266,12410,402,215,187,180,35,1.71,1.23,215,77,67,113
3267,12411,184,157,27,141,16,2.39,-,157,0,85,56
3268,12412,345,253,92,220,33,2.38,1.55,253,0,50,170
3269,12413,1543,1147,396,749,398,2.35,3.50,1147,95,389,360
3270,12414,5612,4363,1249,3082,1281,2.26,2.29,4363,480,1659,1423
3271,12416,284,137,147,137,0,1.58,-,137,0,67,70
3272,12417,474,408,66,404,4,2.32,-,408,0,81,323
3273,12418,360,108,252,72,36,2.19,2.94,108,4,32,40
3274,12419,331,272,59,181,91,2.39,2.36,272,11,94,87
3275,12420,143,88,55,88,0,3.98,-,88,0,71,17
3276,12421,532,140,392,140,0,1.71,-,140,4,89,51
3277,12422,355,138,217,134,4,2.62,2.25,138,0,34,100
3278,12423,671,412,259,325,87,2.91,2.99,412,18,192,133
3279,12424,487,144,343,117,27,2.02,-,144,0,49,68
3280,12427,441,143,298,143,0,4.34,-,143,0,48,95
3281,12428,3554,2594,960,1399,1195,2.91,2.09,2594,465,790,609
3282,12429,19,19,0,19,0,1.84,-,19,0,19,0
3283,12430,1288,607,681,544,63,2.32,2.97,607,14,393,151
3284,12431,857,611,246,559,52,2.46,3.27,611,0,320,239
3285,12432,341,310,31,52,258,2.00,2.14,310,0,8,44
3286,12433,392,229,163,218,11,2.09,2.73,229,21,135,83
3287,12434,535,384,151,289,95,1.89,1.86,384,83,150,139
3288,12435,156,85,71,85,0,2.47,-,85,0,31,54
3289,12436,414,160,254,81,79,1.79,-,160,0,0,81
3290,12438,61,8,53,8,0,3.63,-,8,0,8,0
3291,12439,550,155,395,151,4,2.20,-,155,0,122,29
3292,12440,859,627,232,521,106,2.49,2.06,627,12,313,208
3293,12441,170,62,108,35,27,2.03,-,62,0,0,35
3294,12442,1475,390,1085,241,149,1.90,1.53,390,84,78,163
3295,12443,1819,1570,249,1445,125,2.52,1.90,1570,73,878,567
3296,12444,488,147,341,135,12,2.79,4.25,147,7,56,79
3297,12446,2696,2023,673,1515,508,2.31,3.03,2023,29,858,657
3298,12448,210,99,111,61,38,1.85,-,99,8,11,50
3299,12449,1289,1198,91,672,526,2.81,1.80,1198,113,367,305
3300,12450,147,99,48,69,30,2.17,1.93,99,0,54,15
3301,12451,582,449,133,327,122,3.01,3.23,449,8,166,161
3302,12452,22,13,9,8,5,1.38,-,13,4,4,4
3303,12453,224,100,124,86,14,2.40,1.86,100,0,16,70
3304,12454,358,155,203,144,11,2.91,1.18,155,0,53,91
3305,12455,1778,796,982,596,200,2.00,2.31,796,78,212,384
3306,12456,238,238,0,205,33,3.25,3.91,238,0,186,19
3307,12457,671,595,76,427,168,2.64,1.74,595,0,149,278
3308,12458,1111,856,255,743,113,2.50,2.12,856,55,307,436
3309,12459,118,63,55,63,0,1.78,-,63,11,44,19
3310,12460,195,108,87,99,9,2.06,6.44,108,0,26,73
3311,12461,812,610,202,507,103,1.99,3.19,610,20,207,300
3312,12463,778,613,165,496,117,1.86,2.41,613,198,223,273
3313,12464,947,545,402,409,136,1.86,1.38,545,15,174,235
3314,12465,328,151,177,134,17,2.40,1.29,151,0,12,122
3315,12466,957,896,61,730,166,2.32,2.29,896,44,390,340
3316,12468,1222,573,649,507,66,2.49,1.68,573,100,201,306
3317,12469,568,329,239,329,0,2.24,-,329,4,178,151
3318,12470,279,193,86,182,11,3.60,-,193,40,98,84
3319,12471,288,288,0,264,24,-,-,288,0,20,244
3320,12472,737,608,129,345,263,2.57,1.52,608,32,193,152
3321,12473,511,236,275,213,23,2.34,4.17,236,0,92,121
3322,12474,981,400,581,328,72,2.48,1.82,400,21,144,184
3323,12475,241,176,65,98,78,3.32,1.77,176,58,44,54
3324,12477,9043,7790,1253,5537,2253,2.56,1.72,7790,416,3040,2497
3325,12480,373,169,204,164,5,2.18,2.40,169,12,123,41
3326,12481,599,555,44,514,41,2.96,1.17,555,13,202,312
3327,12482,201,128,73,112,16,4.27,-,128,0,12,100
3328,12483,202,22,180,22,0,2.45,-,22,0,17,5
3329,12484,1635,1486,149,1300,186,2.22,2.28,1486,167,794,506
3330,12485,883,370,513,216,154,4.23,1.99,370,55,151,65
3331,12486,635,605,30,485,120,3.12,2.25,605,22,273,212
3332,12487,1624,1499,125,1154,345,2.20,2.86,1499,29,498,656
3333,12489,103,96,7,42,54,1.38,-,96,29,0,42
3334,12490,0,0,0,0,0,-,-,0,0,0,0
3335,12491,823,715,108,641,74,2.48,3.38,715,0,347,294
3336,12492,319,92,227,92,0,2.14,-,92,5,39,53
3337,12493,205,57,148,57,0,-,-,57,0,0,57
3338,12494,637,342,295,342,0,2.26,-,342,0,295,47
3339,12495,216,92,124,67,25,1.09,-,92,0,18,49
3340,12496,1969,496,1473,440,56,2.54,3.13,496,57,205,235
3341,12498,3234,2405,829,1768,637,1.98,1.69,2405,141,764,1004
3342,12501,977,875,102,435,440,2.03,2.22,875,128,220,215
3343,12502,724,454,270,393,61,2.49,4.67,454,13,251,142
3344,12503,462,225,237,203,22,2.68,4.68,225,12,66,137
3345,12504,23,9,14,0,9,-,3.22,9,0,0,0
3346,12507,92,92,0,37,55,2.14,2.78,92,7,22,15
3347,12508,8357,7588,769,4644,2944,2.52,2.04,7588,585,3180,1464
3348,12512,106,76,30,76,0,3.14,-,76,0,52,24
3349,12513,117,117,0,74,43,1.82,-,117,0,39,35
3350,12514,1590,1327,263,1297,30,2.39,1.17,1327,22,821,476
3351,12515,667,545,122,383,162,3.49,1.96,545,68,157,226
3352,12516,1154,780,374,668,112,2.09,1.99,780,20,282,386
3353,12517,191,164,27,74,90,2.34,2.49,164,0,57,17
3354,12518,2518,2318,200,1541,777,2.74,2.17,2318,89,993,548
3355,12520,1267,1203,64,835,368,2.63,2.25,1203,26,548,287
3356,12521,1307,700,607,656,44,2.20,1.89,700,8,358,298
3357,12522,2118,1862,256,1131,731,2.82,2.16,1862,104,402,729
3358,12523,1069,846,223,683,163,2.63,1.37,846,0,300,383
3359,12524,6561,6233,328,4131,2102,2.44,1.91,6233,296,2847,1284
3360,12525,1049,752,297,564,188,2.06,3.46,752,0,302,262
3361,12526,1868,1444,424,1196,248,2.35,1.68,1444,53,692,504
3362,12527,6,6,0,6,0,2.00,-,6,0,6,0
3363,12528,6004,5425,579,3677,1748,2.68,1.92,5425,278,2365,1312
3364,12529,1684,865,819,663,202,2.20,2.19,865,36,350,313
3365,12530,54,54,0,54,0,6.56,-,54,0,54,0
3366,12531,1129,872,257,771,101,2.65,1.32,872,15,543,228
3367,12533,9385,8556,829,7837,719,3.13,2.14,8556,234,5209,2628
3368,12534,9438,7568,1870,4391,3177,2.34,2.12,7568,970,2361,2030
3369,12538,5594,5347,247,3864,1483,2.44,2.15,5347,426,2458,1406
3370,12540,3204,3009,195,2614,395,3.05,2.79,3009,53,1621,993
3371,12542,2648,2407,241,1776,631,2.52,2.07,2407,168,1242,534
3372,12543,1446,1286,160,705,581,2.66,2.18,1286,75,529,176
3373,12544,59,59,0,59,0,-,-,59,0,59,0
3374,12545,2466,2009,457,1219,790,2.18,1.57,2009,343,607,612
3375,12546,1610,1215,395,927,288,2.24,2.30,1215,61,435,492
3376,12547,1420,1229,191,897,332,2.40,1.85,1229,17,549,348
3377,12548,446,446,0,356,90,2.44,1.60,446,0,191,165
3378,12549,3676,3469,207,2720,749,3.24,2.40,3469,64,1840,880
3379,12550,22134,19586,2548,11247,8339,2.85,2.68,19586,2887,7499,3748
3380,12553,10395,9718,677,6919,2799,2.86,2.35,9718,635,4775,2144
3381,12561,7288,6429,859,4045,2384,2.40,2.02,6429,716,2295,1750
3382,12563,2351,2196,155,1835,361,2.80,2.43,2196,73,1464,371
3383,12564,3156,2855,301,2153,702,3.01,1.89,2855,188,1459,694
3384,12565,684,548,136,276,272,2.32,2.45,548,68,156,120
3385,12566,4706,4224,482,3339,885,3.09,2.92,4224,34,2556,783
3386,12567,1430,1021,409,794,227,2.34,2.41,1021,36,422,372
3387,12569,4205,4002,203,2662,1340,2.69,2.22,4002,144,1653,1009
3388,12570,2312,2291,21,1958,333,3.01,2.64,2291,39,1239,719
3389,12571,4083,3616,467,2865,751,2.58,2.06,3616,132,1892,973
3390,12572,4381,3904,477,2696,1208,2.27,1.56,3904,171,1337,1359
3391,12574,262,195,67,169,26,2.21,5.85,195,0,72,97
3392,12575,671,623,48,558,65,3.06,3.54,623,0,394,164
3393,12577,575,514,61,441,73,2.82,3.68,514,11,284,157
3394,12578,995,871,124,705,166,2.63,1.69,871,4,411,294
3395,12580,1763,1655,108,1470,185,2.49,1.84,1655,17,873,597
3396,12581,1164,844,320,639,205,2.24,2.95,844,34,347,292
3397,12582,1551,1454,97,1339,115,2.84,2.61,1454,30,958,381
3398,12583,923,734,189,501,233,2.54,2.15,734,17,292,209
3399,12585,414,378,36,295,83,2.34,3.25,378,38,147,148
3400,12586,4906,4476,430,3102,1374,2.75,2.35,4476,224,1818,1284
3401,12589,5967,5431,536,4302,1129,3.08,2.35,5431,158,2915,1387
3402,12590,14725,14041,684,9892,4149,2.75,2.22,14041,752,6381,3511
3403,12592,623,533,90,377,156,2.56,3.03,533,70,258,119
3404,12594,1750,1581,169,1190,391,2.67,1.83,1581,20,670,520
3405,12601,18407,16972,1435,6714,10258,2.62,2.12,16972,3201,4164,2550
3406,12603,17440,16534,906,12235,4299,2.62,2.05,16534,888,8071,4164
3407,12604,0,0,0,0,0,-,-,0,0,0,0
3408,12701,7091,4713,2378,2305,2408,2.55,2.48,4713,1056,948,1357
3409,12719,788,503,285,450,53,2.01,1.98,503,0,272,178
3410,12720,77,34,43,16,18,2.25,1.72,34,18,0,16
3411,12721,2758,2241,517,1630,611,2.88,4.08,2241,251,905,725
3412,12722,46,25,21,25,0,-,-,25,25,0,25
3413,12723,1236,767,469,613,154,1.88,1.71,767,42,286,327
3414,12724,119,28,91,28,0,2.32,-,28,0,16,12
3415,12725,270,74,196,70,4,2.26,1.25,74,0,36,34
3416,12726,956,601,355,514,87,2.17,3.78,601,12,313,201
3417,12729,645,530,115,426,104,2.18,3.71,530,8,186,240
3418,12732,701,446,255,426,20,1.85,1.50,446,5,236,190
3419,12733,1019,139,880,35,104,-,6.41,139,0,0,35
3420,12734,660,393,267,238,155,2.35,3.78,393,91,144,94
3421,12736,126,70,56,61,9,1.62,-,70,0,35,26
3422,12737,1133,634,499,586,48,2.67,2.71,634,0,335,251
3423,12738,119,105,14,50,55,1.46,3.31,105,20,32,18
3424,12740,1037,727,310,568,159,2.24,3.34,727,32,239,329
3425,12741,260,91,169,65,26,2.08,2.08,91,0,27,38
3426,12742,122,61,61,45,16,1.58,-,61,4,12,33
3427,12743,346,136,210,99,37,2.45,3.81,136,0,54,45
3428,12745,15,15,0,15,0,-,-,15,0,0,15
3429,12746,339,301,38,262,39,2.54,2.33,301,0,151,111
3430,12747,1095,782,313,589,193,2.43,2.49,782,35,301,288
3431,12748,1254,835,419,615,220,2.35,2.26,835,21,352,263
3432,12749,368,148,220,87,61,5.09,1.54,148,30,52,35
3433,12750,24,12,12,9,3,1.56,2.67,12,0,4,5
3434,12751,620,443,177,218,225,2.17,4.11,443,102,77,141
3435,12752,265,170,95,103,67,1.92,1.75,170,0,74,29
3436,12754,3583,2661,922,1135,1526,2.63,2.89,2661,628,663,472
3437,12758,3215,1893,1322,1545,348,2.06,2.04,1893,79,498,1047
3438,12759,1297,586,711,408,178,2.95,5.39,586,50,137,271
3439,12760,424,217,207,179,38,2.44,1.13,217,0,59,120
3440,12762,351,158,193,73,85,2.04,3.94,158,12,0,73
3441,12763,613,291,322,228,63,1.74,2.25,291,0,63,165
3442,12764,1451,799,652,649,150,2.06,1.93,799,17,401,248
3443,12765,425,397,28,367,30,2.30,2.20,397,0,146,221
3444,12766,497,267,230,250,17,2.39,3.12,267,0,158,92
3445,12767,74,54,20,49,5,3.98,1.20,54,3,31,18
3446,12768,646,212,434,193,19,2.73,2.74,212,0,109,84
3447,12769,173,145,28,145,0,2.01,-,145,0,58,87
3448,12770,143,83,60,76,7,3.17,1.86,83,7,45,31
3449,12771,6179,5597,582,3580,2017,2.85,2.24,5597,665,1982,1598
3450,12775,1453,862,591,683,179,2.33,2.54,862,9,336,347
3451,12776,1951,723,1228,665,58,2.45,4.88,723,0,272,393
3452,12777,485,340,145,331,9,2.48,2.78,340,9,197,134
3453,12778,959,149,810,111,38,2.35,3.24,149,0,12,99
3454,12779,1227,639,588,277,362,2.31,1.96,639,171,91,186
3455,12780,1049,909,140,660,249,2.62,1.70,909,25,379,281
3456,12781,83,49,34,49,0,2.12,-,49,0,19,30
3457,12783,1370,550,820,430,120,2.43,1.78,550,84,186,244
3458,12784,15,1,14,0,1,-,3.00,1,0,0,0
3459,12785,535,407,128,386,21,3.08,-,407,21,323,63
3460,12786,859,271,588,242,29,1.79,1.48,271,9,118,124
3461,12787,43,38,5,28,10,2.07,3.10,38,9,7,21
3462,12788,1226,714,512,478,236,2.64,2.07,714,43,258,220
3463,12789,1715,785,930,452,333,2.66,2.19,785,77,255,197
3464,12790,2895,1766,1129,1428,338,2.53,2.73,1766,45,745,683
3465,12791,392,245,147,238,7,3.08,-,245,0,129,109
3466,12792,251,69,182,64,5,1.88,2.40,69,7,40,24
3467,12801,7336,6718,618,3489,3229,2.44,1.89,6718,1040,2435,1054
3468,12803,3895,3689,206,2171,1518,2.45,1.98,3689,213,1560,611
3469,12804,12947,11851,1096,8657,3194,2.40,2.00,11851,788,5488,3169
3470,12808,521,109,412,107,2,1.84,2.50,109,0,39,68
3471,12809,1947,1493,454,1307,186,2.43,2.06,1493,101,878,429
3472,12810,339,259,80,239,20,2.16,3.45,259,9,129,110
3473,12811,93,63,30,63,0,2.78,-,63,0,22,41
3474,12812,240,50,190,50,0,6.56,-,50,0,44,6
3475,12814,1790,685,1105,591,94,1.89,1.97,685,27,332,259
3476,12815,1203,517,686,402,115,2.07,1.77,517,13,205,197
3477,12816,2661,2072,589,1645,427,2.30,1.94,2072,212,929,716
3478,12817,2025,939,1086,751,188,2.24,1.69,939,17,461,290
3479,12819,227,121,106,95,26,2.67,2.19,121,2,58,37
3480,12820,50,32,18,32,0,3.00,-,32,0,0,32
3481,12821,65,65,0,65,0,2.42,-,65,0,37,28
3482,12822,3142,2349,793,1856,493,2.66,2.14,2349,82,1085,771
3483,12823,157,138,19,138,0,3.35,-,138,0,107,31
3484,12824,920,423,497,386,37,2.24,2.30,423,21,189,197
3485,12827,1620,1349,271,1120,229,2.57,2.05,1349,45,631,489
3486,12828,4041,3740,301,3197,543,2.67,2.14,3740,204,2001,1196
3487,12831,6954,6804,150,5170,1634,2.85,2.18,6804,344,3732,1438
3488,12832,3255,2717,538,2006,711,2.37,2.12,2717,279,1011,995
3489,12833,2230,2102,128,1753,349,2.43,2.47,2102,97,1165,588
3490,12834,2595,2398,197,1914,484,2.59,2.50,2398,128,1115,799
3491,12835,2891,1273,1618,1048,225,2.14,2.26,1273,19,458,590
3492,12836,748,297,451,269,28,1.87,3.25,297,17,134,135
3493,12837,460,406,54,337,69,2.49,3.42,406,4,156,181
3494,12838,315,302,13,256,46,2.40,2.61,302,11,132,124
3495,12839,6448,5884,564,3205,2679,2.55,1.96,5884,947,2055,1150
3496,12841,374,90,284,81,9,1.33,1.67,90,4,2,79
3497,12842,1284,262,1022,237,25,2.30,1.04,262,0,127,110
3498,12843,510,276,234,265,11,2.47,1.55,276,0,192,73
3499,12844,326,103,223,92,11,2.21,2.73,103,0,47,45
3500,12845,3702,2072,1630,1610,462,2.24,2.03,2072,104,820,790
3501,12846,2305,1570,735,1253,317,1.84,2.35,1570,80,622,631
3502,12847,1169,164,1005,153,11,2.08,2.64,164,3,88,65
3503,12849,128,128,0,128,0,2.40,-,128,0,41,87
3504,12850,1316,1010,306,815,195,2.56,2.69,1010,0,531,284
3505,12851,306,172,134,156,16,2.19,2.00,172,3,105,51
3506,12852,649,176,473,156,20,1.94,1.10,176,11,50,106
3507,12853,995,600,395,472,128,2.00,3.27,600,66,254,218
3508,12854,19,19,0,19,0,4.32,-,19,0,19,0
3509,12855,250,112,138,100,12,2.08,2.33,112,2,47,53
3510,12856,303,152,151,75,77,1.93,1.77,152,22,53,22
3511,12857,653,316,337,258,58,2.25,2.91,316,17,92,166
3512,12858,328,58,270,58,0,1.93,-,58,0,30,28
3513,12859,879,758,121,645,113,2.58,4.23,758,0,418,227
3514,12860,361,166,195,166,0,1.95,-,166,7,119,47
3515,12861,519,208,311,191,17,2.53,3.59,208,5,104,87
3516,12862,105,105,0,51,54,2.08,-,105,40,38,13
3517,12863,412,404,8,346,58,3.38,1.98,404,13,273,73
3518,12864,158,2,156,0,2,-,2.00,2,0,0,0
3519,12865,1802,1362,440,1064,298,2.53,2.71,1362,43,467,597
3520,12866,20102,17464,2638,10855,6609,2.31,1.65,17464,1167,7044,3811
3521,12870,1762,758,1004,601,157,2.25,2.23,758,32,319,282
3522,12871,1711,1586,125,1221,365,2.70,1.95,1586,91,874,347
3523,12872,137,49,88,49,0,1.94,-,49,0,49,0
3524,12873,477,349,128,220,129,2.66,1.88,349,58,97,123
3525,12874,323,75,248,56,19,1.86,1.79,75,0,22,34
3526,12878,546,282,264,263,19,2.66,2.58,282,6,116,147
3527,12883,2742,2103,639,1387,716,2.06,2.58,2103,278,755,632
3528,12884,268,261,7,163,98,2.67,2.39,261,3,75,88
3529,12885,2560,1958,602,1399,559,2.17,2.43,1958,275,698,701
3530,12886,109,77,32,77,0,2.03,-,77,0,47,30
3531,12887,2092,1779,313,1257,522,2.69,2.59,1779,157,655,602
3532,12901,15377,13906,1471,7672,6234,2.31,1.88,13906,1760,4155,3517
3533,12903,831,785,46,408,377,2.05,1.85,785,32,288,120
3534,12910,816,621,195,464,157,2.51,2.56,621,5,185,279
3535,12911,0,0,0,0,0,-,-,0,0,0,0
3536,12912,933,672,261,580,92,2.29,2.30,672,42,294,286
3537,12913,703,485,218,398,87,2.44,2.55,485,40,287,111
3538,12914,410,350,60,242,108,3.33,1.60,350,83,82,160
3539,12915,38,38,0,27,11,2.41,1.27,38,10,12,15
3540,12916,1085,915,170,583,332,2.93,2.00,915,90,197,386
3541,12917,540,469,71,359,110,2.74,3.06,469,45,168,191
3542,12918,1266,1170,96,1041,129,2.44,2.22,1170,11,623,418
3543,12919,1377,1200,177,829,371,2.56,2.29,1200,91,379,450
3544,12920,1447,974,473,819,155,2.33,1.96,974,54,396,423
3545,12921,1176,916,260,745,171,2.87,2.37,916,76,322,423
3546,12922,141,25,116,22,3,1.68,3.00,25,0,6,16
3547,12923,274,218,56,183,35,2.28,1.40,218,22,59,124
3548,12924,46,17,29,7,10,1.57,5.00,17,0,7,0
3549,12926,1090,991,99,769,222,2.46,2.09,991,113,458,311
3550,12927,573,157,416,149,8,1.78,3.00,157,2,59,90
3551,12928,1138,853,285,674,179,2.36,2.31,853,46,324,350
3552,12929,432,336,96,233,103,2.07,2.91,336,34,150,83
3553,12930,364,299,65,245,54,2.78,3.17,299,35,120,125
3554,12932,841,528,313,454,74,2.02,1.46,528,37,217,237
3555,12933,20,20,0,20,0,2.00,-,20,0,11,9
3556,12934,476,418,58,284,134,2.49,2.09,418,39,102,182
3557,12935,1004,697,307,559,138,2.25,1.65,697,44,240,319
3558,12936,637,271,366,232,39,2.16,2.05,271,19,81,151
3559,12937,720,614,106,474,140,2.70,2.05,614,9,234,240
3560,12939,89,77,12,55,22,2.51,1.68,77,0,24,31
3561,12941,1069,632,437,568,64,2.38,2.25,632,10,294,274
3562,12942,659,318,341,300,18,1.87,2.50,318,13,195,105
3563,12943,435,149,286,100,49,2.53,1.76,149,47,52,48
3564,12944,2208,1695,513,1263,432,2.43,2.34,1695,123,803,460
3565,12945,505,140,365,130,10,2.84,1.90,140,0,87,43
3566,12946,3691,2000,1691,1298,702,2.15,2.31,2000,281,609,689
3567,12950,356,275,81,236,39,2.26,1.95,275,3,119,117
3568,12952,290,90,200,86,4,3.24,-,90,13,66,20
3569,12953,5796,4710,1086,3179,1531,2.30,2.23,4710,701,1636,1543
3570,12955,378,147,231,130,17,2.02,2.06,147,11,57,73
3571,12956,625,552,73,432,120,1.85,1.89,552,24,195,237
3572,12957,762,637,125,337,300,2.45,2.25,637,75,161,176
3573,12958,997,787,210,713,74,2.49,1.97,787,156,426,287
3574,12959,771,771,0,657,114,1.88,2.37,771,64,349,308
3575,12960,559,489,70,428,61,2.04,-,489,61,349,79
3576,12961,166,105,61,105,0,1.21,-,105,0,0,105
3577,12962,2067,1956,111,1578,378,2.48,2.03,1956,140,907,671
3578,12964,94,19,75,19,0,2.26,-,19,4,3,16
3579,12965,220,179,41,160,19,2.14,3.42,179,35,107,53
3580,12966,1300,1099,201,910,189,2.60,2.42,1099,110,446,464
3581,12967,496,491,5,398,93,2.65,2.10,491,28,169,229
3582,12969,461,142,319,129,13,1.96,2.69,142,1,31,98
3583,12970,343,128,215,93,35,2.08,2.63,128,5,29,64
3584,12972,3212,2866,346,2425,441,2.38,2.37,2866,128,1508,917
3585,12973,74,37,37,37,0,2.03,-,37,0,4,33
3586,12974,1087,973,114,739,234,2.47,1.87,973,198,262,477
3587,12975,185,157,28,107,50,1.52,1.86,157,20,60,47
3588,12976,251,109,142,87,22,1.87,-,109,0,33,54
3589,12977,42,0,42,0,0,-,-,0,0,0,0
3590,12978,79,79,0,79,0,3.20,-,79,0,79,0
3591,12979,1222,1138,84,602,536,2.42,1.60,1138,170,338,264
3592,12980,1163,473,690,404,69,2.17,2.59,473,33,142,262
3593,12981,1077,905,172,804,101,2.68,1.69,905,8,389,415
3594,12983,4737,3320,1417,2068,1252,2.18,1.86,3320,409,1317,751
3595,12985,475,408,67,329,79,2.26,2.48,408,48,175,154
3596,12986,3621,2311,1310,1682,629,2.30,1.64,2311,224,846,836
3597,12987,149,106,43,97,9,2.14,1.78,106,0,47,50
3598,12989,835,393,442,369,24,2.28,1.50,393,13,144,225
3599,12992,1847,1657,190,1301,356,2.20,2.63,1657,56,629,672
3600,12993,1138,674,464,477,197,2.36,1.76,674,63,240,237
3601,12996,1595,863,732,711,152,2.33,2.51,863,44,279,432
3602,12997,816,549,267,459,90,2.27,1.50,549,45,231,228
3603,12998,104,69,35,69,0,1.64,-,69,13,13,56
3604,13020,40,32,8,32,0,2.56,-,32,0,22,10
3605,13021,18844,16501,2343,10037,6464,2.37,1.99,16501,2089,5794,4243
3606,13024,0,0,0,0,0,-,-,0,0,0,0
3607,13026,810,551,259,417,134,2.31,2.68,551,12,163,254
3608,13027,15029,14542,487,10437,4105,2.61,1.96,14542,771,7059,3378
3609,13028,633,304,329,286,18,2.52,1.17,304,16,223,63
3610,13029,3344,2965,379,2278,687,2.66,2.61,2965,233,1470,808
3611,13030,1815,1483,332,1316,167,2.55,2.02,1483,53,831,485
3612,13031,7124,6754,370,5175,1579,2.66,1.47,6754,305,3173,2002
3613,13032,6053,4833,1220,3781,1052,2.70,2.61,4833,296,2189,1592
3614,13033,1530,1341,189,1136,205,2.83,2.81,1341,78,681,455
3615,13034,1095,739,356,627,112,2.56,2.84,739,34,332,295
3616,13035,3339,2919,420,2519,400,2.54,1.96,2919,136,1537,982
3617,13036,4231,3842,389,3022,820,2.60,2.23,3842,175,2036,986
3618,13037,3944,3539,405,2800,739,2.81,2.36,3539,131,1898,902
3619,13039,7206,6640,566,5532,1108,2.74,1.83,6640,95,3984,1548
3620,13040,1419,1094,325,858,236,2.48,2.31,1094,59,395,463
3621,13041,4731,4533,198,4088,445,2.67,2.28,4533,273,2841,1247
3622,13042,1057,793,264,699,94,2.22,2.79,793,5,338,361
3623,13044,1251,1210,41,1071,139,2.67,1.27,1210,23,567,504
3624,13045,12202,10710,1492,6356,4354,2.43,2.10,10710,1182,3690,2666
3625,13051,30,30,0,30,0,-,-,30,0,30,0
3626,13052,1143,691,452,581,110,2.95,2.22,691,32,277,304
3627,13053,1936,1807,129,1310,497,2.51,2.23,1807,166,726,584
3628,13054,504,399,105,337,62,2.91,2.03,399,0,210,127
3629,13057,6799,6381,418,4488,1893,2.38,1.86,6381,363,2416,2072
3630,13060,1342,1168,174,996,172,2.45,1.60,1168,31,549,447
3631,13061,601,308,293,282,26,2.64,1.54,308,16,176,106
3632,13062,136,107,29,107,0,1.75,-,107,0,69,38
3633,13063,843,810,33,734,76,2.20,2.46,810,20,356,378
3634,13065,119,119,0,119,0,2.53,-,119,0,94,25
3635,13066,5839,5361,478,4248,1113,2.48,1.94,5361,281,2381,1867
3636,13068,2087,1996,91,1360,636,2.40,1.92,1996,78,825,535
3637,13069,10749,9946,803,6640,3306,2.46,2.36,9946,1141,4033,2607
3638,13071,340,315,25,261,54,2.59,2.50,315,7,117,144
3639,13072,476,328,148,272,56,2.80,1.79,328,6,126,146
3640,13073,2874,2689,185,2076,613,2.35,2.68,2689,95,1312,764
3641,13074,1823,1696,127,1364,332,2.49,2.64,1696,23,791,573
3642,13076,921,851,70,796,55,2.65,2.84,851,17,525,271
3643,13077,3200,2947,253,2354,593,2.34,1.88,2947,105,1288,1066
3644,13078,3965,3800,165,3198,602,2.83,1.98,3800,290,1879,1319
3645,13080,1801,1403,398,1162,241,2.62,1.88,1403,29,640,522
3646,13081,771,523,248,464,59,2.46,2.17,523,21,273,191
3647,13082,1679,1526,153,1430,96,2.60,1.69,1526,59,858,572
3648,13083,976,823,153,605,218,2.36,2.64,823,28,397,208
3649,13084,1527,1453,74,1237,216,2.49,2.30,1453,22,620,617
3650,13087,129,69,60,66,3,2.47,-,69,0,46,20
3651,13088,10907,10334,573,6093,4241,2.36,1.78,10334,757,3508,2585
3652,13090,12387,11883,504,8276,3607,2.55,2.24,11883,636,5821,2455
3653,13092,1077,935,142,839,96,2.76,2.27,935,33,430,409
3654,13101,1017,923,94,619,304,2.84,2.39,923,29,322,297
3655,13102,35,35,0,35,0,1.74,-,35,0,24,11
3656,13103,82,82,0,57,25,1.47,2.08,82,10,12,45
3657,13104,6714,6444,270,5244,1200,2.87,1.61,6444,226,3336,1908
3658,13108,2725,2675,50,2025,650,2.48,1.82,2675,148,1145,880
3659,13110,1306,892,414,833,59,2.67,2.10,892,29,529,304
3660,13111,727,557,170,460,97,3.07,3.69,557,58,295,165
3661,13112,687,572,115,495,77,2.88,2.55,572,9,258,237
3662,13113,16,14,2,14,0,2.14,-,14,0,9,5
3663,13114,3323,2938,385,2257,681,2.56,2.13,2938,107,1278,979
3664,13115,96,96,0,57,39,1.93,2.77,96,3,36,21
3665,13116,1488,1422,66,1068,354,2.56,2.40,1422,85,553,515
3666,13117,138,125,13,78,47,2.74,1.98,125,6,36,42
3667,13118,2735,2098,637,1674,424,2.40,2.20,2098,162,874,800
3668,13119,0,0,0,0,0,-,-,0,0,0,0
3669,13120,738,712,26,657,55,2.84,1.15,712,26,477,180
3670,13121,0,0,0,0,0,-,-,0,0,0,0
3671,13122,628,518,110,420,98,2.22,2.77,518,33,294,126
3672,13123,0,0,0,0,0,-,-,0,0,0,0
3673,13124,97,62,35,60,2,2.28,3.50,62,0,25,35
3674,13126,15260,13249,2011,8965,4284,2.47,2.00,13249,1524,5041,3924
3675,13131,1404,1302,102,1082,220,2.48,1.69,1302,36,674,408
3676,13132,1790,1609,181,1517,92,2.13,2.11,1609,82,1003,514
3677,13134,27,27,0,27,0,5.22,-,27,4,16,11
3678,13135,2559,2348,211,1590,758,2.62,2.43,2348,147,934,656
3679,13136,174,134,40,108,26,2.35,3.88,134,0,40,68
3680,13138,52,52,0,52,0,2.56,-,52,0,52,0
3681,13140,1899,1653,246,1287,366,2.55,2.51,1653,116,586,701
3682,13141,345,290,55,269,21,2.35,2.62,290,3,102,167
3683,13142,3228,2464,764,1941,523,2.58,2.39,2464,175,955,986
3684,13143,1041,923,118,797,126,2.84,2.63,923,67,387,410
3685,13144,906,507,399,424,83,3.00,1.81,507,47,195,229
3686,13145,1141,696,445,523,173,1.89,2.53,696,19,296,227
3687,13146,837,777,60,602,175,2.83,4.05,777,49,329,273
3688,13147,423,362,61,280,82,2.35,2.65,362,19,143,137
3689,13148,5482,4822,660,3241,1581,2.26,1.92,4822,541,1915,1326
3690,13152,4289,3396,893,2820,576,2.30,2.28,3396,169,1648,1172
3691,13153,120,120,0,89,31,2.96,2.61,120,8,27,62
3692,13154,21,10,11,10,0,3.20,-,10,0,10,0
3693,13155,323,248,75,201,47,2.23,2.49,248,19,80,121
3694,13156,1511,880,631,791,89,2.32,1.21,880,47,461,330
3695,13157,626,257,369,188,69,1.54,2.16,257,32,61,127
3696,13158,621,500,121,366,134,2.71,2.57,500,18,177,189
3697,13159,2442,2139,303,1807,332,2.61,2.07,2139,114,1145,662
3698,13160,1024,841,183,624,217,2.98,2.26,841,31,382,242
3699,13162,344,205,139,124,81,1.24,2.74,205,0,55,69
3700,13163,114,106,8,106,0,2.58,-,106,0,57,49
3701,13164,900,851,49,820,31,2.82,3.29,851,3,594,226
3702,13165,4705,4275,430,3073,1202,2.37,1.82,4275,292,1764,1309
3703,13166,2538,2363,175,1815,548,2.37,2.13,2363,248,959,856
3704,13167,1383,1260,123,1030,230,2.24,2.94,1260,83,568,462
3705,13202,3342,3087,255,224,2863,1.65,2.00,3087,1374,150,74
3706,13203,9094,7788,1306,2482,5306,2.40,1.93,7788,2559,1577,905
3707,13204,10449,8392,2057,2440,5952,2.31,2.40,8392,2291,1298,1142
3708,13205,9000,7178,1822,3403,3775,2.63,2.12,7178,2295,2001,1402
3709,13206,8561,7848,713,3988,3860,2.37,1.98,7848,1336,2571,1417
3710,13207,6076,5290,786,3320,1970,2.30,2.63,5290,864,1988,1332
3711,13208,10430,8832,1598,4058,4774,2.31,2.85,8832,2355,2660,1398
3712,13209,6336,5895,441,4177,1718,2.19,2.25,5895,558,2418,1759
3713,13210,9621,7432,2189,1865,5567,2.43,2.14,7432,2066,1215,650
3714,13211,2560,2398,162,1746,652,2.62,2.58,2398,170,1183,563
3715,13212,9297,8865,432,6871,1994,2.44,2.01,8865,710,4315,2556
3716,13214,3336,3010,326,2155,855,2.42,2.53,3010,421,1202,953
3717,13215,5802,5390,412,4451,939,2.64,1.70,5390,291,2777,1674
3718,13219,6722,6236,486,5189,1047,2.63,1.71,6236,446,3209,1980
3719,13224,3987,3510,477,2309,1201,2.32,2.47,3510,426,1285,1024
3720,13244,42,14,28,0,14,-,2.21,14,0,0,0
3721,13290,0,0,0,0,0,-,-,0,0,0,0
3722,13301,107,63,44,63,0,2.87,-,63,0,36,27
3723,13302,921,558,363,476,82,2.29,3.95,558,59,270,206
3724,13303,681,563,118,501,62,2.55,2.08,563,35,223,278
3725,13304,881,746,135,572,174,2.38,2.41,746,22,238,334
3726,13305,100,83,17,46,37,2.15,2.30,83,0,26,20
3727,13308,2107,1631,476,1393,238,2.84,3.18,1631,7,948,445
3728,13309,2865,2525,340,1867,658,2.28,1.91,2525,201,922,945
3729,13310,361,268,93,213,55,2.45,3.22,268,20,139,74
3730,13312,682,157,525,139,18,2.09,1.56,157,4,58,81
3731,13313,278,212,66,137,75,2.49,3.00,212,2,39,98
3732,13314,62,24,38,24,0,3.00,-,24,0,17,7
3733,13315,690,526,164,434,92,2.72,2.57,526,9,204,230
3734,13316,3227,2746,481,2313,433,2.27,1.79,2746,281,1002,1311
3735,13317,1597,1381,216,1041,340,3.21,1.86,1381,181,596,445
3736,13318,491,427,64,405,22,2.65,1.59,427,0,186,219
3737,13319,372,325,47,199,126,2.29,1.56,325,0,111,88
3738,13320,1052,745,307,633,112,2.72,3.04,745,52,303,330
3739,13321,410,356,54,243,113,2.16,1.66,356,35,69,174
3740,13322,647,455,192,372,83,2.69,1.83,455,6,172,200
3741,13323,4732,4433,299,3062,1371,2.31,1.79,4433,225,1588,1474
3742,13324,1525,836,689,735,101,2.50,2.60,836,23,305,430
3743,13325,677,422,255,385,37,2.60,2.11,422,9,190,195
3744,13326,2956,2064,892,1538,526,2.35,1.97,2064,136,678,860
3745,13327,1315,780,535,620,160,2.98,1.60,780,75,321,299
3746,13328,655,631,24,564,67,2.61,1.81,631,11,345,219
3747,13329,1817,1587,230,1106,481,2.56,2.24,1587,124,516,590
3748,13331,886,40,846,40,0,1.83,-,40,8,17,23
3749,13332,1104,865,239,748,117,2.96,3.86,865,20,419,329
3750,13333,54,42,12,20,22,2.40,1.09,42,0,8,12
3751,13334,862,394,468,258,136,2.56,2.10,394,20,189,69
3752,13335,642,455,187,386,69,2.65,2.06,455,30,197,189
3753,13337,464,335,129,235,100,2.12,1.45,335,0,95,140
3754,13338,1544,634,910,583,51,2.10,1.61,634,24,244,339
3755,13339,2586,2051,535,1650,401,3.12,2.79,2051,232,779,871
3756,13340,3404,3084,320,2572,512,2.51,2.28,3084,175,1468,1104
3757,13342,88,88,0,83,5,3.12,2.40,88,0,53,30
3758,13343,1166,642,524,547,95,2.57,1.55,642,22,275,272
3759,13345,120,64,56,52,12,2.25,2.00,64,6,30,22
3760,13346,2548,1953,595,1449,504,2.22,1.73,1953,196,627,822
3761,13348,797,583,214,488,95,2.69,2.07,583,44,334,154
3762,13350,5015,4253,762,2561,1692,2.37,1.82,4253,811,1100,1461
3763,13352,30,1,29,1,0,22.00,-,1,0,1,0
3764,13353,229,14,215,14,0,1.79,-,14,0,8,6
3765,13354,1292,1205,87,1086,119,2.87,2.38,1205,50,648,438
3766,13355,356,353,3,304,49,2.77,5.14,353,0,237,67
3767,13357,4820,4269,551,2892,1377,2.49,2.20,4269,522,1573,1319
3768,13360,913,40,873,37,3,4.03,3.00,40,4,17,20
3769,13361,337,245,92,196,49,2.81,3.12,245,38,106,90
3770,13363,932,866,66,817,49,2.69,2.59,866,0,503,314
3771,13364,173,107,66,92,15,2.46,-,107,5,55,37
3772,13365,3870,3073,797,2338,735,2.73,2.32,3073,250,1173,1165
3773,13367,4558,3534,1024,2716,818,2.46,2.36,3534,206,1419,1297
3774,13368,648,469,179,420,49,2.51,2.86,469,16,151,269
3775,13402,750,552,198,441,111,2.10,2.26,552,19,128,313
3776,13403,1807,1719,88,1390,329,2.75,1.76,1719,40,770,620
3777,13404,50,50,0,34,16,2.76,1.44,50,4,21,13
3778,13406,183,149,34,128,21,2.77,3.00,149,7,71,57
3779,13407,2263,1983,280,1580,403,2.68,2.04,1983,148,756,824
3780,13408,1000,736,264,602,134,2.51,2.19,736,50,342,260
3781,13409,920,796,124,721,75,2.64,2.68,796,21,376,345
3782,13410,303,262,41,160,102,2.22,1.63,262,74,62,98
3783,13411,1554,1154,400,918,236,2.49,2.03,1154,80,524,394
3784,13413,7183,6626,557,4918,1708,2.39,2.02,6626,296,2739,2179
3785,13415,30,30,0,30,0,2.13,-,30,0,20,10
3786,13416,1028,884,144,735,149,2.65,2.30,884,69,337,398
3787,13417,1877,1625,252,741,884,2.27,1.82,1625,261,256,485
3788,13418,86,60,26,30,30,2.50,4.03,60,4,2,28
3789,13420,2680,498,2182,393,105,2.09,1.93,498,8,105,288
3790,13421,5802,5386,416,3481,1905,2.55,2.03,5386,489,2104,1377
3791,13424,956,875,81,693,182,2.32,1.40,875,67,433,260
3792,13425,932,831,101,649,182,2.60,1.87,831,84,355,294
3793,13428,687,598,89,424,174,2.59,1.14,598,72,254,170
3794,13431,737,642,95,550,92,2.76,2.63,642,25,364,186
3795,13433,758,584,174,487,97,2.81,1.82,584,6,224,263
3796,13435,133,106,27,96,10,2.77,8.80,106,0,33,63
3797,13436,501,31,470,29,2,1.41,2.50,31,0,6,23
3798,13437,652,117,535,110,7,2.60,1.57,117,2,47,63
3799,13438,1963,1253,710,1046,207,2.39,2.00,1253,73,590,456
3800,13439,2290,1400,890,1097,303,2.72,2.54,1400,79,596,501
3801,13440,18797,16630,2167,10824,5806,2.40,2.22,16630,1902,5746,5078
3802,13441,88,88,0,0,88,-,1.36,88,16,0,0
3803,13450,146,102,44,81,21,2.70,3.19,102,6,25,56
3804,13452,2143,1805,338,1402,403,2.59,2.70,1805,175,661,741
3805,13454,426,362,64,343,19,2.18,2.95,362,31,184,159
3806,13455,17,17,0,13,4,3.62,2.00,17,0,13,0
3807,13456,1570,1487,83,1245,242,2.69,2.17,1487,72,768,477
3808,13457,65,23,42,7,16,2.29,1.25,23,12,2,5
3809,13459,1011,797,214,574,223,2.47,2.62,797,39,333,241
3810,13460,1954,1619,335,1277,342,2.78,1.99,1619,89,598,679
3811,13461,1329,1299,30,935,364,2.75,1.67,1299,88,473,462
3812,13464,677,561,116,479,82,2.31,2.67,561,22,159,320
3813,13468,160,121,39,58,63,2.55,3.33,121,0,36,22
3814,13469,469,469,0,451,18,2.57,4.17,469,18,306,145
3815,13470,629,250,379,215,35,2.59,3.69,250,7,122,93
3816,13471,1249,1022,227,886,136,2.46,3.01,1022,16,352,534
3817,13472,463,78,385,78,0,2.17,-,78,0,0,78
3818,13473,551,426,125,413,13,2.67,4.69,426,4,246,167
3819,13475,30,17,13,14,3,2.14,4.00,17,0,12,2
3820,13476,1501,1301,200,835,466,2.94,1.69,1301,46,556,279
3821,13477,601,515,86,396,119,2.49,1.95,515,16,301,95
3822,13478,1476,1310,166,1191,119,2.50,2.05,1310,112,488,703
3823,13480,1455,1274,181,913,361,2.57,2.02,1274,90,538,375
3824,13482,40,27,13,27,0,2.07,-,27,0,9,18
3825,13483,206,157,49,108,49,3.38,3.27,157,4,93,15
3826,13484,0,0,0,0,0,-,-,0,0,0,0
3827,13485,672,499,173,428,71,2.93,3.31,499,32,212,216
3828,13486,391,325,66,292,33,2.08,1.88,325,6,145,147
3829,13488,134,55,79,45,10,1.56,3.60,55,0,16,29
3830,13489,262,178,84,172,6,2.83,1.33,178,15,94,78
3831,13490,388,388,0,388,0,2.70,-,388,13,168,220
3832,13491,1529,1289,240,1067,222,2.90,2.21,1289,61,494,573
3833,13492,5174,4760,414,3540,1220,2.57,1.66,4760,242,2014,1526
3834,13493,945,806,139,690,116,2.87,2.59,806,29,314,376
3835,13494,555,94,461,89,5,2.42,2.20,94,1,22,67
3836,13495,907,820,87,516,304,2.65,2.17,820,58,276,240
3837,13501,17357,14700,2657,7695,7005,2.75,2.55,14700,2820,4024,3671
3838,13502,15002,13199,1803,8025,5174,2.47,2.40,13199,2327,4477,3548
3839,13601,18644,16326,2318,8189,8137,2.59,1.99,16326,2262,5076,3113
3840,13602,0,0,0,0,0,-,-,0,0,0,0
3841,13603,4513,4212,301,88,4124,1.98,3.04,4212,207,0,88
3842,13605,2419,1950,469,1491,459,2.73,2.38,1950,124,877,614
3843,13606,1162,1116,46,924,192,2.22,2.89,1116,10,473,451
3844,13607,1871,833,1038,523,310,2.11,1.52,833,92,245,278
3845,13608,805,653,152,504,149,2.72,2.40,653,41,270,234
3846,13611,210,155,55,136,19,1.86,5.00,155,0,89,47
3847,13612,1351,1180,171,744,436,2.33,1.78,1180,114,489,255
3848,13613,1156,1043,113,734,309,2.65,2.08,1043,97,333,401
3849,13614,139,105,34,64,41,3.22,3.17,105,0,31,33
3850,13615,343,294,49,225,69,2.53,1.70,294,6,144,81
3851,13616,966,966,0,337,629,2.60,2.21,966,66,168,169
3852,13617,4305,4130,175,2373,1757,2.31,1.68,4130,290,1265,1108
3853,13618,2330,650,1680,584,66,2.22,2.55,650,13,290,294
3854,13619,4902,4262,640,2405,1857,2.72,2.13,4262,393,1268,1137
3855,13620,821,781,40,666,115,2.82,2.22,781,26,229,437
3856,13621,287,206,81,131,75,2.78,1.83,206,24,54,77
3857,13622,1239,731,508,632,99,2.53,2.83,731,13,400,232
3858,13623,58,28,30,28,0,1.61,-,28,10,5,23
3859,13624,3652,1952,1700,1356,596,2.39,2.14,1952,112,760,596
3860,13625,1090,663,427,589,74,2.48,2.70,663,19,246,343
3861,13626,1112,885,227,714,171,2.74,2.13,885,49,452,262
3862,13628,119,85,34,52,33,2.56,2.76,85,0,34,18
3863,13630,541,468,73,403,65,3.32,1.83,468,44,175,228
3864,13632,70,70,0,70,0,2.11,-,70,0,19,51
3865,13633,192,94,98,91,3,2.85,-,94,13,43,48
3866,13634,1975,1489,486,1210,279,2.64,2.50,1489,107,722,488
3867,13635,496,393,103,315,78,2.73,2.73,393,23,161,154
3868,13636,58,54,4,43,11,3.30,3.18,54,0,25,18
3869,13637,2050,1792,258,539,1253,2.61,2.32,1792,200,334,205
3870,13638,143,143,0,59,84,1.81,3.67,143,61,21,38
3871,13639,45,40,5,37,3,1.30,1.67,40,3,12,25
3872,13640,909,127,782,127,0,1.83,-,127,7,66,61
3873,13641,224,26,198,26,0,1.92,-,26,0,4,22
3874,13642,4226,3694,532,2581,1113,2.48,1.99,3694,321,1241,1340
3875,13643,21,21,0,11,10,1.91,3.40,21,0,0,11
3876,13645,0,0,0,0,0,-,-,0,0,0,0
3877,13646,2376,818,1558,669,149,2.62,2.61,818,46,316,353
3878,13647,79,71,8,23,48,4.09,1.38,71,0,23,0
3879,13648,1612,839,773,684,155,2.37,2.65,839,47,328,356
3880,13649,22,4,18,4,0,2.25,-,4,0,0,4
3881,13650,1523,620,903,507,113,2.22,3.11,620,4,237,270
3882,13651,164,89,75,89,0,1.69,-,89,9,57,32
3883,13652,981,649,332,573,76,2.86,1.67,649,39,226,347
3884,13654,1236,900,336,735,165,3.18,1.75,900,157,345,390
3885,13655,1450,1450,0,984,466,2.28,2.67,1450,340,441,543
3886,13656,1189,1048,141,882,166,3.31,2.34,1048,101,520,362
3887,13658,1026,927,99,831,96,2.93,2.41,927,36,332,499
3888,13659,380,153,227,144,9,2.38,2.00,153,1,79,65
3889,13660,765,638,127,531,107,2.82,2.73,638,22,297,234
3890,13661,1060,668,392,613,55,2.77,2.05,668,3,398,215
3891,13662,7878,7219,659,4977,2242,2.43,1.75,7219,887,2879,2098
3892,13664,253,152,101,119,33,2.61,3.45,152,2,55,64
3893,13665,420,336,84,264,72,2.66,1.86,336,14,126,138
3894,13666,158,86,72,57,29,2.75,2.41,86,24,18,39
3895,13667,1350,1224,126,895,329,2.42,2.84,1224,137,473,422
3896,13668,1523,1381,142,1138,243,2.47,1.73,1381,82,602,536
3897,13669,6779,5510,1269,4051,1459,2.53,2.00,5510,758,2024,2027
3898,13670,369,175,194,163,12,2.34,3.25,175,10,52,111
3899,13672,515,202,313,117,85,2.91,1.64,202,16,72,45
3900,13673,972,825,147,474,351,2.70,2.42,825,53,235,239
3901,13674,36,36,0,36,0,1.42,-,36,0,3,33
3902,13675,34,13,21,13,0,3.15,-,13,0,13,0
3903,13676,6151,5280,871,3354,1926,2.50,1.75,5280,486,1823,1531
3904,13678,123,97,26,0,97,-,-,97,10,0,0
3905,13679,1346,482,864,443,39,2.60,2.44,482,6,272,171
3906,13680,497,433,64,370,63,3.22,2.11,433,53,161,209
3907,13681,440,419,21,367,52,2.65,2.67,419,40,148,219
3908,13682,369,311,58,268,43,2.50,2.84,311,0,181,87
3909,13683,0,0,0,0,0,-,-,0,0,0,0
3910,13684,762,451,311,401,50,2.24,2.74,451,10,163,238
3911,13685,1569,1046,523,578,468,2.48,1.54,1046,26,275,303
3912,13687,578,231,347,223,8,2.39,-,231,8,86,137
3913,13690,520,312,208,244,68,2.44,1.59,312,23,90,154
3914,13691,1787,1155,632,824,331,2.55,3.04,1155,45,507,317
3915,13692,453,86,367,86,0,2.47,-,86,4,15,71
3916,13693,1086,149,937,149,0,2.26,-,149,0,70,79
3917,13694,660,579,81,432,147,2.25,2.61,579,60,216,216
3918,13695,182,53,129,50,3,2.52,2.00,53,3,30,20
3919,13696,110,110,0,37,73,2.08,1.86,110,17,0,37
3920,13697,830,787,43,661,126,2.24,1.98,787,41,411,250
3921,13699,0,0,0,0,0,-,-,0,0,0,0
3922,13730,1508,1207,301,934,273,2.51,1.93,1207,58,417,517
3923,13731,1233,525,708,449,76,1.96,1.25,525,17,115,334
3924,13732,3132,3058,74,2691,367,2.52,2.15,3058,142,1519,1172
3925,13733,2540,2166,374,1861,305,2.36,1.88,2166,207,882,979
3926,13734,935,888,47,849,39,2.63,1.97,888,46,434,415
3927,13736,875,820,55,700,120,2.26,3.19,820,58,312,388
3928,13738,18,18,0,18,0,2.44,-,18,8,8,10
3929,13739,568,325,243,262,63,2.35,1.65,325,14,118,144
3930,13740,452,234,218,214,20,2.17,1.55,234,1,75,139
3931,13743,1928,1567,361,1140,427,2.38,2.18,1567,77,415,725
3932,13744,522,457,65,414,43,3.11,2.33,457,19,228,186
3933,13746,1023,866,157,769,97,2.22,2.00,866,35,383,386
3934,13747,22,22,0,22,0,-,-,22,0,0,22
3935,13748,1763,1544,219,1125,419,2.38,1.98,1544,80,541,584
3936,13750,501,350,151,305,45,2.45,1.36,350,12,164,141
3937,13751,71,49,22,34,15,2.12,1.93,49,0,26,8
3938,13752,630,315,315,216,99,2.83,3.44,315,66,82,134
3939,13753,2266,1808,458,1258,550,2.47,1.86,1808,144,546,712
3940,13754,2096,1134,962,894,240,2.50,2.27,1134,123,430,464
3941,13755,720,385,335,312,73,2.47,1.42,385,14,158,154
3942,13756,559,241,318,231,10,1.82,-,241,22,120,111
3943,13757,748,542,206,457,85,2.72,3.32,542,21,176,281
3944,13760,21436,19362,2074,13004,6358,2.37,1.95,19362,1938,6990,6014
3945,13774,226,113,113,92,21,2.37,2.95,113,0,20,72
3946,13775,994,724,270,607,117,2.45,2.03,724,16,333,274
3947,13776,301,218,83,177,41,2.02,2.44,218,12,106,71
3948,13777,217,146,71,139,7,2.71,3.14,146,0,83,56
3949,13778,2755,2303,452,1672,631,2.59,1.81,2303,132,805,867
3950,13780,436,311,125,311,0,2.86,-,311,14,152,159
3951,13782,531,272,259,211,61,2.05,4.57,272,12,49,162
3952,13783,1994,1080,914,766,314,2.26,2.46,1080,115,208,558
3953,13784,117,98,19,83,15,2.37,2.87,98,0,72,11
3954,13786,274,194,80,187,7,2.01,-,194,13,75,112
3955,13787,1695,1399,296,1109,290,2.32,2.44,1399,44,502,607
3956,13788,630,382,248,291,91,2.89,1.78,382,20,156,135
3957,13790,9321,8124,1197,4736,3388,2.40,2.04,8124,1171,2582,2154
3958,13795,1665,1537,128,1166,371,2.05,1.94,1537,120,789,377
3959,13796,662,465,197,317,148,2.53,1.50,465,49,149,168
3960,13797,890,832,58,643,189,2.56,2.20,832,58,360,283
3961,13801,1010,619,391,531,88,2.12,2.68,619,30,239,292
3962,13802,521,504,17,375,129,1.90,2.50,504,0,129,246
3963,13803,1712,1516,196,1267,249,2.91,2.78,1516,66,725,542
3964,13804,182,79,103,48,31,3.00,3.00,79,2,28,20
3965,13806,93,88,5,79,9,2.24,2.22,88,0,46,33
3966,13807,683,471,212,339,132,2.55,2.17,471,46,227,112
3967,13808,733,520,213,432,88,2.62,2.05,520,43,214,218
3968,13809,918,719,199,632,87,2.74,1.95,719,14,399,233
3969,13810,687,566,121,480,86,2.51,1.98,566,0,197,283
3970,13811,1720,1558,162,1288,270,2.65,2.03,1558,63,731,557
3971,13812,990,908,82,747,161,2.79,1.54,908,82,278,469
3972,13813,361,255,106,255,0,4.07,-,255,0,36,219
3973,13814,10,10,0,10,0,-,-,10,3,0,10
3974,13815,6422,5728,694,3655,2073,2.36,1.93,5728,835,1676,1979
3975,13820,9114,7376,1738,4687,2689,2.28,2.05,7376,866,2621,2066
3976,13825,1444,1174,270,832,342,2.46,1.99,1174,10,332,500
3977,13826,94,94,0,90,4,2.48,3.75,94,0,69,21
3978,13827,5391,5084,307,3577,1507,2.48,1.56,5084,387,1904,1673
3979,13830,2650,2050,600,1688,362,2.53,1.83,2050,163,833,855
3980,13832,251,159,92,147,12,2.59,1.75,159,18,37,110
3981,13833,1695,1462,233,1152,310,2.86,3.34,1462,28,656,496
3982,13834,116,116,0,60,56,2.07,1.93,116,0,41,19
3983,13835,624,508,116,410,98,2.38,2.78,508,16,183,227
3984,13838,2117,1603,514,1004,599,2.22,2.78,1603,309,426,578
3985,13839,802,502,300,428,74,2.67,2.72,502,7,176,252
3986,13841,299,234,65,183,51,2.55,1.75,234,3,89,94
3987,13842,311,196,115,181,15,2.70,1.53,196,13,106,75
3988,13843,1016,787,229,709,78,2.54,3.37,787,22,332,377
3989,13844,287,223,64,183,40,3.01,2.15,223,16,80,103
3990,13846,278,226,52,203,23,2.25,1.09,226,15,86,117
3991,13847,10,10,0,10,0,1.60,-,10,0,10,0
3992,13849,2616,1987,629,1642,345,2.32,2.25,1987,143,713,929
3993,13850,10251,9311,940,7400,1911,2.49,2.10,9311,708,3955,3445
3994,13856,3732,2696,1036,1833,863,2.30,2.04,2696,161,853,980
3995,13859,44,44,0,32,12,2.44,3.08,44,0,0,32
3996,13860,48,48,0,48,0,2.92,-,48,0,35,13
3997,13861,291,291,0,155,136,2.30,-,291,15,43,112
3998,13862,1777,1585,192,1169,416,2.42,2.35,1585,98,682,487
3999,13863,358,209,149,190,19,2.23,3.74,209,2,101,89
4000,13864,607,607,0,401,206,1.70,1.97,607,15,70,331
4001,13865,3092,2521,571,2209,312,2.27,2.46,2521,131,987,1222
4002,13901,9959,8480,1479,4420,4060,2.70,1.92,8480,2122,2481,1939
4003,13902,0,0,0,0,0,-,-,0,0,0,0
4004,13903,8709,8127,582,5161,2966,2.43,2.25,8127,1384,2912,2249
4005,13904,3847,3637,210,2437,1200,2.63,2.15,3637,374,1315,1122
4006,13905,13293,11321,1972,5549,5772,2.30,2.26,11321,2114,2837,2712
4007,14001,4509,4121,388,3040,1081,2.50,1.96,4121,194,1716,1324
4008,14004,4031,3920,111,3403,517,2.77,1.61,3920,163,2110,1293
4009,14005,751,737,14,601,136,3.05,2.35,737,31,359,242
4010,14006,4979,3996,983,3324,672,2.27,2.58,3996,157,1806,1518
4011,14008,654,609,45,467,142,2.86,2.42,609,15,198,269
4012,14009,2782,2558,224,1957,601,2.34,1.79,2558,191,1077,880
4013,14011,2312,2172,140,1742,430,2.53,2.07,2172,61,919,823
4014,14012,1260,1061,199,921,140,2.64,2.14,1061,35,525,396
4015,14013,691,647,44,542,105,2.61,2.76,647,50,292,250
4016,14020,10816,10145,671,6204,3941,2.25,1.95,10145,1362,3509,2695
4017,14024,761,578,183,507,71,2.64,3.56,578,47,252,255
4018,14025,1767,1682,85,1504,178,2.39,1.66,1682,53,942,562
4019,14026,360,295,65,202,93,1.90,1.24,295,50,93,109
4020,14027,51,38,13,9,29,1.44,1.97,38,0,0,9
4021,14028,725,642,83,576,66,2.16,1.92,642,35,286,290
4022,14029,44,33,11,27,6,2.52,2.67,33,3,17,10
4023,14030,754,702,52,581,121,2.58,2.69,702,20,374,207
4024,14031,4353,3967,386,3234,733,2.58,1.38,3967,209,1847,1387
4025,14032,3944,3733,211,3454,279,2.93,2.03,3733,143,2501,953
4026,14033,739,684,55,568,116,2.21,2.46,684,6,324,244
4027,14034,874,771,103,675,96,2.57,2.17,771,26,324,351
4028,14035,52,32,20,32,0,2.75,-,32,0,23,9
4029,14036,2351,2217,134,1779,438,2.65,1.65,2217,145,1114,665
4030,14037,426,390,36,358,32,2.68,1.97,390,8,267,91
4031,14039,38,38,0,27,11,1.78,1.64,38,7,15,12
4032,14040,763,718,45,678,40,2.49,2.88,718,9,364,314
4033,14041,118,64,54,49,15,3.08,1.53,64,16,23,26
4034,14042,2202,1860,342,1401,459,2.39,2.32,1860,165,576,825
4035,14043,11622,11177,445,7798,3379,2.42,1.97,11177,514,4726,3072
4036,14047,2645,2481,164,2021,460,2.67,1.68,2481,161,1017,1004
4037,14048,7467,6831,636,4093,2738,2.23,1.99,6831,1284,2003,2090
4038,14051,8171,7892,279,6468,1424,2.67,1.57,7892,206,4070,2398
4039,14052,7758,7274,484,6164,1110,2.50,1.83,7274,348,3769,2395
4040,14054,546,510,36,375,135,2.64,2.91,510,29,228,147
4041,14055,751,683,68,566,117,1.84,2.39,683,159,226,340
4042,14056,103,103,0,103,0,2.10,-,103,0,0,103
4043,14057,3304,3165,139,2680,485,2.46,2.37,3165,137,1542,1138
4044,14058,841,750,91,654,96,3.00,2.65,750,33,394,260
4045,14059,3871,3761,110,3004,757,2.63,2.17,3761,300,1832,1172
4046,14060,282,190,92,152,38,1.99,1.47,190,21,63,89
4047,14061,26,26,0,21,5,2.76,1.80,26,0,14,7
4048,14062,1484,1330,154,1094,236,2.56,2.55,1330,62,546,548
4049,14063,5602,5003,599,3505,1498,2.42,1.92,5003,457,2109,1396
4050,14065,676,597,79,554,43,2.85,2.19,597,60,310,244
4051,14066,561,463,98,397,66,2.51,2.88,463,9,184,213
4052,14067,1973,1806,167,1538,268,2.35,2.64,1806,0,806,732
4053,14068,3145,2842,303,2051,791,2.63,2.09,2842,358,1296,755
4054,14069,261,261,0,237,24,2.07,4.38,261,0,166,71
4055,14070,2652,2313,339,1651,662,2.77,1.95,2313,210,977,674
4056,14072,9061,8800,261,6995,1805,2.56,1.81,8800,159,4250,2745
4057,14075,20167,19501,666,13995,5506,2.49,1.67,19501,1053,8103,5892
4058,14080,1848,1733,115,1446,287,2.45,1.92,1733,117,826,620
4059,14081,1567,1228,339,1001,227,2.27,2.43,1228,87,361,640
4060,14082,221,221,0,207,14,3.11,-,221,1,125,82
4061,14083,5,5,0,5,0,2.80,-,5,0,5,0
4062,14085,2938,2818,120,2766,52,2.70,2.06,2818,0,1709,1057
4063,14086,15069,14655,414,12188,2467,2.52,1.57,14655,655,7850,4338
4064,14091,648,561,87,499,62,2.57,3.92,561,10,304,195
4065,14092,5049,4776,273,3590,1186,2.34,1.72,4776,335,1714,1876
4066,14094,23285,21279,2006,15388,5891,2.45,2.01,21279,1778,8817,6571
4067,14098,1621,1154,467,892,262,2.75,2.45,1154,112,563,329
4068,14101,1102,710,392,639,71,2.38,2.55,710,51,284,355
4069,14102,548,548,0,474,74,2.75,1.57,548,0,355,119
4070,14103,4873,4542,331,3194,1348,2.31,2.13,4542,407,1674,1520
4071,14105,1964,1770,194,1461,309,2.85,1.85,1770,43,860,601
4072,14108,2323,2157,166,1821,336,2.44,3.16,2157,50,1021,800
4073,14109,0,0,0,0,0,-,-,0,0,0,0
4074,14111,1362,1248,114,989,259,2.68,2.01,1248,48,651,338
4075,14112,37,37,0,19,18,3.00,-,37,0,0,19
4076,14113,384,309,75,246,63,2.37,1.75,309,4,160,86
4077,14120,20246,18918,1328,13805,5113,2.52,1.74,18918,1691,8500,5305
4078,14125,1505,1384,121,997,387,2.57,2.50,1384,88,600,397
4079,14126,318,214,104,163,51,2.95,2.61,214,0,87,76
4080,14127,12679,12446,233,9059,3387,2.69,1.67,12446,629,6009,3050
4081,14129,489,440,49,370,70,2.70,2.27,440,37,160,210
4082,14130,39,39,0,33,6,3.12,2.33,39,3,16,17
4083,14131,2208,1931,277,1762,169,2.61,2.20,1931,66,961,801
4084,14132,2708,2587,121,2143,444,2.83,1.69,2587,101,1070,1073
4085,14134,37,37,0,37,0,1.97,-,37,0,16,21
4086,14135,62,46,16,41,5,2.85,-,46,14,18,23
4087,14136,2577,2180,397,1773,407,2.28,1.98,2180,143,943,830
4088,14138,893,738,155,553,185,2.66,2.29,738,77,273,280
4089,14139,753,727,26,678,49,2.50,2.39,727,18,357,321
4090,14141,3815,3306,509,2371,935,2.38,2.03,3306,332,1433,938
4091,14143,543,426,117,365,61,2.50,2.33,426,15,264,101
4092,14145,535,502,33,453,49,2.50,2.80,502,17,230,223
4093,14150,20167,19293,874,13800,5493,2.32,1.79,19293,1624,8645,5155
4094,14166,333,103,230,103,0,2.40,-,103,0,9,94
4095,14167,779,661,118,579,82,2.74,2.78,661,31,353,226
4096,14168,35,35,0,35,0,3.23,-,35,0,31,4
4097,14169,71,71,0,71,0,1.13,-,71,5,0,71
4098,14170,1019,925,94,801,124,2.65,2.38,925,45,438,363
4099,14171,975,777,198,716,61,2.44,1.56,777,26,301,415
4100,14172,1581,1287,294,1097,190,2.21,2.19,1287,66,712,385
4101,14173,89,72,17,72,0,2.85,-,72,0,53,19
4102,14174,2675,2447,228,2003,444,2.39,2.24,2447,61,1123,880
4103,14201,6984,5770,1214,1272,4498,2.03,2.10,5770,2107,770,502
4104,14202,2507,2164,343,545,1619,1.45,1.64,2164,433,404,141
4105,14203,1483,1433,50,19,1414,2.00,1.34,1433,549,6,13
4106,14204,5671,4381,1290,1336,3045,2.29,1.62,4381,1845,577,759
4107,14206,10817,9432,1385,5849,3583,2.38,2.10,9432,1980,2788,3061
4108,14207,11055,9902,1153,3413,6489,2.64,2.56,9902,2692,1742,1671
4109,14208,5704,4349,1355,2388,1961,1.98,2.52,4349,1359,924,1464
4110,14209,4707,4261,446,1227,3034,2.36,1.61,4261,1072,560,667
4111,14210,8057,7047,1010,3429,3618,2.32,2.02,7047,1534,1706,1723
4112,14211,11493,9465,2028,3976,5489,2.34,2.53,9465,3315,1587,2389
4113,14212,5989,4972,1017,2466,2506,2.56,2.29,4972,1588,1098,1368
4114,14213,11429,9543,1886,3528,6015,2.49,2.46,9543,2383,1916,1612
4115,14214,9559,8418,1141,3914,4504,2.45,2.30,8418,1696,2372,1542
4116,14215,18933,16804,2129,7687,9117,2.41,2.51,16804,4591,4510,3177
4117,14216,12820,11788,1032,5833,5955,2.25,1.88,11788,1219,3932,1901
4118,14217,11385,10800,585,7259,3541,2.34,1.56,10800,1290,4346,2913
4119,14218,9624,8775,849,4943,3832,2.37,2.26,8775,1348,2671,2272
4120,14219,5554,5258,296,3723,1535,2.25,1.70,5258,255,2272,1451
4121,14220,11409,10485,924,6993,3492,2.41,2.18,10485,1118,4126,2867
4122,14221,24793,23521,1272,17666,5855,2.46,1.74,23521,1985,10840,6826
4123,14222,7480,6779,701,2719,4060,2.69,1.64,6779,902,1893,826
4124,14223,10619,10072,547,8053,2019,2.31,1.79,10072,560,5140,2913
4125,14224,18872,17973,899,13959,4014,2.42,1.68,17973,1300,8457,5502
4126,14225,16558,16038,520,11238,4800,2.25,1.91,16038,1142,7087,4151
4127,14226,13255,12635,620,9420,3215,2.48,1.79,12635,912,5998,3422
4128,14227,10399,9861,538,6518,3343,2.29,1.71,9861,1140,3519,2999
4129,14228,10562,9964,598,5569,4395,2.54,2.28,9964,1029,3286,2283
4130,14260,0,0,0,0,0,-,-,0,0,0,0
4131,14261,0,0,0,0,0,-,-,0,0,0,0
4132,14301,7347,5773,1574,2442,3331,2.22,1.93,5773,1870,934,1508
4133,14302,157,126,31,0,126,-,-,126,126,0,0
4134,14303,3650,2867,783,1290,1577,2.25,2.23,2867,757,497,793
4135,14304,13484,12496,988,9686,2810,2.38,1.90,12496,776,5776,3910
4136,14305,8323,7150,1173,4455,2695,2.30,2.38,7150,1286,2188,2267
4137,14411,5617,4977,640,3360,1617,2.31,1.87,4977,533,1991,1369
4138,14413,52,25,27,0,25,-,3.08,25,0,0,0
4139,14414,3036,2954,82,2179,775,2.40,1.91,2954,98,1246,933
4140,14415,79,66,13,38,28,2.32,1.93,66,7,23,15
4141,14416,1601,1534,67,1360,174,2.66,1.85,1534,21,843,517
4142,14418,951,446,505,403,43,2.46,2.93,446,55,248,155
4143,14420,7396,6922,474,4279,2643,2.68,2.15,6922,379,2737,1542
4144,14422,779,734,45,613,121,2.60,2.71,734,18,388,225
4145,14423,2148,2054,94,1617,437,2.39,2.00,2054,77,1040,577
4146,14424,14056,12522,1534,8256,4266,2.39,1.85,12522,973,5233,3023
4147,14425,5268,5031,237,3433,1598,2.70,2.26,5031,285,2064,1369
4148,14427,951,785,166,630,155,2.25,2.23,785,56,386,244
4149,14428,3121,2894,227,2423,471,2.57,2.01,2894,144,1412,1011
4150,14432,2246,2027,219,1724,303,2.61,1.54,2027,151,1038,686
4151,14433,1776,1620,156,1265,355,2.49,2.23,1620,155,543,722
4152,14435,1553,1059,494,968,91,2.15,1.38,1059,31,610,358
4153,14437,4483,3979,504,3264,715,2.28,2.08,3979,226,1835,1429
4154,14441,183,93,90,79,14,3.14,3.00,93,1,36,43
4155,14445,3579,3373,206,2012,1361,2.22,2.27,3373,249,1398,614
4156,14450,19165,18271,894,14200,4071,2.51,1.77,18271,917,9120,5080
4157,14453,0,0,0,0,0,-,-,0,0,0,0
4158,14454,3798,3283,515,1699,1584,2.58,2.27,3283,319,1025,674
4159,14456,8585,7709,876,4891,2818,2.27,2.06,7709,915,2781,2110
4160,14462,280,270,10,243,27,3.10,3.41,270,16,143,100
4161,14463,154,134,20,134,0,2.14,-,134,0,99,35
4162,14464,2910,2742,168,2379,363,2.65,1.95,2742,73,1443,936
4163,14466,718,626,92,591,35,2.44,-,626,20,349,242
4164,14467,4568,4426,142,2974,1452,2.47,2.16,4426,176,1791,1183
4165,14468,7115,6717,398,5833,884,2.75,2.35,6717,340,3987,1846
4166,14469,2876,2574,302,2154,420,2.38,1.84,2574,133,1226,928
4167,14470,3262,3146,116,2588,558,2.49,2.00,3146,131,1518,1070
4168,14471,1988,1256,732,920,336,2.15,2.38,1256,20,442,478
4169,14472,3594,3436,158,2661,775,2.95,1.99,3436,133,1659,1002
4170,14475,153,145,8,140,5,2.25,-,145,0,129,11
4171,14476,1036,941,95,873,68,2.66,1.16,941,15,680,193
4172,14477,813,666,147,566,100,2.53,2.49,666,24,339,227
4173,14478,707,293,414,237,56,2.35,2.43,293,8,80,157
4174,14479,84,84,0,84,0,1.62,-,84,0,0,84
4175,14480,495,285,210,205,80,2.76,1.96,285,0,189,16
4176,14481,782,712,70,615,97,2.57,2.00,712,58,307,308
4177,14482,3738,3640,98,2720,920,2.47,1.74,3640,448,1492,1228
4178,14485,1794,1573,221,1229,344,2.55,1.82,1573,80,767,462
4179,14486,132,132,0,112,20,2.88,-,132,0,106,6
4180,14487,2575,2263,312,1907,356,2.80,1.51,2263,35,1244,663
4181,14489,3172,2642,530,1984,658,2.75,2.42,2642,335,1068,916
4182,14502,4452,4270,182,3469,801,2.50,1.67,4270,364,2536,933
4183,14504,703,654,49,505,149,2.27,2.42,654,16,244,261
4184,14505,2119,2038,81,1661,377,2.60,1.69,2038,201,1204,457
4185,14506,370,370,0,356,14,2.11,-,370,0,171,185
4186,14507,713,366,347,337,29,2.43,5.21,366,17,195,142
4187,14510,2328,2136,192,1520,616,2.29,1.79,2136,273,806,714
4188,14511,136,136,0,109,27,3.35,3.30,136,10,86,23
4189,14512,2716,1891,825,1588,303,2.54,2.01,1891,71,879,709
4190,14513,6102,5728,374,3814,1914,2.56,1.96,5728,655,2285,1529
4191,14514,2674,2550,124,1732,818,2.45,2.01,2550,192,1185,547
4192,14515,128,109,19,109,0,1.42,-,109,16,70,39
4193,14516,911,824,87,706,118,2.43,3.87,824,18,369,337
4194,14517,1162,1103,59,796,307,2.41,2.33,1103,92,352,444
4195,14519,5522,5306,216,4301,1005,2.47,1.84,5306,314,2688,1613
4196,14521,1388,1123,265,867,256,2.32,2.38,1123,102,518,349
4197,14522,4333,4127,206,3055,1072,2.53,1.75,4127,98,1645,1410
4198,14525,1085,1015,70,880,135,2.48,2.28,1015,19,541,339
4199,14526,8502,8064,438,6683,1381,2.57,1.83,8064,398,4290,2393
4200,14527,6517,4830,1687,3437,1393,2.80,2.11,4830,761,1734,1703
4201,14529,12,12,0,12,0,3.17,-,12,0,0,12
4202,14530,3012,2498,514,1756,742,2.67,2.31,2498,259,889,867
4203,14532,1828,1654,174,1434,220,2.50,2.35,1654,66,862,572
4204,14533,834,793,41,643,150,2.35,2.53,793,16,417,226
4205,14534,12719,12347,372,11157,1190,2.68,2.36,12347,444,6448,4709
4206,14536,350,286,64,199,87,2.41,1.63,286,25,107,92
4207,14537,27,27,0,16,11,1.81,4.55,27,0,16,0
4208,14539,41,41,0,35,6,1.43,-,41,0,16,19
4209,14541,1086,799,287,602,197,2.91,3.40,799,47,303,299
4210,14542,0,0,0,0,0,-,-,0,0,0,0
4211,14543,1316,1309,7,1216,93,2.38,1.82,1309,16,744,472
4212,14544,1164,728,436,550,178,2.84,2.72,728,40,356,194
4213,14545,53,44,9,44,0,2.57,-,44,0,31,13
4214,14546,2345,2099,246,1364,735,2.47,2.13,2099,45,937,427
4215,14548,1860,1759,101,1435,324,2.45,2.34,1759,66,922,513
4216,14549,311,154,157,137,17,2.38,-,154,0,64,73
4217,14550,659,577,82,445,132,2.70,1.84,577,55,256,189
4218,14551,2953,2455,498,1993,462,2.38,1.47,2455,151,1275,718
4219,14555,1021,657,364,567,90,1.65,1.66,657,7,206,361
4220,14556,0,0,0,0,0,-,-,0,0,0,0
4221,14557,55,55,0,55,0,2.64,-,55,0,38,17
4222,14559,7700,7268,432,5899,1369,2.69,2.20,7268,353,3827,2072
4223,14560,1145,950,195,780,170,2.41,1.94,950,47,465,315
4224,14561,1110,1035,75,926,109,2.56,2.45,1035,61,572,354
4225,14564,7041,6569,472,5279,1290,2.64,1.69,6569,315,3101,2178
4226,14568,2634,2555,79,2436,119,2.56,1.58,2555,10,1703,733
4227,14569,3155,2877,278,1910,967,2.42,1.54,2877,360,1086,824
4228,14571,661,474,187,427,47,2.39,1.51,474,28,266,161
4229,14572,2238,1792,446,1475,317,2.54,2.86,1792,76,729,746
4230,14580,23680,22955,725,16760,6195,2.55,1.75,22955,1200,11067,5693
4231,14585,112,97,15,76,21,1.36,2.14,97,0,16,60
4232,14586,4887,4582,305,3485,1097,2.89,2.25,4582,70,2654,831
4233,14588,0,0,0,0,0,-,-,0,0,0,0
4234,14589,3481,3176,305,2496,680,2.43,1.96,3176,341,1568,928
4235,14590,3347,2233,1114,1805,428,2.34,1.79,2233,239,901,904
4236,14591,712,654,58,533,121,2.39,2.17,654,53,262,271
4237,14592,106,97,9,53,44,1.85,-,97,44,29,24
4238,14604,2162,1719,443,46,1673,1.50,1.36,1719,578,23,23
4239,14605,4920,4065,855,956,3109,2.45,2.69,4065,1723,368,588
4240,14606,12032,11059,973,7065,3994,2.48,2.53,11059,1445,4651,2414
4241,14607,11715,10829,886,1993,8836,1.94,1.47,10829,2130,1191,802
4242,14608,6688,5626,1062,1310,4316,1.85,2.18,5626,1811,781,529
4243,14609,19714,17889,1825,10517,7372,2.28,2.28,17889,2748,6752,3765
4244,14610,7724,7155,569,3892,3263,2.29,1.38,7155,762,2636,1256
4245,14611,8608,7237,1371,2170,5067,2.41,2.50,7237,2455,1205,965
4246,14612,15893,15073,820,10551,4522,2.49,1.73,15073,1282,6828,3723
4247,14613,6651,6010,641,2184,3826,2.60,2.57,6010,1919,1480,704
4248,14614,70,54,16,0,54,-,1.26,54,43,0,0
4249,14615,7990,7598,392,3973,3625,2.47,2.28,7598,861,2823,1150
4250,14616,12172,11388,784,7848,3540,2.54,2.05,11388,1204,5601,2247
4251,14617,10099,9708,391,8221,1487,2.40,1.81,9708,521,5359,2862
4252,14618,8784,8302,482,6358,1944,2.57,2.31,8302,225,3932,2426
4253,14619,5909,5545,364,3345,2200,2.44,2.84,5545,771,2277,1068
4254,14620,12859,12001,858,3683,8318,1.93,1.70,12001,2297,2077,1606
4255,14621,15021,13001,2020,4467,8534,2.44,2.47,13001,4002,2714,1753
4256,14622,6120,5899,221,4769,1130,2.23,2.22,5899,398,3002,1767
4257,14623,9298,8545,753,4664,3881,2.36,2.21,8545,462,2908,1756
4258,14624,16049,15274,775,12050,3224,2.55,2.32,15274,637,8303,3747
4259,14625,5017,4580,437,4031,549,2.24,1.60,4580,181,2345,1686
4260,14626,13441,12790,651,8861,3929,2.52,1.81,12790,868,5576,3285
4261,14627,0,0,0,0,0,-,-,0,0,0,0
4262,14642,0,0,0,0,0,-,-,0,0,0,0
4263,14701,19333,16742,2591,9616,7126,2.40,2.16,16742,2941,5173,4443
4264,14706,2805,2535,270,1962,573,2.37,1.97,2535,62,883,1079
4265,14707,53,34,19,22,12,2.41,1.92,34,0,10,12
4266,14708,115,52,63,52,0,3.46,-,52,0,24,28
4267,14709,914,506,408,411,95,2.65,2.46,506,20,146,265
4268,14710,2311,1386,925,1227,159,2.53,1.83,1386,61,647,580
4269,14711,948,653,295,544,109,3.11,2.69,653,84,260,284
4270,14712,2165,1298,867,1080,218,2.11,2.01,1298,14,506,574
4271,14714,267,196,71,177,19,2.84,1.58,196,11,123,54
4272,14715,1248,1031,217,766,265,2.45,2.29,1031,96,332,434
4273,14716,903,747,156,541,206,2.36,2.30,747,61,217,324
4274,14717,1016,281,735,252,29,1.77,1.97,281,21,88,164
4275,14718,919,746,173,653,93,2.61,1.39,746,42,333,320
4276,14719,1802,1355,447,1080,275,2.51,1.92,1355,106,507,573
4277,14720,380,350,30,190,160,2.31,2.51,350,46,118,72
4278,14721,101,68,33,61,7,2.11,3.29,68,0,29,32
4279,14722,1277,58,1219,58,0,1.16,-,58,0,0,58
4280,14723,655,477,178,408,69,2.41,2.38,477,9,179,229
4281,14724,1334,826,508,688,138,3.48,2.16,826,202,386,302
4282,14726,755,587,168,531,56,4.10,3.46,587,241,290,241
4283,14727,3016,2090,926,1719,371,2.41,2.30,2090,90,804,915
4284,14728,1007,462,545,396,66,2.09,2.52,462,33,192,204
4285,14729,528,381,147,309,72,2.45,1.88,381,3,178,131
4286,14731,2548,572,1976,462,110,2.26,1.92,572,18,219,243
4287,14732,35,15,20,15,0,2.93,-,15,0,3,12
4288,14733,1731,1456,275,1046,410,2.58,1.78,1456,198,578,468
4289,14735,1355,941,414,772,169,2.98,2.98,941,61,329,443
4290,14736,287,65,222,61,4,2.67,-,65,0,26,35
4291,14737,2509,1726,783,1469,257,2.52,1.99,1726,217,583,886
4292,14738,1760,1382,378,1108,274,2.46,2.53,1382,96,460,648
4293,14739,1587,1042,545,917,125,2.47,2.70,1042,54,430,487
4294,14740,540,417,123,353,64,2.47,1.81,417,49,197,156
4295,14741,1272,746,526,665,81,2.48,2.21,746,34,310,355
4296,14742,127,84,43,76,8,2.20,-,84,0,38,38
4297,14743,1056,833,223,648,185,2.62,2.02,833,33,219,429
4298,14744,507,395,112,271,124,3.44,3.28,395,32,162,109
4299,14747,989,820,169,667,153,2.67,2.06,820,38,314,353
4300,14748,310,233,77,170,63,2.26,2.48,233,17,64,106
4301,14750,2323,1947,376,1330,617,2.60,1.61,1947,168,709,621
4302,14752,140,130,10,99,31,2.25,2.03,130,5,10,89
4303,14753,551,490,61,404,86,2.32,2.06,490,32,212,192
4304,14754,317,222,95,187,35,2.55,1.40,222,19,54,133
4305,14755,1503,1122,381,875,247,2.64,1.98,1122,72,373,502
4306,14756,93,0,93,0,0,-,-,0,0,0,0
4307,14757,2297,1341,956,1035,306,2.49,1.40,1341,115,547,488
4308,14760,8718,7871,847,4491,3380,2.38,1.98,7871,1364,2271,2220
4309,14767,854,786,68,676,110,2.95,2.48,786,160,331,345
4310,14769,433,333,100,238,95,2.47,2.01,333,0,129,109
4311,14770,1209,1060,149,808,252,2.66,2.78,1060,19,441,367
4312,14772,1950,1604,346,1236,368,2.49,1.80,1604,140,529,707
4313,14774,61,50,11,43,7,5.67,3.14,50,0,4,39
4314,14775,1186,975,211,786,189,2.58,2.63,975,78,358,428
4315,14777,562,174,388,144,30,3.38,3.20,174,3,53,91
4316,14778,0,0,0,0,0,-,-,0,0,0,0
4317,14779,3594,2918,676,1702,1216,2.43,2.27,2918,455,647,1055
4318,14781,889,738,151,594,144,2.52,2.35,738,74,274,320
4319,14782,1168,958,210,803,155,2.43,1.76,958,42,382,421
4320,14783,141,72,69,58,14,2.36,3.21,72,4,0,58
4321,14784,419,299,120,252,47,2.53,2.87,299,0,118,134
4322,14785,75,15,60,0,15,-,1.87,15,0,0,0
4323,14787,2766,2341,425,1661,680,1.92,2.10,2341,409,724,937
4324,14788,61,35,26,9,26,2.33,2.38,35,26,0,9
4325,14801,2259,1820,439,1425,395,2.88,2.28,1820,240,701,724
4326,14802,477,380,97,219,161,2.46,2.29,380,38,98,121
4327,14803,598,497,101,417,80,2.71,2.08,497,0,203,214
4328,14804,818,559,259,499,60,2.75,2.75,559,22,226,273
4329,14805,495,394,101,338,56,1.96,2.66,394,7,106,232
4330,14806,968,769,199,589,180,2.51,2.82,769,29,236,353
4331,14807,1396,1159,237,968,191,2.44,3.03,1159,57,469,499
4332,14808,242,229,13,205,24,2.34,2.13,229,31,80,125
4333,14809,1275,959,316,708,251,2.73,3.66,959,64,271,437
4334,14810,6108,5196,912,3507,1689,2.19,1.77,5196,737,1737,1770
4335,14812,1398,1246,152,1020,226,2.53,2.80,1246,49,473,547
4336,14813,1175,848,327,666,182,2.48,2.13,848,79,240,426
4337,14814,811,811,0,566,245,3.07,1.98,811,0,338,228
4338,14815,699,331,368,274,57,2.27,1.74,331,17,116,158
4339,14816,228,228,0,207,21,2.69,-,228,3,85,122
4340,14817,1224,1160,64,704,456,2.43,2.31,1160,45,526,178
4341,14818,1081,843,238,773,70,2.36,2.01,843,22,406,367
4342,14819,408,268,140,222,46,2.82,2.50,268,25,86,136
4343,14820,319,241,78,204,37,2.56,2.84,241,7,113,91
4344,14821,1454,1238,216,1072,166,2.59,2.76,1238,51,508,564
4345,14822,552,362,190,327,35,2.25,3.43,362,20,125,202
4346,14823,1912,1478,434,1126,352,2.65,1.99,1478,139,482,644
4347,14824,289,262,27,198,64,2.60,2.77,262,12,87,111
4348,14825,370,327,43,279,48,2.58,1.25,327,26,139,140
4349,14826,1039,761,278,627,134,2.60,2.28,761,15,316,311
4350,14827,62,62,0,62,0,1.87,-,62,0,46,16
4351,14830,9347,8616,731,5807,2809,2.43,1.70,8616,839,3352,2455
4352,14836,474,415,59,396,19,2.11,2.32,415,0,241,155
4353,14837,3018,1976,1042,1589,387,2.88,3.04,1976,165,807,782
4354,14838,885,795,90,745,50,2.66,2.10,795,14,368,377
4355,14839,403,247,156,214,33,2.38,2.73,247,4,78,136
4356,14840,2789,1212,1577,1054,158,2.10,2.11,1212,23,468,586
4357,14841,541,278,263,202,76,2.21,2.61,278,13,115,87
4358,14842,671,221,450,174,47,4.08,4.32,221,78,82,92
4359,14843,6398,5405,993,3259,2146,2.48,1.96,5405,731,1442,1817
4360,14845,9380,8936,444,6485,2451,2.42,1.92,8936,411,3203,3282
4361,14846,405,303,102,269,34,2.68,1.68,303,12,136,133
4362,14847,1179,931,248,738,193,2.67,1.76,931,94,421,317
4363,14850,30676,28182,2494,12205,15977,2.30,1.83,28182,4712,6909,5296
4364,14853,0,0,0,0,0,-,-,0,0,0,0
4365,14854,38,38,0,38,0,2.03,-,38,0,24,14
4366,14855,380,278,102,228,50,2.99,2.48,278,69,103,125
4367,14856,0,0,0,0,0,-,-,0,0,0,0
4368,14858,543,458,85,399,59,3.15,1.69,458,37,206,193
4369,14859,445,397,48,329,68,2.68,3.21,397,0,161,168
4370,14860,845,553,292,364,189,2.29,1.90,553,33,144,220
4371,14861,590,498,92,418,80,2.42,1.85,498,17,156,262
4372,14864,572,488,84,469,19,2.21,3.00,488,3,246,223
4373,14865,1206,1131,75,822,309,2.48,1.73,1131,160,405,417
4374,14867,2562,2507,55,1905,602,2.24,2.11,2507,135,820,1085
4375,14869,572,523,49,350,173,2.41,3.14,523,14,167,183
4376,14870,4305,3970,335,3025,945,2.66,1.82,3970,257,1866,1159
4377,14871,1935,1771,164,1474,297,2.45,2.11,1771,20,634,840
4378,14872,249,187,62,158,29,2.27,1.38,187,8,61,97
4379,14873,1536,821,715,742,79,2.64,3.71,821,55,331,411
4380,14874,130,56,74,56,0,2.70,-,56,0,22,34
4381,14877,355,224,131,174,50,3.01,3.80,224,12,74,100
4382,14878,392,229,163,219,10,2.86,2.20,229,5,93,126
4383,14879,1037,892,145,795,97,2.48,3.11,892,39,396,399
4384,14880,1086,760,326,681,79,2.26,2.22,760,18,247,434
4385,14881,118,118,0,57,61,2.23,1.30,118,22,57,0
4386,14882,1629,1561,68,1298,263,2.52,2.37,1561,18,988,310
4387,14883,2011,1878,133,1473,405,2.57,2.11,1878,76,859,614
4388,14884,310,118,192,97,21,2.58,3.19,118,6,37,60
4389,14885,309,258,51,208,50,2.62,2.72,258,28,89,119
4390,14886,3079,2824,255,2266,558,2.38,2.02,2824,111,1121,1145
4391,14889,701,549,152,444,105,2.62,2.58,549,59,191,253
4392,14891,2464,2008,456,1275,733,2.36,1.89,2008,194,625,650
4393,14892,3519,3231,288,2192,1039,2.37,2.36,3231,305,1115,1077
4394,14893,28,9,19,9,0,5.56,-,9,0,9,0
4395,14894,491,411,80,353,58,2.44,3.00,411,10,199,154
4396,14895,4742,3998,744,3054,944,2.37,1.80,3998,508,1261,1793
4397,14897,356,262,94,214,48,2.43,2.94,262,8,106,108
4398,14898,735,559,176,472,87,3.13,3.60,559,73,213,259
4399,14901,6684,5440,1244,2866,2574,2.26,2.29,5440,1272,1486,1380
4400,14903,3488,3121,367,1957,1164,2.40,2.12,3121,237,911,1046
4401,14904,7277,6132,1145,3713,2419,2.43,2.31,6132,981,2193,1520
4402,14905,4264,3655,609,2461,1194,2.33,2.12,3655,321,1621,840
4403,15001,16073,14182,1891,10735,3447,2.33,1.91,14182,1262,6358,4377
4404,15003,6121,5160,961,3298,1862,2.32,2.00,5160,626,1747,1551
4405,15004,194,142,52,142,0,2.65,-,142,0,118,24
4406,15005,4200,3887,313,3384,503,2.45,1.59,3887,176,1751,1633
4407,15006,129,129,0,113,16,2.19,3.88,129,0,45,68
4408,15007,165,165,0,130,35,3.78,2.91,165,0,24,106
4409,15009,7097,6645,452,5067,1578,2.56,1.64,6645,347,3171,1896
4410,15010,13114,11743,1371,8263,3480,2.47,2.08,11743,1276,4682,3581
4411,15012,7579,6797,782,5081,1716,2.36,1.82,6797,368,2582,2499
4412,15014,1675,1463,212,1055,408,2.02,2.29,1463,184,532,523
4413,15015,516,505,11,499,6,2.55,2.17,505,3,322,177
4414,15017,7867,7372,495,5471,1901,2.37,1.68,7372,766,3470,2001
4415,15018,496,465,31,397,68,2.40,2.04,465,59,81,316
4416,15019,769,679,90,555,124,2.11,2.35,679,82,171,384
4417,15020,217,203,14,195,8,1.89,-,203,0,19,176
4418,15021,3148,2695,453,2123,572,2.49,2.06,2695,204,1054,1069
4419,15022,5486,4257,1229,3211,1046,2.52,2.04,4257,590,1706,1505
4420,15024,3836,3474,362,2795,679,2.54,2.06,3474,195,1553,1242
4421,15025,8190,7017,1173,5193,1824,2.44,1.99,7017,682,3179,2014
4422,15026,1760,1553,207,1169,384,2.62,2.23,1553,56,720,449
4423,15027,1187,1157,30,780,377,2.10,1.76,1157,99,466,314
4424,15028,81,76,5,74,2,2.26,-,76,7,18,56
4425,15030,628,484,144,286,198,2.09,2.38,484,47,140,146
4426,15031,230,230,0,111,119,2.49,1.82,230,0,77,34
4427,15033,2736,2248,488,1011,1237,2.02,1.99,2248,431,606,405
4428,15034,985,850,135,420,430,2.10,1.65,850,120,212,208
4429,15035,1126,1031,95,698,333,2.26,1.42,1031,149,388,310
4430,15037,4655,4279,376,3756,523,2.44,1.88,4279,290,1955,1801
4431,15038,155,121,34,87,34,2.97,2.00,121,0,66,21
4432,15042,3655,3397,258,2887,510,2.39,2.24,3397,64,1322,1565
4433,15043,864,839,25,724,115,2.52,3.45,839,18,326,398
4434,15044,11029,10641,388,9870,771,2.71,1.92,10641,380,6615,3255
4435,15045,2322,1897,425,1262,635,2.28,2.45,1897,176,673,589
4436,15046,1155,1103,52,948,155,2.43,1.99,1103,5,573,375
4437,15047,128,128,0,128,0,1.77,-,128,0,95,33
4438,15049,508,498,10,410,88,1.89,1.58,498,18,165,245
4439,15050,914,897,17,836,61,2.62,3.64,897,19,490,346
4440,15051,238,238,0,128,110,2.08,1.80,238,0,58,70
4441,15052,1359,1262,97,1019,243,2.37,2.34,1262,56,583,436
4442,15053,41,41,0,38,3,1.76,2.67,41,0,14,24
4443,15054,262,236,26,178,58,2.37,2.33,236,43,106,72
4444,15055,656,631,25,580,51,1.70,2.82,631,0,379,201
4445,15056,567,521,46,318,203,2.22,1.74,521,84,194,124
4446,15057,6680,6301,379,5573,728,2.91,1.94,6301,203,3524,2049
4447,15059,1846,1668,178,892,776,2.74,2.42,1668,156,550,342
4448,15060,530,366,164,325,41,2.55,2.29,366,0,179,146
4449,15061,5754,5225,529,3481,1744,2.50,2.08,5225,441,2076,1405
4450,15062,4281,3297,984,2514,783,2.04,2.07,3297,470,1201,1313
4451,15063,5162,4598,564,3706,892,2.51,1.72,4598,429,2080,1626
4452,15064,134,134,0,62,72,1.92,1.64,134,29,45,17
4453,15065,5554,5041,513,3758,1283,2.27,2.08,5041,411,2023,1735
4454,15066,6089,5669,420,3636,2033,2.29,1.92,5669,737,2152,1484
4455,15067,1188,1076,112,866,210,2.38,2.18,1076,64,371,495
4456,15068,18519,16352,2167,11640,4712,2.33,2.04,16352,1726,6381,5259
4457,15071,5115,5017,98,3642,1375,2.52,1.99,5017,173,2277,1365
4458,15072,84,39,45,0,39,-,-,39,33,0,0
4459,15074,4022,3600,422,2359,1241,2.40,1.91,3600,421,1165,1194
4460,15075,22,22,0,11,11,-,2.09,22,0,0,11
4461,15076,474,411,63,203,208,2.31,1.58,411,17,97,106
4462,15077,103,93,10,74,19,2.23,2.58,93,2,36,38
4463,15078,275,200,75,137,63,3.49,1.35,200,48,68,69
4464,15081,214,165,49,107,58,2.13,1.76,165,2,56,51
4465,15082,120,77,43,37,40,4.22,-,77,0,30,7
4466,15083,494,452,42,412,40,2.04,2.70,452,36,193,219
4467,15084,4744,4430,314,3062,1368,2.26,2.14,4430,473,1621,1441
4468,15085,3724,3309,415,2739,570,2.46,2.01,3309,159,1584,1155
4469,15086,257,257,0,187,70,2.54,1.20,257,0,122,65
4470,15087,33,33,0,23,10,3.00,1.50,33,0,4,19
4471,15088,189,159,30,116,43,2.59,3.00,159,14,73,43
4472,15089,3236,2964,272,2173,791,2.33,1.88,2964,253,1130,1043
4473,15090,9887,9652,235,7622,2030,2.78,2.00,9652,171,5534,2088
4474,15101,11155,10766,389,7982,2784,2.69,1.61,10766,251,4737,3245
4475,15102,13906,13470,436,10977,2493,2.40,1.65,13470,580,6247,4730
4476,15104,4821,3744,1077,1712,2032,2.10,2.12,3744,1238,611,1101
4477,15106,10022,9375,647,6534,2841,2.16,1.78,9375,947,3938,2596
4478,15108,18456,16998,1458,12641,4357,2.63,1.89,16998,891,7994,4647
4479,15110,2863,2138,725,997,1141,2.26,2.61,2138,670,435,562
4480,15112,1874,1470,404,623,847,2.48,1.88,1470,298,310,313
4481,15116,5875,5797,78,5052,745,2.48,2.03,5797,120,2989,2063
4482,15120,9840,8449,1391,5138,3311,2.23,2.05,8449,1835,2544,2594
4483,15122,9003,8237,766,6388,1849,2.30,2.42,8237,736,3347,3041
4484,15123,0,0,0,0,0,-,-,0,0,0,0
4485,15126,3240,3093,147,2428,665,2.30,1.66,3093,53,1461,967
4486,15129,4459,4287,172,3411,876,2.45,2.12,4287,123,2286,1125
4487,15131,4149,3952,197,2805,1147,2.23,1.65,3952,124,1596,1209
4488,15132,11156,9155,2001,4413,4742,2.23,1.88,9155,2554,1870,2543
4489,15133,2987,2812,175,2138,674,2.19,2.06,2812,136,1129,1009
4490,15135,2198,2095,103,1632,463,2.61,1.53,2095,27,981,651
4491,15136,11187,9988,1199,6322,3666,2.29,2.29,9988,1935,3394,2928
4492,15137,5093,4651,442,2990,1661,2.29,2.01,4651,774,1596,1394
4493,15139,3524,3274,250,1889,1385,2.31,1.60,3274,191,1290,599
4494,15140,1665,1482,183,591,891,1.99,2.18,1482,321,266,325
4495,15142,786,786,0,474,312,2.09,1.30,786,15,363,111
4496,15143,9343,8610,733,6711,1899,2.69,1.92,8610,706,4342,2369
4497,15144,1965,1852,113,1263,589,2.44,1.57,1852,188,762,501
4498,15145,3262,2973,289,1371,1602,2.42,2.09,2973,328,795,576
4499,15146,13518,12360,1158,8817,3543,2.44,1.87,12360,783,5797,3020
4500,15147,8581,7964,617,5363,2601,2.07,1.94,7964,1052,3017,2346
4501,15148,1547,1113,434,438,675,2.25,2.21,1113,321,195,243
4502,15201,7435,6640,795,3657,2983,2.05,1.83,6640,951,2314,1343
4503,15202,10994,9959,1035,5092,4867,2.44,1.49,9959,1337,3214,1878
4504,15203,6986,5644,1342,2148,3496,1.95,1.70,5644,856,1433,715
4505,15204,4024,3564,460,2331,1233,2.21,2.40,3564,584,1173,1158
4506,15205,11666,10827,839,6189,4638,2.36,1.87,10827,1122,3689,2500
4507,15206,16921,14753,2168,6138,8615,2.23,1.72,14753,3664,3463,2675
4508,15207,5595,4729,866,3007,1722,2.05,2.07,4729,840,1494,1513
4509,15208,5531,4126,1405,2138,1988,2.15,2.25,4126,963,1065,1073
4510,15209,6008,5510,498,4185,1325,2.23,1.77,5510,524,2554,1631
4511,15210,12863,11188,1675,5953,5235,2.36,2.45,11188,2855,2932,3021
4512,15211,6437,5638,799,2719,2919,1.98,1.75,5638,661,1561,1158
4513,15212,16001,14176,1825,6991,7185,2.12,1.84,14176,4070,4110,2881
4514,15213,11174,9597,1577,2473,7124,1.76,1.92,9597,3948,770,1703
4515,15214,6800,6129,671,4009,2120,2.24,2.73,6129,1007,2406,1603
4516,15215,6029,5532,497,4085,1447,2.44,1.97,5532,506,2589,1496
4517,15216,11342,10385,957,6433,3952,2.36,1.82,10385,1123,3779,2654
4518,15217,12568,11662,906,6061,5601,2.58,1.85,11662,2262,3590,2471
4519,15218,7542,6715,827,3859,2856,2.26,1.68,6715,917,2534,1325
4520,15219,6667,5377,1290,1357,4020,2.30,1.76,5377,2458,636,721
4521,15220,9489,8826,663,4759,4067,2.17,1.88,8826,505,2760,1999
4522,15221,17897,15214,2683,6522,8692,2.12,1.76,15214,3647,3494,3028
4523,15222,3539,3018,521,497,2521,1.86,1.35,3018,825,309,188
4524,15223,3663,3364,299,2132,1232,2.28,1.78,3364,311,1112,1020
4525,15224,6337,5574,763,2085,3489,2.16,1.76,5574,1229,1362,723
4526,15225,600,523,77,283,240,1.76,1.90,523,71,153,130
4527,15226,6833,6253,580,4336,1917,2.19,2.14,6253,726,2849,1487
4528,15227,13588,12833,755,9232,3601,2.37,2.04,12833,1633,5240,3992
4529,15228,7897,7437,460,5307,2130,2.70,1.91,7437,592,3406,1901
4530,15229,6561,6241,320,4646,1595,2.67,1.81,6241,341,2864,1782
4531,15232,6692,6198,494,1743,4455,2.08,1.66,6198,1526,889,854
4532,15233,1752,1447,305,634,813,2.28,1.30,1447,400,449,185
4533,15234,6542,6077,465,4354,1723,2.45,1.86,6077,493,2498,1856
4534,15235,16864,15290,1574,10905,4385,2.37,2.09,15290,1589,7006,3899
4535,15236,14183,13446,737,10277,3169,2.38,2.00,13446,1133,6673,3604
4536,15237,19288,18231,1057,14254,3977,2.47,1.74,18231,652,8910,5344
4537,15238,5877,5396,481,4238,1158,2.52,1.62,5396,462,2087,2151
4538,15239,8731,8304,427,7036,1268,2.67,1.84,8304,408,4393,2643
4539,15241,8611,8127,484,7056,1071,2.81,1.66,8127,405,4218,2838
4540,15243,6141,5788,353,5078,710,2.43,1.49,5788,419,2924,2154
4541,15260,0,0,0,0,0,-,-,0,0,0,0
4542,15275,0,0,0,0,0,-,-,0,0,0,0
4543,15282,0,0,0,0,0,-,-,0,0,0,0
4544,15290,0,0,0,0,0,-,-,0,0,0,0
4545,15301,23303,20943,2360,14478,6465,2.38,1.96,20943,2062,7622,6856
4546,15310,157,101,56,87,14,2.24,3.21,101,0,4,83
4547,15311,559,492,67,475,17,2.26,1.59,492,4,253,222
4548,15312,1778,1534,244,1241,293,2.49,2.75,1534,29,644,597
4549,15313,185,156,29,132,24,2.41,2.67,156,2,70,62
4550,15314,1581,1360,221,980,380,2.61,2.03,1360,145,512,468
4551,15315,262,233,29,188,45,3.03,2.78,233,7,89,99
4552,15316,106,87,19,63,24,2.06,3.75,87,4,31,32
4553,15317,18008,17080,928,13554,3526,2.60,1.94,17080,584,8948,4606
4554,15320,2525,2258,267,1791,467,2.44,2.13,2258,119,924,867
4555,15321,729,695,34,536,159,2.59,2.94,695,21,266,270
4556,15322,912,706,206,600,106,2.25,2.36,706,45,341,259
4557,15323,1828,1574,254,1295,279,2.54,2.06,1574,65,587,708
4558,15324,341,298,43,197,101,2.20,2.52,298,0,55,142
4559,15325,176,130,46,71,59,1.92,1.92,130,0,20,51
4560,15327,586,543,43,442,101,2.52,1.77,543,44,197,245
4561,15329,679,575,104,484,91,2.61,2.26,575,8,238,246
4562,15330,2429,2197,232,1975,222,2.51,1.86,2197,41,1171,804
4563,15331,379,303,76,209,94,2.42,1.90,303,72,123,86
4564,15332,4259,3981,278,3515,466,2.31,1.61,3981,158,1894,1621
4565,15333,878,707,171,509,198,2.42,2.37,707,43,269,240
4566,15334,94,81,13,81,0,4.43,-,81,0,62,19
4567,15337,261,211,50,169,42,2.54,2.57,211,16,46,123
4568,15338,743,632,111,526,106,2.55,4.00,632,17,243,283
4569,15340,576,524,52,471,53,2.53,1.19,524,0,205,266
4570,15341,380,280,100,187,93,2.63,2.84,280,10,81,106
4571,15342,2523,2267,256,1922,345,2.38,1.70,2267,157,1316,606
4572,15344,678,596,82,534,62,2.34,2.44,596,41,228,306
4573,15345,720,586,134,470,116,2.35,2.16,586,5,170,300
4574,15346,284,226,58,200,26,2.21,2.58,226,7,72,128
4575,15347,147,85,62,20,65,-,3.54,85,0,20,0
4576,15348,66,32,34,28,4,2.89,-,32,0,13,15
4577,15349,799,656,143,496,160,2.31,2.54,656,28,239,257
4578,15350,228,228,0,120,108,2.71,2.45,228,19,78,42
4579,15351,531,475,56,303,172,1.82,3.15,475,73,144,159
4580,15352,465,364,101,314,50,2.02,1.78,364,28,144,170
4581,15353,47,44,3,42,2,1.93,2.00,44,0,9,33
4582,15357,672,598,74,503,95,2.43,2.27,598,4,234,269
4583,15358,423,398,25,249,149,2.83,2.83,398,57,186,63
4584,15359,77,77,0,49,28,2.65,3.00,77,0,41,8
4585,15360,735,639,96,561,78,2.71,2.73,639,19,315,246
4586,15361,143,91,52,66,25,2.15,3.12,91,39,46,20
4587,15362,338,299,39,250,49,2.32,2.12,299,6,85,165
4588,15363,313,313,0,179,134,2.42,2.39,313,11,83,96
4589,15364,317,294,23,245,49,2.34,2.14,294,35,84,161
4590,15365,67,67,0,59,8,3.31,3.75,67,0,26,33
4591,15366,244,244,0,96,148,1.65,1.98,244,0,30,66
4592,15367,3256,3212,44,2982,230,3.04,2.04,3212,37,1877,1105
4593,15368,224,156,68,117,39,2.32,2.21,156,5,36,81
4594,15370,5463,4841,622,3428,1413,2.29,1.94,4841,426,1594,1834
4595,15376,654,564,90,449,115,2.54,2.56,564,20,225,224
4596,15377,304,253,51,199,54,2.54,2.83,253,6,114,85
4597,15378,26,18,8,9,9,2.11,2.11,18,0,0,9
4598,15379,45,30,15,24,6,3.17,1.17,30,4,9,15
4599,15380,415,296,119,221,75,2.38,2.20,296,18,114,107
4600,15401,14988,13424,1564,9226,4198,2.35,1.79,13424,1511,4875,4351
4601,15410,427,381,46,308,73,3.01,-,381,63,145,163
4602,15411,573,278,295,234,44,2.27,3.68,278,5,92,142
4603,15412,124,104,20,79,25,2.20,2.80,104,6,35,44
4604,15413,315,169,146,113,56,2.09,2.64,169,13,18,95
4605,15416,216,186,30,173,13,2.71,-,186,13,139,34
4606,15417,3858,3246,612,2230,1016,2.38,2.11,3246,452,1155,1075
4607,15419,1841,1395,446,479,916,2.43,1.65,1395,299,195,284
4608,15420,98,86,12,49,37,2.98,4.00,86,0,25,24
4609,15421,107,50,57,50,0,1.56,-,50,0,9,41
4610,15422,129,121,8,31,90,-,2.36,121,8,0,31
4611,15423,839,768,71,606,162,2.75,2.87,768,30,324,282
4612,15424,1691,884,807,696,188,2.14,1.97,884,73,288,408
4613,15425,8812,8121,691,5750,2371,2.46,1.76,8121,689,2958,2792
4614,15427,486,398,88,291,107,2.34,2.39,398,32,127,164
4615,15428,865,773,92,678,95,2.57,2.84,773,29,306,372
4616,15429,283,221,62,176,45,2.11,2.93,221,33,43,133
4617,15430,111,111,0,108,3,2.65,-,111,5,53,55
4618,15431,2093,1791,302,1472,319,2.43,2.40,1791,80,618,854
4619,15432,222,189,33,139,50,1.94,2.28,189,18,72,67
4620,15433,450,365,85,328,37,1.92,1.89,365,15,48,280
4621,15434,168,127,41,87,40,2.23,1.88,127,14,47,40
4622,15435,60,47,13,47,0,2.13,-,47,0,0,47
4623,15436,1276,1086,190,728,358,2.36,2.29,1086,51,339,389
4624,15437,968,774,194,496,278,2.37,2.74,774,153,318,178
4625,15438,1085,918,167,788,130,2.58,1.76,918,41,424,364
4626,15440,60,60,0,60,0,2.27,-,60,0,24,36
4627,15442,1075,966,109,696,270,2.14,1.96,966,110,287,409
4628,15443,117,65,52,12,53,-,3.75,65,0,12,0
4629,15444,171,171,0,139,32,4.13,3.97,171,0,93,46
4630,15445,1474,1304,170,1127,177,2.22,2.33,1304,75,496,631
4631,15446,81,59,22,59,0,2.56,-,59,0,29,30
4632,15447,47,47,0,47,0,4.77,-,47,0,17,30
4633,15448,129,71,58,57,14,2.35,4.00,71,0,25,32
4634,15449,233,183,50,174,9,2.11,2.11,183,0,81,93
4635,15450,121,79,42,79,0,1.76,-,79,0,13,66
4636,15451,426,345,81,299,46,2.87,1.35,345,23,100,199
4637,15454,50,50,0,0,50,-,2.64,50,0,0,0
4638,15455,292,216,76,203,13,3.30,1.85,216,0,147,56
4639,15456,1053,970,83,798,172,2.47,1.67,970,94,346,452
4640,15458,1167,997,170,718,279,2.85,2.33,997,36,267,451
4641,15459,734,573,161,443,130,2.80,2.20,573,16,191,252
4642,15460,58,58,0,56,2,2.71,3.00,58,0,26,30
4643,15461,1787,1555,232,1145,410,2.51,2.02,1555,86,545,600
4644,15462,138,88,50,88,0,2.14,-,88,0,24,64
4645,15463,125,125,0,88,37,1.86,2.22,125,0,15,73
4646,15464,854,672,182,515,157,2.41,2.30,672,64,335,180
4647,15465,214,183,31,154,29,2.14,-,183,0,35,119
4648,15466,190,168,22,144,24,2.27,6.42,168,8,66,78
4649,15467,59,59,0,55,4,1.87,4.50,59,0,29,26
4650,15468,1166,1074,92,864,210,2.52,2.06,1074,68,503,361
4651,15469,1000,975,25,761,214,2.11,2.45,975,46,282,479
4652,15470,367,260,107,209,51,1.96,3.35,260,24,85,124
4653,15472,96,86,10,15,71,2.40,1.48,86,0,15,0
4654,15473,1729,1593,136,1316,277,2.17,2.00,1593,95,657,659
4655,15474,831,673,158,443,230,3.26,3.37,673,45,164,279
4656,15475,544,457,87,228,229,2.22,2.33,457,34,74,154
4657,15476,34,34,0,34,0,1.82,-,34,0,16,18
4658,15477,475,411,64,349,62,2.09,1.65,411,18,154,195
4659,15478,2575,2352,223,1935,417,2.33,2.68,2352,45,971,964
4660,15479,995,909,86,778,131,2.43,2.22,909,27,347,431
4661,15480,870,778,92,608,170,2.17,1.74,778,0,200,408
4662,15482,187,158,29,113,45,1.45,2.27,158,0,48,65
4663,15483,199,162,37,125,37,2.14,1.57,162,12,53,72
4664,15484,255,255,0,255,0,3.11,-,255,0,54,201
4665,15486,998,895,103,774,121,2.13,1.97,895,49,322,452
4666,15488,50,50,0,50,0,2.00,-,50,0,0,50
4667,15489,172,172,0,161,11,2.24,4.27,172,31,33,128
4668,15490,185,121,64,103,18,2.38,3.00,121,24,28,75
4669,15492,66,58,8,58,0,3.69,-,58,13,6,52
4670,15501,7353,6241,1112,4364,1877,2.39,2.03,6241,418,2187,2177
4671,15502,1005,82,923,72,10,1.43,-,82,0,33,39
4672,15510,0,0,0,0,0,-,-,0,0,0,0
4673,15520,154,138,16,123,15,2.77,2.87,138,0,96,27
4674,15521,814,706,108,621,85,2.63,3.54,706,35,301,320
4675,15522,5675,4734,941,3718,1016,2.48,1.65,4734,304,2029,1689
4676,15530,2288,2024,264,1648,376,2.42,2.24,2024,106,758,890
4677,15531,1787,1526,261,1146,380,2.13,2.85,1526,59,572,574
4678,15532,72,64,8,50,14,1.96,3.64,64,9,39,11
4679,15533,646,514,132,375,139,2.26,2.82,514,16,190,185
4680,15534,477,382,95,315,67,2.46,2.82,382,12,120,195
4681,15535,1150,794,356,675,119,2.52,2.58,794,18,279,396
4682,15536,225,153,72,130,23,2.13,2.13,153,2,58,72
4683,15537,4006,3447,559,2455,992,2.46,1.92,3447,150,1113,1342
4684,15538,553,274,279,243,31,2.51,1.68,274,14,93,150
4685,15539,184,136,48,118,18,2.22,-,136,0,85,33
4686,15540,371,141,230,124,17,2.47,1.82,141,0,51,73
4687,15541,1712,1432,280,1336,96,2.36,3.02,1432,58,681,655
4688,15542,530,446,84,367,79,2.39,2.57,446,18,118,249
4689,15544,64,49,15,49,0,2.67,-,49,0,49,0
4690,15545,1252,1079,173,886,193,2.66,2.17,1079,63,405,481
4691,15546,211,211,0,211,0,3.11,-,211,0,30,181
4692,15547,293,252,41,190,62,4.18,2.42,252,6,85,105
4693,15550,1124,700,424,540,160,2.49,2.68,700,49,251,289
4694,15551,323,240,83,198,42,2.59,2.14,240,17,81,117
4695,15552,2629,2177,452,1657,520,2.68,2.67,2177,316,761,896
4696,15554,1128,1042,86,827,215,2.21,1.47,1042,9,363,464
4697,15555,81,43,38,40,3,1.98,3.33,43,0,15,25
4698,15557,2065,1360,705,1115,245,2.55,2.12,1360,43,499,616
4699,15558,940,712,228,547,165,3.12,2.36,712,68,296,251
4700,15559,1052,815,237,670,145,2.38,2.10,815,26,378,292
4701,15560,70,64,6,54,10,2.46,2.00,64,5,28,26
4702,15561,65,56,9,42,14,2.60,1.79,56,0,28,14
4703,15562,104,88,16,76,12,3.68,4.67,88,10,29,47
4704,15563,1627,1199,428,1083,116,2.37,1.63,1199,58,515,568
4705,15564,56,51,5,32,19,2.38,2.11,51,7,18,14
4706,15565,2,2,0,2,0,3.00,-,2,0,2,0
4707,15601,26253,24325,1928,18116,6209,2.33,1.71,24325,1662,10376,7740
4708,15610,2024,1820,204,1592,228,2.19,2.54,1820,16,724,868
4709,15611,174,150,24,126,24,1.76,1.83,150,1,79,47
4710,15612,176,176,0,136,40,2.10,1.73,176,26,49,87
4711,15613,5871,5240,631,4418,822,2.43,2.25,5240,355,2220,2198
4712,15615,114,114,0,107,7,1.89,2.00,114,9,21,86
4713,15616,222,212,10,192,20,2.18,-,212,0,66,126
4714,15617,141,123,18,104,19,1.84,2.00,123,5,65,39
4715,15618,1117,1016,101,845,171,2.37,1.81,1016,74,440,405
4716,15619,162,162,0,136,26,2.14,1.58,162,0,65,71
4717,15620,276,276,0,212,64,2.28,1.92,276,9,73,139
4718,15622,1908,553,1355,521,32,2.40,-,553,45,254,267
4719,15623,339,313,26,265,48,3.11,1.67,313,17,200,65
4720,15624,249,218,31,181,37,2.06,-,218,79,62,119
4721,15625,27,27,0,27,0,1.48,-,27,14,0,27
4722,15626,2612,2443,169,1679,764,2.27,1.33,2443,52,925,754
4723,15627,3175,2751,424,2267,484,2.45,1.89,2751,158,1238,1029
4724,15628,329,197,132,134,63,2.07,2.25,197,7,35,99
4725,15629,368,294,74,192,102,2.01,2.53,294,24,94,98
4726,15631,474,383,91,203,180,2.52,2.12,383,16,113,90
4727,15632,4001,3814,187,3078,736,2.57,1.75,3814,172,1829,1249
4728,15633,218,218,0,121,97,2.76,2.31,218,0,51,70
4729,15634,254,220,34,125,95,2.01,1.09,220,73,53,72
4730,15635,93,93,0,48,45,2.02,-,93,0,19,29
4731,15636,1596,1561,35,1369,192,2.96,1.30,1561,42,975,394
4732,15637,809,611,198,531,80,2.67,2.39,611,15,341,190
4733,15638,137,45,92,14,31,2.00,-,45,31,14,0
4734,15639,992,907,85,589,318,2.54,1.76,907,126,354,235
4735,15640,163,143,20,119,24,2.67,4.88,143,12,78,41
4736,15641,260,228,32,153,75,2.12,2.23,228,19,73,80
4737,15642,19956,19025,931,16225,2800,2.50,1.96,19025,915,10154,6071
4738,15644,9266,8551,715,6530,2021,2.20,1.86,8551,985,3585,2945
4739,15646,84,77,7,77,0,2.36,-,77,0,28,49
4740,15647,9,9,0,0,9,-,4.22,9,0,0,0
4741,15650,12253,11308,945,8038,3270,2.37,1.87,11308,739,4554,3484
4742,15655,229,128,101,115,13,1.91,1.31,128,0,38,77
4743,15656,4490,3978,512,3144,834,2.54,2.07,3978,226,1727,1417
4744,15658,4706,3752,954,3085,667,2.31,1.65,3752,72,1624,1461
4745,15660,203,140,63,115,25,1.77,2.44,140,17,48,67
4746,15661,317,283,34,265,18,3.08,2.22,283,0,133,132
4747,15662,363,363,0,363,0,2.83,-,363,0,176,187
4748,15663,247,242,5,210,32,2.32,1.94,242,15,98,112
4749,15665,570,497,73,432,65,2.69,2.54,497,24,251,181
4750,15666,7388,6793,595,5307,1486,2.29,1.83,6793,452,2952,2355
4751,15668,5633,5425,208,5033,392,2.59,2.31,5425,25,2498,2535
4752,15670,1413,1248,165,1117,131,2.44,2.68,1248,9,601,516
4753,15671,270,256,14,205,51,2.44,2.24,256,0,106,99
4754,15672,1566,1386,180,949,437,2.61,1.85,1386,61,592,357
4755,15673,694,614,80,518,96,1.98,2.07,614,23,248,270
4756,15674,156,156,0,147,9,2.20,-,156,9,64,83
4757,15675,443,406,37,310,96,3.07,2.17,406,40,181,129
4758,15676,270,257,13,145,112,2.54,3.24,257,17,91,54
4759,15677,392,198,194,164,34,1.54,2.53,198,15,97,67
4760,15678,268,257,11,175,82,2.61,2.96,257,0,91,84
4761,15679,1506,1384,122,1188,196,1.93,1.72,1384,28,392,796
4762,15680,149,149,0,132,17,1.64,3.41,149,5,70,62
4763,15681,2099,1883,216,1521,362,2.45,2.41,1883,80,808,713
4764,15682,154,113,41,107,6,2.60,1.83,113,10,61,46
4765,15683,3713,3504,209,2548,956,2.46,1.84,3504,533,1310,1238
4766,15684,174,147,27,123,24,2.41,2.38,147,6,113,10
4767,15686,497,432,65,421,11,2.49,1.73,432,0,198,223
4768,15687,571,524,47,501,23,2.27,1.70,524,14,195,306
4769,15688,425,386,39,313,73,2.49,1.99,386,0,109,204
4770,15689,50,50,0,50,0,2.42,-,50,0,36,14
4771,15690,4560,4034,526,2451,1583,2.42,2.07,4034,356,1206,1245
4772,15691,161,161,0,161,0,2.93,-,161,0,116,45
4773,15692,444,444,0,311,133,1.94,1.95,444,41,195,116
4774,15693,130,130,0,117,13,2.09,5.08,130,0,46,71
4775,15695,152,133,19,133,0,2.32,-,133,16,60,73
4776,15696,121,109,12,91,18,2.23,1.83,109,7,30,61
4777,15697,1495,1309,186,842,467,2.36,1.99,1309,93,441,401
4778,15698,274,274,0,251,23,1.90,1.83,274,20,67,184
4779,15701,15123,12702,2421,7381,5321,2.43,1.95,12702,1171,3625,3756
4780,15705,0,0,0,0,0,-,-,0,0,0,0
4781,15710,119,111,8,73,38,1.95,1.34,111,0,26,47
4782,15711,141,136,5,105,31,2.16,2.84,136,6,50,55
4783,15712,51,48,3,39,9,2.59,2.56,48,15,10,29
4784,15713,113,96,17,96,0,3.90,-,96,0,43,53
4785,15714,2265,1990,275,1529,461,2.35,2.79,1990,243,443,1086
4786,15715,266,220,46,166,54,2.30,2.30,220,6,65,101
4787,15716,190,176,14,103,73,2.20,1.37,176,20,23,80
4788,15717,4788,4078,710,3061,1017,2.40,2.21,4078,162,1367,1694
4789,15720,144,105,39,90,15,2.68,2.87,105,8,45,45
4790,15721,101,78,23,64,14,2.09,2.14,78,5,26,38
4791,15722,1010,903,107,823,80,2.53,2.35,903,24,383,440
4792,15723,12,12,0,12,0,-,-,12,12,0,12
4793,15724,986,856,130,743,113,2.55,2.46,856,54,298,445
4794,15725,602,560,42,425,135,2.28,2.30,560,44,195,230
4795,15727,106,87,19,66,21,2.20,3.48,87,0,22,44
4796,15728,1538,1350,188,940,410,2.68,2.83,1350,86,458,482
4797,15729,600,517,83,403,114,2.14,1.12,517,49,228,175
4798,15730,91,60,31,51,9,2.88,2.78,60,0,22,29
4799,15731,183,146,37,121,25,2.09,1.52,146,24,39,82
4800,15732,751,615,136,532,83,2.45,2.00,615,15,211,321
4801,15733,79,61,18,57,4,2.21,-,61,33,8,49
4802,15734,197,163,34,150,13,2.49,1.92,163,0,108,42
4803,15736,183,168,15,127,41,2.09,1.59,168,9,61,66
4804,15737,69,53,16,43,10,2.00,3.10,53,0,3,40
4805,15738,88,74,14,66,8,1.94,1.38,74,16,46,20
4806,15739,178,162,16,111,51,2.08,3.49,162,9,66,45
4807,15741,30,23,7,17,6,2.53,2.17,23,0,8,9
4808,15742,466,343,123,277,66,2.59,4.12,343,24,113,164
4809,15744,27,11,16,7,4,3.29,3.25,11,0,3,4
4810,15745,110,110,0,104,6,2.38,2.00,110,16,49,55
4811,15746,67,54,13,42,12,2.57,-,54,3,16,26
4812,15747,771,664,107,596,68,2.80,2.18,664,86,236,360
4813,15748,3027,2835,192,2185,650,2.62,1.77,2835,136,1082,1103
4814,15750,176,112,64,92,20,2.29,3.95,112,0,45,47
4815,15752,16,16,0,8,8,1.25,3.13,16,0,2,6
4816,15753,251,176,75,148,28,2.55,2.89,176,6,66,82
4817,15754,192,159,33,121,38,2.13,4.29,159,0,57,64
4818,15756,77,71,6,55,16,3.38,2.06,71,0,26,29
4819,15757,906,569,337,487,82,2.30,2.79,569,22,183,304
4820,15759,1137,1062,75,800,262,2.83,2.11,1062,87,376,424
4821,15760,55,44,11,27,17,2.78,3.41,44,0,3,24
4822,15761,54,54,0,22,32,5.55,1.91,54,0,15,7
4823,15762,354,337,17,306,31,3.05,1.61,337,13,100,206
4824,15763,24,12,12,5,7,1.60,-,12,0,0,5
4825,15764,45,42,3,38,4,2.03,4.00,42,0,13,25
4826,15765,739,648,91,531,117,2.62,2.50,648,37,257,274
4827,15767,6703,5716,987,4157,1559,2.54,2.26,5716,600,1619,2538
4828,15770,111,86,25,77,9,2.26,2.00,86,1,32,45
4829,15771,485,370,115,326,44,2.58,2.05,370,31,174,152
4830,15772,658,568,90,429,139,2.49,3.74,568,78,189,240
4831,15773,171,161,10,155,6,2.74,2.33,161,3,83,72
4832,15774,1346,1195,151,1023,172,2.41,2.17,1195,57,479,544
4833,15775,256,236,20,211,25,2.29,2.24,236,9,64,147
4834,15776,26,26,0,24,2,1.83,-,26,0,9,15
4835,15777,35,35,0,35,0,2.17,-,35,0,13,22
4836,15778,75,64,11,63,1,5.79,3.00,64,5,40,23
4837,15779,91,91,0,83,8,2.37,2.00,91,0,37,46
4838,15780,59,49,10,46,3,2.24,2.00,49,0,28,18
4839,15781,46,46,0,45,1,1.98,5.00,46,0,12,33
4840,15783,35,35,0,24,11,2.42,1.91,35,3,19,5
4841,15784,32,32,0,29,3,1.83,3.33,32,0,9,20
4842,15801,10123,8220,1903,5878,2342,2.53,2.14,8220,643,3152,2726
4843,15821,355,49,306,43,6,1.88,1.67,49,0,22,21
4844,15823,601,534,67,466,68,2.39,1.96,534,24,196,270
4845,15824,2520,2087,433,1617,470,2.45,2.32,2087,125,739,878
4846,15825,4726,3811,915,2825,986,2.56,2.04,3811,188,1375,1450
4847,15827,158,120,38,120,0,2.78,-,120,10,46,74
4848,15828,513,108,405,93,15,1.98,1.80,108,7,12,81
4849,15829,601,465,136,396,69,2.58,2.58,465,15,210,186
4850,15831,31,31,0,31,0,1.58,-,31,0,19,12
4851,15832,718,129,589,107,22,1.97,1.64,129,4,24,83
4852,15834,2720,1933,787,1347,586,2.31,1.77,1933,214,530,817
4853,15840,842,741,101,592,149,2.31,2.54,741,34,262,330
4854,15841,116,91,25,77,14,2.56,-,91,22,49,28
4855,15845,1525,1332,193,1005,327,2.29,1.91,1332,103,406,599
4856,15846,1507,1419,88,1244,175,2.39,1.94,1419,0,622,622
4857,15847,21,21,0,10,11,1.80,2.45,21,0,0,10
4858,15848,432,335,97,306,29,2.46,2.86,335,25,108,198
4859,15849,967,530,437,447,83,2.34,2.47,530,17,181,266
4860,15851,3025,2661,364,2044,617,2.76,2.32,2661,271,1044,1000
4861,15853,3362,2687,675,2028,659,2.50,1.93,2687,259,975,1053
4862,15856,504,385,119,348,37,2.18,2.24,385,14,135,213
4863,15857,6212,5793,419,4487,1306,2.34,1.72,5793,501,1855,2632
4864,15860,1731,513,1218,437,76,2.27,2.17,513,24,185,252
4865,15861,414,60,354,54,6,1.74,2.83,60,2,23,31
4866,15863,79,69,10,67,2,1.93,2.50,69,0,23,44
4867,15864,878,700,178,548,152,2.59,2.47,700,24,236,312
4868,15865,606,532,74,328,204,2.05,1.93,532,35,108,220
4869,15866,66,58,8,51,7,4.00,2.00,58,14,21,30
4870,15868,1226,725,501,628,97,2.63,1.90,725,8,223,405
4871,15870,1022,525,497,484,41,2.43,1.78,525,10,193,291
4872,15901,2625,1919,706,741,1178,2.16,1.56,1919,823,122,619
4873,15902,6357,4930,1427,3166,1764,2.42,2.14,4930,737,1433,1733
4874,15904,7200,6619,581,4694,1925,2.45,1.67,6619,666,2512,2182
4875,15905,10034,8752,1282,6694,2058,2.31,2.00,8752,763,3419,3275
4876,15906,5795,4660,1135,3052,1608,2.18,2.08,4660,989,1066,1986
4877,15909,2497,2081,416,1833,248,2.47,1.71,2081,141,725,1108
4878,15920,318,257,61,228,29,2.20,1.69,257,33,78,150
4879,15921,228,153,75,115,38,2.23,1.42,153,0,44,71
4880,15922,28,28,0,28,0,3.82,-,28,0,10,18
4881,15923,687,612,75,508,104,2.64,2.20,612,15,173,335
4882,15924,414,378,36,337,41,2.51,2.37,378,9,186,151
4883,15925,64,56,8,45,11,2.80,2.82,56,0,22,23
4884,15926,1577,1044,533,895,149,2.47,2.34,1044,50,461,434
4885,15927,408,355,53,280,75,2.26,1.51,355,0,117,163
4886,15928,890,860,30,744,116,2.29,1.37,860,152,304,440
4887,15929,47,38,9,23,15,4.00,2.53,38,0,12,11
4888,15930,204,165,39,165,0,2.16,-,165,0,121,44
4889,15931,4028,3805,223,2922,883,2.40,1.66,3805,302,1414,1508
4890,15934,0,0,0,0,0,-,-,0,0,0,0
4891,15935,1345,1129,216,1000,129,2.72,2.01,1129,61,549,451
4892,15936,752,685,67,625,60,2.28,1.50,685,24,272,353
4893,15937,428,305,123,257,48,2.18,1.79,305,0,142,115
4894,15938,1071,983,88,897,86,2.49,1.86,983,57,376,521
4895,15940,694,590,104,526,64,2.43,2.81,590,19,241,285
4896,15942,754,706,48,662,44,2.76,3.55,706,9,319,343
4897,15943,2018,1733,285,1229,504,2.48,1.83,1733,162,567,662
4898,15944,1411,1114,297,957,157,2.74,2.41,1114,89,385,572
4899,15945,47,47,0,47,0,3.36,-,47,5,15,32
4900,15946,3182,2725,457,2318,407,2.48,1.94,2725,211,1045,1273
4901,15948,179,179,0,130,49,2.90,3.02,179,13,12,118
4902,15949,238,225,13,190,35,2.01,2.29,225,0,96,94
4903,15951,442,299,143,283,16,1.68,-,299,16,105,178
4904,15952,532,492,40,385,107,2.68,2.83,492,11,195,190
4905,15953,20,20,0,20,0,3.85,-,20,0,20,0
4906,15954,1300,1133,167,948,185,2.05,2.47,1133,59,294,654
4907,15955,958,878,80,826,52,2.54,1.60,878,16,339,487
4908,15956,1277,1186,91,1017,169,2.25,1.91,1186,116,510,507
4909,15957,159,132,27,132,0,2.73,-,132,9,55,77
4910,15958,898,821,77,711,110,2.46,2.36,821,50,340,371
4911,15960,99,88,11,81,7,2.01,-,88,0,21,60
4912,15961,435,376,59,294,82,2.46,2.26,376,34,171,123
4913,15962,132,116,16,94,22,2.62,6.91,116,9,53,41
4914,15963,5207,4485,722,3624,861,2.31,1.93,4485,404,1761,1863
4915,16001,19922,18074,1848,12314,5760,2.37,1.72,18074,2210,6699,5615
4916,16002,6534,6348,186,5476,872,2.47,2.17,6348,205,2932,2544
4917,16020,525,443,82,388,55,2.67,3.02,443,7,203,185
4918,16022,163,135,28,90,45,2.32,2.44,135,2,59,31
4919,16023,1857,1700,157,1200,500,3.10,1.45,1700,319,538,662
4920,16024,110,105,5,95,10,2.74,4.10,105,0,49,46
4921,16025,2154,1922,232,1618,304,2.43,2.36,1922,63,840,778
4922,16027,153,153,0,99,54,2.99,2.52,153,0,64,35
4923,16028,1160,861,299,612,249,2.59,1.79,861,73,282,330
4924,16029,405,370,35,280,90,2.64,1.91,370,26,200,80
4925,16030,125,104,21,75,29,2.57,3.21,104,1,16,59
4926,16033,3315,3065,250,2430,635,2.46,1.70,3065,124,1609,821
4927,16034,840,742,98,646,96,2.48,1.92,742,8,302,344
4928,16035,67,52,15,38,14,2.58,6.14,52,0,11,27
4929,16036,152,128,24,87,41,2.01,3.44,128,5,23,64
4930,16037,1927,1828,99,1544,284,2.66,2.10,1828,36,908,636
4931,16038,1408,1291,117,1052,239,2.57,2.49,1291,85,571,481
4932,16040,359,330,29,269,61,3.04,1.90,330,4,144,125
4933,16041,1002,783,219,670,113,2.61,2.73,783,35,268,402
4934,16045,567,422,145,275,147,2.63,2.73,422,36,150,125
4935,16046,7073,6645,428,5313,1332,2.90,2.08,6645,193,3969,1344
4936,16048,64,64,0,51,13,2.14,4.46,64,4,15,36
4937,16049,1626,1215,411,951,264,2.56,2.25,1215,54,409,542
4938,16050,546,468,78,376,92,2.32,2.52,468,23,174,202
4939,16051,1344,1268,76,1176,92,2.47,2.25,1268,29,555,621
4940,16052,1005,915,90,844,71,2.57,2.72,915,42,367,477
4941,16053,1655,1599,56,1406,193,2.36,2.11,1599,142,726,680
4942,16054,187,170,17,140,30,2.11,1.63,170,7,70,70
4943,16055,3429,3329,100,3071,258,2.49,1.79,3329,83,1548,1523
4944,16056,2087,1948,139,1494,454,2.35,1.44,1948,133,891,603
4945,16057,5499,4533,966,2594,1939,2.77,2.00,4533,260,1367,1227
4946,16059,3952,3750,202,3325,425,2.47,2.06,3750,76,1852,1473
4947,16061,1095,1013,82,910,103,2.70,2.50,1013,62,421,489
4948,16063,3721,3623,98,2337,1286,2.48,1.75,3623,271,1622,715
4949,16066,13595,13045,550,10245,2800,2.63,1.90,13045,316,6936,3309
4950,16101,14968,13390,1578,9389,4001,2.37,2.01,13390,1386,4558,4831
4951,16102,2422,2192,230,1553,639,2.58,2.24,2192,117,816,737
4952,16105,7274,6763,511,5244,1519,2.44,1.91,6763,335,3199,2045
4953,16110,196,167,29,158,9,2.65,4.11,167,21,67,91
4954,16111,434,404,30,353,51,3.07,2.37,404,94,174,179
4955,16112,672,601,71,535,66,2.66,1.59,601,15,314,221
4956,16113,164,153,11,126,27,2.46,1.96,153,0,67,59
4957,16114,273,229,44,214,15,2.53,3.33,229,8,105,109
4958,16115,1465,1389,76,1120,269,2.51,2.29,1389,43,518,602
4959,16116,1126,1087,39,931,156,2.45,2.46,1087,17,452,479
4960,16117,7811,7221,590,5613,1608,2.24,1.84,7221,402,3250,2363
4961,16120,1023,948,75,764,184,2.54,2.60,948,32,443,321
4962,16121,2276,2024,252,1120,904,1.88,2.37,2024,437,461,659
4963,16123,1016,968,48,892,76,2.79,2.91,968,15,490,402
4964,16124,742,648,94,535,113,2.63,2.07,648,85,250,285
4965,16125,7798,7025,773,4850,2175,2.48,2.00,7025,599,2465,2385
4966,16127,5623,5260,363,3795,1465,2.58,1.78,5260,303,2051,1744
4967,16130,995,832,163,686,146,2.60,2.23,832,71,326,360
4968,16131,413,377,36,292,85,2.37,2.56,377,28,124,168
4969,16132,244,187,57,163,24,2.46,-,187,0,100,63
4970,16133,727,572,155,530,42,2.80,2.48,572,47,232,298
4971,16134,2598,1626,972,1388,238,2.39,1.97,1626,87,643,745
4972,16136,360,328,32,234,94,2.63,1.72,328,15,141,93
4973,16137,5001,4425,576,3657,768,2.54,1.98,4425,310,1856,1801
4974,16140,155,155,0,125,30,2.93,1.27,155,0,60,65
4975,16141,728,666,62,546,120,2.73,1.82,666,27,236,310
4976,16142,2070,1899,171,1447,452,2.98,2.19,1899,301,842,605
4977,16143,925,873,52,764,109,2.29,1.99,873,37,427,337
4978,16145,1336,1155,181,970,185,2.31,2.03,1155,24,449,521
4979,16146,7282,6006,1276,3019,2987,2.32,2.03,6006,1286,1665,1354
4980,16148,8309,7805,504,5506,2299,2.19,1.91,7805,668,2782,2724
4981,16150,3405,3166,239,2266,900,2.39,1.90,3166,319,1194,1072
4982,16151,37,33,4,27,6,2.37,4.17,33,0,15,12
4983,16153,1054,922,132,732,190,2.45,2.28,922,49,399,333
4984,16154,923,886,37,712,174,2.31,1.80,886,47,328,384
4985,16155,50,50,0,0,50,-,1.08,50,33,0,0
4986,16156,1251,1167,84,1027,140,2.85,2.45,1167,120,530,497
4987,16157,1374,1292,82,1009,283,2.30,1.96,1292,63,539,470
4988,16159,2277,2154,123,1784,370,2.21,1.74,2154,142,892,892
4989,16160,496,455,41,274,181,1.87,2.03,455,41,98,176
4990,16161,323,301,22,197,104,2.11,1.60,301,54,77,120
4991,16172,4,4,0,4,0,2.00,-,4,0,4,0
4992,16201,7831,6861,970,5085,1776,2.53,1.95,6861,677,2471,2614
4993,16210,416,289,127,262,27,2.70,2.22,289,0,81,181
4994,16211,35,26,9,26,0,2.54,-,26,0,21,5
4995,16212,142,127,15,107,20,1.85,1.70,127,5,48,59
4996,16213,68,56,12,41,15,1.85,3.27,56,9,14,27
4997,16214,4159,3194,965,1579,1615,2.66,2.28,3194,295,938,641
4998,16217,124,53,71,44,9,1.68,2.78,53,8,0,44
4999,16218,555,417,138,389,28,2.80,2.07,417,5,190,199
5000,16220,122,43,79,43,0,2.30,-,43,15,28,15
5001,16222,1201,1019,182,884,135,2.87,2.44,1019,153,423,461
5002,16223,56,46,10,40,6,1.53,2.00,46,0,22,18
5003,16224,423,385,38,327,58,2.37,3.34,385,22,144,183
5004,16226,3996,3494,502,2630,864,2.37,2.07,3494,322,1259,1371
5005,16228,158,143,15,121,22,2.27,2.09,143,8,51,70
5006,16229,2406,2233,173,1751,482,2.56,2.17,2233,64,911,840
5007,16230,200,191,9,147,44,2.68,3.00,191,6,72,75
5008,16232,1894,1655,239,1205,450,2.79,2.08,1655,150,590,615
5009,16233,1119,436,683,371,65,2.35,3.29,436,9,213,158
5010,16235,610,521,89,469,52,2.45,1.87,521,5,277,192
5011,16236,169,125,44,113,12,2.04,2.83,125,0,54,59
5012,16238,177,158,19,127,31,2.80,1.65,158,10,75,52
5013,16239,2061,520,1541,433,87,2.43,5.05,520,19,154,279
5014,16240,711,619,92,485,134,2.75,2.37,619,51,238,247
5015,16242,2041,1752,289,1284,468,2.64,2.16,1752,160,589,695
5016,16244,172,151,21,130,21,2.24,3.43,151,5,64,66
5017,16245,128,124,4,82,42,2.68,2.02,124,13,47,35
5018,16246,81,64,17,45,19,2.62,4.84,64,2,20,25
5019,16248,1367,1234,133,930,304,2.55,2.44,1234,61,424,506
5020,16249,967,795,172,631,164,2.56,2.16,795,18,249,382
5021,16250,166,147,19,96,51,3.11,3.41,147,14,52,44
5022,16253,94,64,30,30,34,2.17,1.76,64,0,16,14
5023,16254,1561,1348,213,1098,250,2.45,2.74,1348,63,473,625
5024,16255,807,695,112,533,162,2.56,2.19,695,68,249,284
5025,16256,560,437,123,405,32,4.51,9.63,437,202,183,222
5026,16258,1119,758,361,474,284,2.30,1.95,758,63,228,246
5027,16259,1115,864,251,713,151,2.44,2.32,864,32,324,389
5028,16260,273,164,109,150,14,1.99,-,164,0,57,93
5029,16262,1356,1260,96,1048,212,2.26,1.99,1260,69,461,587
5030,16263,150,117,33,117,0,2.65,-,117,13,58,59
5031,16301,7591,6196,1395,4354,1842,2.46,2.15,6196,606,1833,2521
5032,16311,241,190,51,176,14,2.14,1.71,190,13,77,99
5033,16312,0,0,0,0,0,-,-,0,0,0,0
5034,16313,1352,782,570,633,149,2.44,2.23,782,33,266,367
5035,16314,2628,2084,544,1771,313,2.59,2.42,2084,70,895,876
5036,16316,3479,2105,1374,1793,312,2.20,2.36,2105,67,932,861
5037,16317,747,565,182,458,107,2.28,2.72,565,11,233,225
5038,16319,541,472,69,447,25,2.67,2.24,472,6,221,226
5039,16321,60,15,45,8,7,-,1.14,15,0,0,8
5040,16322,100,45,55,45,0,2.27,-,45,4,9,36
5041,16323,7332,6382,950,4466,1916,2.41,1.99,6382,420,2060,2406
5042,16326,129,97,32,77,20,2.44,1.85,97,0,45,32
5043,16327,1147,971,176,854,117,2.66,2.44,971,26,431,423
5044,16328,107,93,14,65,28,2.34,2.96,93,2,21,44
5045,16329,323,173,150,156,17,2.54,2.18,173,15,53,103
5046,16331,36,32,4,28,4,3.29,-,32,0,25,3
5047,16332,27,17,10,13,4,3.08,-,17,4,4,9
5048,16333,227,110,117,102,8,2.27,1.63,110,7,32,70
5049,16334,210,199,11,158,41,2.33,1.07,199,3,58,100
5050,16335,12726,11185,1541,6823,4362,2.42,2.12,11185,1442,3800,3023
5051,16340,1143,689,454,616,73,2.61,2.36,689,19,246,370
5052,16341,1176,755,421,687,68,2.30,2.13,755,18,354,333
5053,16342,1241,928,313,824,104,2.29,2.31,928,37,422,402
5054,16343,233,233,0,217,16,2.46,4.25,233,0,83,134
5055,16344,245,179,66,85,94,2.46,2.76,179,8,24,61
5056,16345,1831,1469,362,1359,110,2.51,2.12,1469,42,661,698
5057,16346,1560,1494,66,989,505,2.41,1.88,1494,130,469,520
5058,16347,1364,644,720,524,120,2.65,2.09,644,25,182,342
5059,16350,980,871,109,736,135,2.84,2.88,871,64,339,397
5060,16351,2499,733,1766,567,166,2.46,2.01,733,59,217,350
5061,16352,122,74,48,63,11,3.03,1.27,74,0,22,41
5062,16353,4113,1163,2950,977,186,2.42,1.80,1163,61,395,582
5063,16354,5157,4406,751,3012,1394,2.52,1.93,4406,505,1304,1708
5064,16360,593,525,68,411,114,2.64,2.19,525,16,217,194
5065,16361,71,17,54,12,5,1.33,-,17,0,8,4
5066,16362,566,395,171,349,46,2.42,2.22,395,17,164,185
5067,16364,641,467,174,393,74,3.01,1.64,467,28,215,178
5068,16365,8836,7676,1160,5378,2298,2.30,2.02,7676,535,2396,2982
5069,16370,345,88,257,80,8,2.74,1.38,88,2,17,63
5070,16371,1473,1250,223,932,318,2.58,1.93,1250,132,467,465
5071,16372,255,235,20,163,72,2.71,1.71,235,21,67,96
5072,16373,1713,1223,490,1017,206,2.48,2.17,1223,119,457,560
5073,16374,1691,731,960,636,95,2.22,1.91,731,61,254,382
5074,16401,1828,1597,231,1275,322,2.69,2.06,1597,106,712,563
5075,16402,345,276,69,251,25,2.68,1.80,276,29,144,107
5076,16403,2581,2264,317,1835,429,2.76,2.01,2264,150,946,889
5077,16404,1486,1186,300,973,213,2.77,2.64,1186,80,408,565
5078,16405,271,227,44,206,21,2.49,1.86,227,0,65,141
5079,16406,1490,1302,188,1066,236,2.59,2.48,1302,89,512,554
5080,16407,5162,4638,524,3373,1265,2.25,2.54,4638,601,1561,1812
5081,16410,728,666,62,627,39,2.96,2.46,666,7,354,273
5082,16411,659,529,130,446,83,2.60,2.96,529,21,254,192
5083,16412,4918,4141,777,2835,1306,2.45,1.92,4141,238,1664,1171
5084,16415,3658,3409,249,3120,289,2.80,2.18,3409,174,2031,1089
5085,16416,95,73,22,73,0,2.04,-,73,0,42,31
5086,16417,3903,3619,284,2592,1027,2.56,2.00,3619,153,1524,1068
5087,16420,399,198,201,182,16,2.25,3.00,198,4,59,123
5088,16421,979,954,25,582,372,2.86,1.81,954,25,438,144
5089,16422,92,85,7,85,0,3.31,-,85,0,34,51
5090,16423,1853,1608,245,1369,239,2.42,2.18,1608,95,767,602
5091,16424,3507,1889,1618,1596,293,2.44,2.18,1889,129,795,801
5092,16426,1630,1495,135,1234,261,2.36,2.15,1495,69,563,671
5093,16427,84,77,7,54,23,2.37,2.17,77,2,22,32
5094,16428,5449,4940,509,3646,1294,2.61,2.12,4940,325,2052,1594
5095,16430,104,71,33,58,13,2.19,3.92,71,0,28,30
5096,16433,2148,1873,275,1572,301,2.55,2.26,1873,130,842,730
5097,16434,1108,894,214,766,128,3.74,2.71,894,227,364,402
5098,16435,798,662,136,532,130,2.53,2.64,662,60,222,310
5099,16436,557,276,281,230,46,2.70,3.70,276,8,109,121
5100,16438,4166,3041,1125,2302,739,2.47,2.10,3041,319,1165,1137
5101,16440,439,339,100,286,53,2.49,1.85,339,20,142,144
5102,16441,4038,3707,331,3157,550,2.56,2.40,3707,171,1877,1280
5103,16442,1197,1103,94,933,170,2.99,2.62,1103,38,496,437
5104,16443,465,427,38,393,34,2.50,1.44,427,13,180,213
5105,16444,0,0,0,0,0,-,-,0,0,0,0
5106,16475,0,0,0,0,0,-,-,0,0,0,0
5107,16501,1302,1069,233,22,1047,2.27,1.14,1069,719,8,14
5108,16502,7825,6770,1055,2431,4339,2.25,2.21,6770,1511,1160,1271
5109,16503,6494,5447,1047,2000,3447,2.95,2.44,5447,1684,828,1172
5110,16504,7076,6542,534,4407,2135,2.41,2.10,6542,707,2562,1845
5111,16505,8691,7654,1037,5780,1874,2.24,1.56,7654,565,3006,2774
5112,16506,10605,10020,585,7248,2772,2.62,1.91,10020,700,4379,2869
5113,16507,4227,3609,618,1136,2473,2.42,2.10,3609,688,614,522
5114,16508,7378,6812,566,4415,2397,2.32,2.12,6812,611,2660,1755
5115,16509,12784,11927,857,8192,3735,2.41,2.10,11927,732,4471,3721
5116,16510,10314,9892,422,7919,1973,2.49,2.87,9892,706,4639,3280
5117,16511,4740,4480,260,2939,1541,2.59,2.29,4480,536,1750,1189
5118,16546,0,0,0,0,0,-,-,0,0,0,0
5119,16550,0,0,0,0,0,-,-,0,0,0,0
5120,16563,0,0,0,0,0,-,-,0,0,0,0
5121,16601,14717,13139,1578,9143,3996,2.44,2.25,13139,1519,5003,4140
5122,16602,13255,11685,1570,7531,4154,2.50,2.15,11685,1287,4292,3239
5123,16611,1147,965,182,842,123,2.53,3.66,965,31,479,363
5124,16613,729,650,79,621,29,2.31,2.59,650,5,257,364
5125,16616,84,69,15,50,19,2.62,1.21,69,6,16,34
5126,16617,1288,1125,163,815,310,2.34,2.25,1125,52,483,332
5127,16619,137,117,20,114,3,2.56,-,117,4,68,46
5128,16620,151,131,20,102,29,2.34,2.41,131,8,46,56
5129,16621,347,259,88,216,43,2.56,3.21,259,8,119,97
5130,16622,53,45,8,41,4,2.39,1.50,45,0,30,11
5131,16623,335,205,130,184,21,2.76,2.90,205,3,107,77
5132,16624,107,86,21,75,11,2.25,1.91,86,6,24,51
5133,16625,1817,1480,337,1110,370,2.52,2.58,1480,42,440,670
5134,16627,1039,855,184,756,99,2.62,2.51,855,41,340,416
5135,16630,2193,2005,188,1454,551,2.32,1.83,2005,207,698,756
5136,16631,18,18,0,18,0,3.22,-,18,9,6,12
5137,16633,119,106,13,92,14,3.96,2.57,106,7,66,26
5138,16634,157,124,33,110,14,2.19,2.43,124,8,41,69
5139,16635,5422,5197,225,4039,1158,2.48,1.86,5197,240,2023,2016
5140,16636,378,331,47,308,23,3.03,3.48,331,7,156,152
5141,16637,1093,1093,0,890,203,2.33,1.67,1093,62,338,552
5142,16638,25,22,3,20,2,3.65,1.50,22,0,15,5
5143,16639,850,563,287,532,31,2.54,2.45,563,7,215,317
5144,16640,571,355,216,335,20,2.51,2.25,355,13,154,181
5145,16641,1176,1017,159,825,192,2.59,2.18,1017,74,408,417
5146,16645,99,83,16,82,1,2.17,12.00,83,4,20,62
5147,16646,1010,908,102,793,115,2.40,1.63,908,45,379,414
5148,16647,529,301,228,250,51,2.78,2.12,301,6,103,147
5149,16648,6734,6123,611,4678,1445,2.43,1.78,6123,304,2629,2049
5150,16650,884,638,246,534,104,2.40,3.23,638,26,290,244
5151,16651,1749,1397,352,1124,273,2.51,2.05,1397,100,657,467
5152,16652,7014,5449,1565,3903,1546,2.50,2.03,5449,372,1941,1962
5153,16654,9,9,0,7,2,3.43,-,9,2,7,0
5154,16655,658,535,123,436,99,2.49,2.16,535,27,185,251
5155,16656,554,468,86,410,58,2.61,2.29,468,52,164,246
5156,16657,977,548,429,497,51,2.38,2.98,548,6,270,227
5157,16659,79,79,0,49,30,2.53,2.23,79,0,20,29
5158,16661,460,377,83,340,37,2.46,2.51,377,8,111,229
5159,16662,2329,2148,181,1604,544,2.75,1.97,2148,180,776,828
5160,16664,760,690,70,615,75,3.27,2.15,690,62,381,234
5161,16665,181,160,21,123,37,2.83,1.32,160,1,64,59
5162,16666,1423,1301,122,1195,106,2.25,2.42,1301,10,469,726
5163,16667,616,557,59,419,138,2.63,3.03,557,15,138,281
5164,16668,1577,1415,162,1149,266,2.62,1.73,1415,130,549,600
5165,16669,1202,831,371,703,128,2.40,2.85,831,40,351,352
5166,16670,45,33,12,33,0,1.94,-,33,2,19,14
5167,16671,208,170,38,134,36,2.52,2.39,170,9,65,69
5168,16672,122,88,34,76,12,2.79,4.17,88,0,28,48
5169,16673,2317,2064,253,1697,367,2.61,2.09,2064,121,980,717
5170,16674,337,179,158,137,42,2.57,2.79,179,10,81,56
5171,16675,78,38,40,36,2,2.08,4.50,38,5,10,26
5172,16677,159,140,19,110,30,2.55,1.43,140,0,48,62
5173,16678,1307,1010,297,814,196,2.53,1.75,1010,57,410,404
5174,16679,339,258,81,218,40,2.61,1.93,258,9,101,117
5175,16680,155,130,25,114,16,2.67,1.19,130,6,46,68
5176,16682,68,56,12,52,4,2.02,1.75,56,7,27,25
5177,16683,199,130,69,116,14,2.27,3.21,130,2,66,50
5178,16684,26,26,0,26,0,-,-,26,0,26,0
5179,16685,178,108,70,108,0,3.03,-,108,5,65,43
5180,16686,6182,5474,708,3926,1548,2.67,1.99,5474,397,2342,1584
5181,16689,181,161,20,152,9,2.49,1.44,161,3,81,71
5182,16691,208,140,68,132,8,2.01,3.13,140,0,43,89
5183,16692,397,346,51,283,63,2.60,2.57,346,35,167,116
5184,16693,1660,1501,159,1234,267,2.75,2.06,1501,104,699,535
5185,16694,156,121,35,111,10,3.26,1.20,121,6,57,54
5186,16695,368,341,27,296,45,3.03,3.07,341,31,150,146
5187,16699,0,0,0,0,0,-,-,0,0,0,0
5188,16701,7673,6682,991,4848,1834,2.41,2.21,6682,822,2723,2125
5189,16720,2143,477,1666,409,68,2.50,3.15,477,38,175,234
5190,16724,56,41,15,37,4,2.38,2.50,41,2,9,28
5191,16725,36,15,21,6,9,7.83,1.89,15,0,6,0
5192,16726,244,223,21,170,53,2.16,3.19,223,5,86,84
5193,16727,73,55,18,23,32,3.09,4.31,55,3,17,6
5194,16729,367,289,78,233,56,2.55,2.50,289,7,123,110
5195,16730,64,52,12,46,6,2.09,-,52,0,40,6
5196,16731,1254,1056,198,836,220,2.33,2.03,1056,36,407,429
5197,16732,88,63,25,54,9,1.96,2.56,63,0,26,28
5198,16733,85,47,38,32,15,4.84,1.73,47,10,13,19
5199,16734,108,103,5,80,23,2.21,1.35,103,2,18,62
5200,16735,3530,2531,999,1899,632,2.58,1.80,2531,143,901,998
5201,16738,781,498,283,444,54,2.30,2.22,498,8,228,216
5202,16740,584,372,212,299,73,2.70,2.11,372,30,148,151
5203,16743,1852,1482,370,1108,374,2.56,2.69,1482,70,534,574
5204,16744,83,83,0,66,17,2.62,3.00,83,0,35,31
5205,16745,305,280,25,274,6,2.35,3.00,280,10,86,188
5206,16746,669,435,234,390,45,2.36,2.58,435,8,173,217
5207,16748,1546,1022,524,776,246,2.70,2.80,1022,75,323,453
5208,16749,2124,1534,590,1198,336,2.33,2.49,1534,74,543,655
5209,16750,323,274,49,260,14,2.18,2.64,274,7,58,202
5210,16801,18884,16854,2030,7597,9257,2.49,2.46,16854,2696,4711,2886
5211,16802,108,84,24,0,84,-,2.00,84,59,0,0
5212,16803,11708,10215,1493,4708,5507,2.45,2.26,10215,1116,3167,1541
5213,16820,486,434,52,394,40,3.52,4.55,434,152,269,125
5214,16821,92,92,0,92,0,2.48,-,92,19,40,52
5215,16822,1052,743,309,611,132,2.65,1.88,743,42,395,216
5216,16823,11759,11127,632,7956,3171,2.36,1.86,11127,586,4620,3336
5217,16825,158,124,34,110,14,1.78,2.07,124,14,68,42
5218,16826,227,187,40,172,15,2.08,1.67,187,5,78,94
5219,16827,2076,1797,279,1485,312,2.69,2.43,1797,102,926,559
5220,16828,2135,1972,163,1714,258,2.37,2.24,1972,56,914,800
5221,16829,392,258,134,214,44,2.84,2.59,258,33,129,85
5222,16830,6481,5567,914,3696,1871,2.37,2.35,5567,663,1736,1960
5223,16832,285,116,169,105,11,2.55,1.91,116,8,51,54
5224,16833,2530,2181,349,1755,426,2.45,2.08,2181,139,823,932
5225,16834,254,237,17,221,16,2.64,1.56,237,13,96,125
5226,16835,94,90,4,80,10,3.10,-,90,3,51,29
5227,16836,903,470,433,415,55,2.36,1.75,470,3,169,246
5228,16837,45,45,0,45,0,2.24,-,45,0,27,18
5229,16838,925,749,176,575,174,2.29,3.21,749,17,247,328
5230,16839,159,153,6,131,22,2.88,5.82,153,0,81,50
5231,16840,129,129,0,119,10,3.17,-,129,15,85,34
5232,16841,2988,2450,538,2076,374,2.73,2.77,2450,234,1164,912
5233,16843,326,243,83,201,42,2.36,1.95,243,9,92,109
5234,16844,1096,939,157,850,89,2.74,2.12,939,24,438,412
5235,16845,429,303,126,286,17,2.68,1.88,303,5,135,151
5236,16847,109,95,14,72,23,2.22,10.00,95,0,57,15
5237,16848,109,98,11,74,24,2.07,2.42,98,6,29,45
5238,16849,83,68,15,68,0,1.59,-,68,0,28,40
5239,16851,661,567,94,402,165,2.09,2.38,567,0,306,96
5240,16852,123,115,8,92,23,2.83,1.17,115,15,32,60
5241,16853,187,143,44,88,55,2.07,2.65,143,17,41,47
5242,16854,354,307,47,241,66,2.29,1.47,307,8,102,139
5243,16855,69,38,31,27,11,-,4.18,38,13,0,27
5244,16856,34,34,0,34,0,2.03,-,34,0,16,18
5245,16858,1863,1561,302,1267,294,2.46,2.30,1561,95,622,645
5246,16859,252,200,52,186,14,2.38,1.71,200,23,84,102
5247,16860,231,231,0,231,0,1.33,-,231,0,186,45
5248,16861,211,146,65,143,3,1.85,1.67,146,11,21,122
5249,16863,275,234,41,194,40,2.23,2.68,234,21,97,97
5250,16864,73,54,19,46,8,2.07,1.50,54,6,15,31
5251,16865,588,579,9,491,88,2.29,2.10,579,16,242,249
5252,16866,4216,3588,628,2423,1165,2.49,1.60,3588,532,1212,1211
5253,16868,588,520,68,520,0,2.06,-,520,0,290,230
5254,16870,2819,2701,118,2347,354,2.94,2.33,2701,55,1603,744
5255,16871,151,30,121,24,6,2.25,1.33,30,0,3,21
5256,16872,579,396,183,312,84,3.39,4.11,396,107,140,172
5257,16874,617,501,116,433,68,2.66,2.22,501,31,217,216
5258,16875,1801,1480,321,1271,209,2.68,2.06,1480,88,753,518
5259,16876,111,102,9,83,19,2.12,3.68,102,8,34,49
5260,16877,768,735,33,616,119,2.54,3.39,735,18,364,252
5261,16878,798,732,66,643,89,2.42,2.97,732,23,296,347
5262,16879,217,156,61,125,31,2.26,2.94,156,3,14,111
5263,16881,1077,1009,68,854,155,2.31,2.75,1009,11,266,588
5264,16882,303,182,121,159,23,2.70,3.96,182,4,82,77
5265,16901,5581,4413,1168,3377,1036,2.42,2.08,4413,270,1485,1892
5266,16910,41,34,7,32,2,2.28,2.00,34,8,13,19
5267,16911,123,87,36,79,8,3.14,1.50,87,3,47,32
5268,16912,1075,856,219,605,251,2.89,3.08,856,54,350,255
5269,16914,1094,911,183,811,100,2.52,3.49,911,47,354,457
5270,16915,3568,2303,1265,1707,596,2.56,2.19,2303,206,821,886
5271,16917,707,474,233,369,105,2.38,1.88,474,17,181,188
5272,16920,857,727,130,509,218,2.73,2.12,727,79,274,235
5273,16921,669,258,411,236,22,2.22,2.09,258,3,72,164
5274,16922,1977,759,1218,535,224,2.17,2.58,759,75,229,306
5275,16923,802,525,277,467,58,2.54,2.50,525,5,160,307
5276,16925,1500,1223,277,1067,156,2.66,3.10,1223,69,531,536
5277,16926,463,386,77,305,81,2.51,3.51,386,8,153,152
5278,16927,245,198,47,173,25,2.61,1.92,198,7,64,109
5279,16928,655,546,109,409,137,2.77,2.48,546,16,157,252
5280,16929,1090,933,157,720,213,2.49,2.93,933,37,356,364
5281,16930,652,451,201,370,81,2.60,2.51,451,15,170,200
5282,16932,354,306,48,220,86,2.78,1.62,306,50,124,96
5283,16933,3135,2609,526,1637,972,2.51,2.17,2609,227,762,875
5284,16935,660,471,189,374,97,2.32,2.85,471,13,174,200
5285,16936,1028,893,135,689,204,2.53,2.13,893,36,268,421
5286,16937,98,47,51,47,0,2.57,-,47,6,26,21
5287,16938,855,340,515,316,24,2.15,2.67,340,61,151,165
5288,16939,137,120,17,101,19,4.19,3.00,120,0,37,64
5289,16940,24,24,0,13,11,3.46,-,24,0,2,11
5290,16941,43,32,11,30,2,3.53,2.00,32,0,14,16
5291,16942,372,300,72,245,55,2.77,2.67,300,3,105,140
5292,16943,370,181,189,140,41,2.26,2.20,181,0,47,93
5293,16946,1273,1054,219,848,206,2.39,2.23,1054,60,340,508
5294,16947,2181,1654,527,1193,461,2.45,2.39,1654,89,488,705
5295,16948,1145,587,558,463,124,3.23,2.15,587,64,251,212
5296,16950,1909,1293,616,1029,264,2.64,2.21,1293,80,420,609
5297,17002,218,174,44,132,42,3.18,3.07,174,61,86,46
5298,17003,4450,4231,219,3306,925,2.68,1.91,4231,136,2064,1242
5299,17004,1793,1616,177,1160,456,3.47,2.21,1616,412,580,580
5300,17005,155,129,26,110,19,2.21,2.47,129,0,48,62
5301,17006,557,312,245,238,74,3.32,2.96,312,28,123,115
5302,17007,2126,2107,19,1720,387,3.09,1.68,2107,89,1040,680
5303,17009,915,791,124,577,214,2.31,1.96,791,39,329,248
5304,17010,99,99,0,17,82,3.18,4.99,99,0,0,17
5305,17011,14386,13698,688,9200,4498,2.65,2.05,13698,650,6194,3006
5306,17013,15055,14156,899,8786,5370,2.44,2.01,14156,1056,5478,3308
5307,17014,64,64,0,56,8,2.95,1.88,64,0,17,39
5308,17015,9795,9405,390,7823,1582,2.71,2.02,9405,164,4311,3512
5309,17016,435,371,64,128,243,3.73,1.82,371,21,128,0
5310,17017,756,643,113,545,98,2.37,2.00,643,40,197,348
5311,17018,2007,1810,197,1545,265,2.34,1.83,1810,62,804,741
5312,17019,7663,7323,340,6080,1243,2.66,2.27,7323,216,3772,2308
5313,17020,3781,3484,297,2770,714,2.51,2.08,3484,94,1642,1128
5314,17021,719,452,267,348,104,2.31,1.71,452,9,99,249
5315,17022,12332,12089,243,8049,4040,2.67,1.83,12089,833,5259,2790
5316,17023,1371,1266,105,948,318,2.73,2.32,1266,57,548,400
5317,17024,773,722,51,629,93,2.91,1.83,722,74,367,262
5318,17025,7486,7199,287,5194,2005,2.47,1.89,7199,237,3676,1518
5319,17026,1396,1298,98,1185,113,2.73,3.18,1298,0,702,483
5320,17027,216,216,0,214,2,2.41,1.50,216,0,190,24
5321,17028,1478,1386,92,1235,151,2.43,2.17,1386,28,558,677
5322,17029,94,94,0,84,10,2.45,1.90,94,0,14,70
5323,17030,317,293,24,128,165,3.54,1.17,293,53,50,78
5324,17032,3363,3094,269,2635,459,2.53,2.03,3094,88,1523,1112
5325,17033,6704,6314,390,3475,2839,2.58,2.14,6314,328,2241,1234
5326,17034,1297,1239,58,626,613,2.28,2.06,1239,156,394,232
5327,17035,442,341,101,293,48,2.35,2.17,341,16,70,223
5328,17036,9353,9024,329,6481,2543,2.61,1.92,9024,166,4282,2199
5329,17037,503,296,207,210,86,3.01,3.59,296,52,137,73
5330,17038,3432,3343,89,2499,844,2.68,2.01,3343,149,1574,925
5331,17039,43,43,0,43,0,1.65,-,43,0,31,12
5332,17040,986,884,102,696,188,2.68,2.64,884,35,336,360
5333,17041,68,68,0,68,0,3.01,-,68,0,35,33
5334,17042,16538,15485,1053,10609,4876,2.48,2.40,15485,1151,6437,4172
5335,17043,3126,2904,222,1652,1252,2.35,1.54,2904,169,1212,440
5336,17044,9821,8849,972,5632,3217,2.44,1.94,8849,788,2962,2670
5337,17045,1503,1337,166,1069,268,2.78,2.38,1337,55,637,432
5338,17046,13172,11973,1199,7422,4551,2.67,2.55,11973,1166,4242,3180
5339,17047,1065,915,150,693,222,3.26,2.74,915,71,418,275
5340,17048,1721,1458,263,1119,339,2.71,2.15,1458,146,615,504
5341,17049,1181,1042,139,779,263,3.42,1.42,1042,139,465,314
5342,17050,17016,16241,775,12565,3676,2.67,2.22,16241,860,8638,3927
5343,17051,2418,1931,487,1590,341,2.46,2.82,1931,77,767,823
5344,17052,804,551,253,470,81,2.64,3.17,551,54,233,237
5345,17053,2221,2193,28,1782,411,2.34,2.25,2193,56,1170,612
5346,17054,85,77,8,63,14,2.32,2.29,77,0,19,44
5347,17055,18085,17310,775,12348,4962,2.38,1.82,17310,867,7663,4685
5348,17056,13,13,0,8,5,-,5.40,13,13,0,8
5349,17057,10500,9726,774,6781,2945,2.37,2.29,9726,664,4167,2614
5350,17058,802,578,224,325,253,2.90,2.34,578,49,172,153
5351,17059,3386,3016,370,2203,813,2.76,2.07,3016,287,1160,1043
5352,17060,441,360,81,288,72,3.06,2.21,360,25,123,165
5353,17061,3288,2852,436,2125,727,2.55,1.98,2852,332,1167,958
5354,17062,1724,1481,243,1305,176,2.80,2.79,1481,42,775,530
5355,17063,1815,1327,488,1087,240,2.49,2.30,1327,132,559,528
5356,17064,590,326,264,317,9,3.04,1.56,326,0,147,170
5357,17065,1710,1552,158,1263,289,2.24,2.67,1552,55,758,505
5358,17066,2576,1998,578,1362,636,2.48,2.49,1998,215,710,652
5359,17067,6254,6007,247,4687,1320,2.74,2.19,6007,449,2592,2095
5360,17068,1688,1581,107,1306,275,2.54,2.44,1581,67,716,590
5361,17069,138,129,9,85,44,2.91,1.61,129,15,44,41
5362,17070,7715,7393,322,5681,1712,2.38,1.93,7393,224,3944,1737
5363,17071,139,50,89,41,9,2.51,2.33,50,5,16,25
5364,17073,2104,2003,101,1723,280,2.87,2.28,2003,57,1205,518
5365,17074,3240,2913,327,2205,708,2.58,2.26,2913,159,1404,801
5366,17075,71,62,9,45,17,2.42,2.53,62,1,33,12
5367,17076,37,37,0,37,0,3.62,-,37,0,37,0
5368,17077,40,31,9,0,31,-,1.35,31,0,0,0
5369,17078,9667,9087,580,6193,2894,2.58,2.34,9087,400,3933,2260
5370,17080,119,109,10,95,14,2.95,1.93,109,5,55,40
5371,17081,192,172,20,153,19,1.69,-,172,0,49,104
5372,17082,1302,1051,251,780,271,2.88,2.69,1051,44,401,379
5373,17084,1916,1775,141,1498,277,2.88,1.61,1775,173,742,756
5374,17086,963,782,181,558,224,2.91,2.00,782,40,282,276
5375,17087,915,864,51,730,134,2.98,2.83,864,20,513,217
5376,17088,322,263,59,199,64,2.86,1.53,263,32,149,50
5377,17090,2447,2326,121,2004,322,2.35,2.35,2326,197,1426,578
5378,17093,421,399,22,348,51,2.48,4.33,399,0,309,39
5379,17094,1116,920,196,687,233,2.84,2.21,920,56,323,364
5380,17097,431,329,102,286,43,2.33,2.91,329,21,154,132
5381,17098,1136,987,149,708,279,2.19,2.95,987,94,373,335
5382,17099,568,568,0,424,144,2.01,2.30,568,0,367,57
5383,17101,1962,1681,281,90,1591,1.37,1.16,1681,842,52,38
5384,17102,5126,4381,745,1438,2943,1.89,1.55,4381,919,988,450
5385,17103,5527,4787,740,1746,3041,2.89,2.70,4787,1070,1092,654
5386,17104,9009,7446,1563,2748,4698,2.14,2.98,7446,1569,1865,883
5387,17109,11459,10797,662,5995,4802,2.41,2.26,10797,977,4028,1967
5388,17110,12082,10897,1185,6918,3979,2.39,2.26,10897,971,4783,2135
5389,17111,15033,14471,562,9715,4756,2.69,1.99,14471,783,6912,2803
5390,17112,16132,15384,748,12802,2582,2.50,1.93,15384,496,8438,4364
5391,17113,4601,4086,515,2639,1447,2.68,2.55,4086,584,1508,1131
5392,17120,0,0,0,0,0,-,-,0,0,0,0
5393,17201,12843,12214,629,5857,6357,2.37,2.06,12214,1063,3315,2542
5394,17202,12490,11864,626,9746,2118,2.68,2.43,11864,377,6467,3279
5395,17210,83,83,0,64,19,2.28,2.42,83,0,27,37
5396,17211,298,187,111,165,22,2.46,2.23,187,8,64,101
5397,17212,243,211,32,196,15,2.52,2.53,211,17,108,88
5398,17213,373,245,128,210,35,2.66,2.14,245,8,76,134
5399,17214,602,505,97,264,241,2.13,1.22,505,28,117,147
5400,17215,95,66,29,60,6,2.98,1.67,66,3,42,18
5401,17217,42,42,0,37,5,2.86,3.00,42,0,16,21
5402,17219,335,246,89,228,18,1.98,1.89,246,8,79,149
5403,17220,170,162,8,130,32,2.38,3.13,162,11,59,71
5404,17221,214,201,13,167,34,2.47,2.24,201,3,114,53
5405,17222,4981,4493,488,3583,910,2.30,2.19,4493,124,2083,1500
5406,17223,180,130,50,82,48,2.65,1.46,130,5,29,53
5407,17224,1090,857,233,756,101,1.98,2.00,857,23,604,152
5408,17225,8288,7927,361,6335,1592,2.62,3.00,7927,261,3900,2435
5409,17228,499,411,88,319,92,2.38,3.51,411,38,164,155
5410,17229,693,548,145,469,79,2.31,2.03,548,35,215,254
5411,17232,25,25,0,17,8,1.59,2.00,25,0,9,8
5412,17233,2661,2294,367,1662,632,2.36,2.26,2294,192,780,882
5413,17235,252,252,0,120,132,2.00,4.50,252,40,43,77
5414,17236,3437,3022,415,2425,597,2.70,2.26,3022,122,1417,1008
5415,17237,657,633,24,474,159,2.51,2.25,633,8,335,139
5416,17238,813,740,73,547,193,2.68,2.38,740,15,243,304
5417,17239,113,65,48,49,16,2.31,3.94,65,8,14,35
5418,17240,1380,1335,45,1106,229,2.91,2.33,1335,195,685,421
5419,17241,4672,4342,330,3358,984,2.60,2.41,4342,225,2088,1270
5420,17243,832,514,318,366,148,2.63,1.61,514,60,185,181
5421,17244,865,794,71,647,147,2.78,1.87,794,82,281,366
5422,17246,193,193,0,193,0,3.02,-,193,0,136,57
5423,17247,202,202,0,40,162,1.25,1.42,202,26,0,40
5424,17249,128,118,10,108,10,2.79,3.20,118,0,62,46
5425,17250,71,71,0,35,36,2.11,-,71,0,35,0
5426,17251,31,23,8,19,4,4.16,1.25,23,3,13,6
5427,17252,1453,1400,53,1036,364,3.08,2.26,1400,25,689,347
5428,17253,145,126,19,113,13,2.88,1.85,126,6,51,62
5429,17254,239,203,36,203,0,2.12,-,203,0,57,146
5430,17255,580,450,130,381,69,2.52,2.94,450,9,211,170
5431,17257,12067,11189,878,7464,3725,2.54,2.03,11189,631,4021,3443
5432,17260,525,403,122,321,82,2.57,1.94,403,23,142,179
5433,17261,0,0,0,0,0,-,-,0,0,0,0
5434,17262,398,336,62,255,81,2.64,2.59,336,12,163,92
5435,17263,235,235,0,161,74,3.45,3.22,235,0,103,58
5436,17264,1276,928,348,782,146,2.56,2.20,928,39,381,401
5437,17265,190,162,28,126,36,2.62,2.69,162,5,73,53
5438,17266,170,167,3,119,48,3.18,2.73,167,25,72,47
5439,17267,1289,1080,209,867,213,2.64,2.35,1080,18,486,381
5440,17268,12494,11613,881,8103,3510,2.57,2.24,11613,592,4823,3280
5441,17271,233,192,41,113,79,2.88,1.95,192,3,60,53
5442,17301,1610,1455,155,1287,168,2.78,3.62,1455,7,752,535
5443,17302,1230,1071,159,800,271,2.32,2.67,1071,30,496,304
5444,17303,157,138,19,96,42,2.95,2.67,138,3,49,47
5445,17304,1057,1024,33,755,269,2.82,1.86,1024,6,553,202
5446,17306,188,187,1,162,25,2.91,3.76,187,8,102,60
5447,17307,2481,2277,204,1802,475,2.48,2.52,2277,53,1025,777
5448,17309,779,724,55,595,129,2.81,2.15,724,44,360,235
5449,17311,99,81,18,66,15,2.06,2.13,81,0,33,33
5450,17313,4577,4345,232,2544,1801,2.51,2.48,4345,131,1622,922
5451,17314,2486,2059,427,1708,351,3.04,2.48,2059,206,1326,382
5452,17315,11643,11016,627,9572,1444,2.41,2.42,11016,305,5731,3841
5453,17316,3405,3118,287,2691,427,2.79,2.31,3118,79,1831,860
5454,17317,202,174,28,150,24,2.65,2.38,174,13,116,34
5455,17318,148,148,0,93,55,3.69,2.36,148,0,72,21
5456,17319,4323,4172,151,3687,485,2.77,2.20,4172,172,2678,1009
5457,17320,3489,3122,367,2746,376,2.60,2.63,3122,159,2044,702
5458,17321,935,875,60,775,100,2.56,2.83,875,15,487,288
5459,17322,2523,2364,159,2208,156,2.45,3.40,2364,104,1664,544
5460,17323,45,45,0,18,27,2.44,2.07,45,0,8,10
5461,17324,1901,1610,291,1326,284,2.34,2.57,1610,183,552,774
5462,17325,11624,10826,798,7931,2895,2.42,2.10,10826,475,4328,3603
5463,17327,3295,3145,150,2403,742,2.58,2.56,3145,63,1515,888
5464,17329,1046,999,47,961,38,2.98,2.92,999,0,724,237
5465,17331,22817,21623,1194,16440,5183,2.56,2.25,21623,1119,10665,5775
5466,17339,2711,2627,84,2181,446,2.48,1.83,2627,47,1379,802
5467,17340,4562,4304,258,3417,887,2.56,2.88,4304,151,2495,922
5468,17342,188,178,10,122,56,3.13,3.93,178,0,92,30
5469,17343,155,95,60,95,0,1.31,-,95,0,64,31
5470,17344,1547,1485,62,858,627,2.58,2.22,1485,131,581,277
5471,17345,3681,3470,211,2601,869,2.43,1.83,3470,150,1775,826
5472,17347,2689,2557,132,2282,275,2.54,2.69,2557,51,1401,881
5473,17349,2964,2935,29,2704,231,2.77,1.75,2935,70,1655,1049
5474,17350,5523,5256,267,3812,1444,2.68,1.99,5256,316,2163,1649
5475,17352,549,549,0,472,77,2.86,3.21,549,0,370,102
5476,17353,1369,1121,248,895,226,2.46,2.95,1121,155,719,176
5477,17355,171,156,15,77,79,2.35,1.95,156,2,37,40
5478,17356,9456,9080,376,6554,2526,2.57,2.37,9080,336,4169,2385
5479,17360,2423,2259,164,1974,285,2.59,3.06,2259,13,1279,695
5480,17361,2500,2463,37,1858,605,2.68,1.98,2463,293,1008,850
5481,17362,5529,5407,122,4490,917,2.68,2.37,5407,66,2904,1586
5482,17363,3388,3319,69,2855,464,2.67,1.76,3319,104,1861,994
5483,17364,1630,1482,148,1171,311,2.52,2.82,1482,125,706,465
5484,17365,1201,1094,107,975,119,2.54,1.45,1094,31,444,531
5485,17366,2578,2344,234,1939,405,2.58,2.66,2344,72,1252,687
5486,17368,2848,2471,377,2031,440,2.61,2.20,2471,139,1184,847
5487,17370,2435,2365,70,2096,269,2.60,2.44,2365,38,1439,657
5488,17371,143,138,5,128,10,2.29,3.00,138,0,111,17
5489,17372,1582,1502,80,1190,312,2.49,2.89,1502,29,797,393
5490,17401,8129,7286,843,2166,5120,2.02,2.64,7286,2076,1126,1040
5491,17402,13978,13607,371,9651,3956,2.70,2.26,13607,616,5986,3665
5492,17403,16114,14963,1151,9482,5481,2.53,2.35,14963,1685,5989,3493
5493,17404,15580,14699,881,10543,4156,2.58,2.47,14699,1064,7103,3440
5494,17406,9614,9271,343,7391,1880,2.55,2.42,9271,174,4625,2766
5495,17407,923,877,46,722,155,3.10,3.28,877,8,533,189
5496,17408,9953,9665,288,7010,2655,2.58,1.95,9665,415,4460,2550
5497,17501,1994,1895,99,1109,786,2.66,2.14,1895,64,757,352
5498,17502,1088,1058,30,936,122,2.39,2.66,1058,45,536,400
5499,17504,39,39,0,39,0,3.33,-,39,0,39,0
5500,17505,493,427,66,266,161,3.46,3.86,427,156,167,99
5501,17506,125,125,0,72,53,3.17,3.17,125,0,72,0
5502,17507,58,58,0,12,46,-,2.09,58,0,12,0
5503,17508,282,282,0,260,22,3.27,3.27,282,0,118,142
5504,17509,1451,1359,92,975,384,3.79,2.86,1359,453,616,359
5505,17512,8121,7572,549,4807,2765,2.55,2.06,7572,1032,3362,1445
5506,17516,2049,1965,84,1747,218,2.56,1.94,1965,40,1058,689
5507,17517,5706,5464,242,4447,1017,2.93,2.74,5464,155,2695,1752
5508,17518,523,495,28,339,156,3.10,4.04,495,122,134,205
5509,17519,2453,2384,69,1659,725,2.75,2.47,2384,378,865,794
5510,17520,2041,2041,0,1652,389,2.29,3.30,2041,95,1076,576
5511,17522,13743,13425,318,8519,4906,2.67,2.17,13425,1210,4876,3643
5512,17527,2044,1968,76,1551,417,3.15,3.39,1968,425,893,658
5513,17529,1392,1296,96,900,396,3.53,3.75,1296,381,363,537
5514,17532,1288,1227,61,1064,163,2.76,2.38,1227,191,693,371
5515,17534,76,49,27,21,28,1.95,-,49,21,0,21
5516,17535,767,737,30,500,237,4.45,3.79,737,284,362,138
5517,17536,1121,1078,43,946,132,3.20,3.92,1078,432,678,268
5518,17538,3169,3116,53,2654,462,2.52,1.84,3116,130,1662,992
5519,17540,3795,3688,107,2382,1306,3.27,2.82,3688,630,1380,1002
5520,17543,18570,17898,672,13255,4643,2.72,1.96,17898,1277,8556,4699
5521,17545,8928,8802,126,7227,1575,2.59,2.10,8802,410,4213,3014
5522,17547,3402,3265,137,2435,830,2.69,2.19,3265,154,1779,656
5523,17550,197,197,0,110,87,2.63,1.87,197,0,71,39
5524,17551,4116,3953,163,2117,1836,2.56,2.22,3953,256,1304,813
5525,17552,8568,8468,100,6027,2441,2.33,2.27,8468,390,3903,2124
5526,17554,3061,2993,68,2168,825,2.48,2.40,2993,106,1537,631
5527,17555,2027,2027,0,1612,415,3.33,3.03,2027,486,942,670
5528,17557,5614,5405,209,3957,1448,2.98,2.38,5405,1018,2345,1612
5529,17560,1905,1905,0,1490,415,2.71,2.78,1905,164,930,560
5530,17562,1316,1293,23,879,414,3.60,3.28,1293,505,641,238
5531,17563,1179,1098,81,803,295,3.25,4.81,1098,219,404,399
5532,17565,888,819,69,784,35,2.90,3.23,819,37,496,288
5533,17566,4465,4284,181,3042,1242,3.00,2.53,4284,765,2021,1021
5534,17568,39,39,0,0,39,-,5.13,39,0,0,0
5535,17569,2589,2428,161,2217,211,3.06,2.24,2428,61,1417,800
5536,17570,101,101,0,101,0,2.98,-,101,21,46,55
5537,17572,1374,1274,100,899,375,3.38,1.86,1274,402,386,513
5538,17576,0,0,0,0,0,-,-,0,0,0,0
5539,17578,2520,2380,140,1966,414,3.06,2.84,2380,141,1331,635
5540,17579,2172,2152,20,1706,446,2.83,3.80,2152,203,978,728
5541,17581,54,42,12,26,16,1.96,1.44,42,26,0,26
5542,17582,693,681,12,634,47,2.50,1.17,681,16,342,292
5543,17584,4645,4287,358,2608,1679,2.84,2.17,4287,100,1738,870
5544,17601,23327,22670,657,17053,5617,2.57,2.06,22670,773,10558,6495
5545,17602,19464,18345,1119,10584,7761,2.73,2.43,18345,2239,6966,3618
5546,17603,28010,26716,1294,16374,10342,2.57,2.27,26716,2436,10193,6181
5547,17606,148,148,0,13,135,-,-,148,78,0,13
5548,17701,20418,17634,2784,9634,8000,2.31,2.13,17634,2607,5890,3744
5549,17702,4637,4258,379,3115,1143,2.55,2.22,4258,216,1882,1233
5550,17720,149,136,13,124,12,1.90,1.83,136,14,30,94
5551,17721,795,716,79,556,160,2.40,1.86,716,82,290,266
5552,17723,157,33,124,24,9,1.92,3.11,33,0,11,13
5553,17724,2237,1857,380,1233,624,2.55,2.45,1857,215,586,647
5554,17727,126,16,110,16,0,1.38,-,16,0,1,15
5555,17728,2145,2001,144,1698,303,2.37,2.14,2001,69,887,811
5556,17729,614,52,562,43,9,1.74,3.33,52,0,11,32
5557,17730,112,51,61,11,40,-,-,51,40,11,0
5558,17731,443,89,354,81,8,1.83,3.00,89,5,46,35
5559,17737,2964,2736,228,2051,685,2.53,2.09,2736,164,1136,915
5560,17739,82,19,63,18,1,1.44,-,19,1,7,11
5561,17740,5376,4575,801,3727,848,2.65,2.24,4575,320,2138,1589
5562,17742,30,24,6,14,10,1.79,3.30,24,0,7,7
5563,17744,1240,1129,111,923,206,2.46,2.25,1129,17,520,403
5564,17745,8432,7037,1395,4153,2884,2.42,2.21,7037,609,2440,1713
5565,17747,1285,1010,275,793,217,3.61,2.82,1010,237,479,314
5566,17748,84,63,21,61,2,1.95,-,63,3,22,39
5567,17749,135,126,9,72,54,2.93,1.96,126,2,55,17
5568,17750,48,29,19,0,29,-,3.69,29,25,0,0
5569,17751,3143,2727,416,2271,456,2.70,2.39,2727,234,1219,1052
5570,17752,1918,1739,179,1347,392,2.68,2.68,1739,75,813,534
5571,17754,5279,4976,303,3811,1165,2.50,2.01,4976,157,2084,1727
5572,17756,4696,4333,363,3498,835,2.55,2.41,4333,124,1922,1576
5573,17758,789,423,366,399,24,2.43,2.63,423,11,187,212
5574,17760,548,241,307,234,7,2.45,4.86,241,6,113,121
5575,17762,272,242,30,220,22,1.83,3.50,242,4,182,38
5576,17763,209,138,71,102,36,2.32,1.56,138,2,43,59
5577,17764,1936,1077,859,735,342,2.28,1.83,1077,156,348,387
5578,17765,652,406,246,353,53,2.91,2.45,406,15,181,172
5579,17768,514,142,372,129,13,2.66,2.46,142,1,47,82
5580,17769,175,20,155,20,0,1.80,-,20,0,14,6
5581,17771,1678,1234,444,1102,132,2.50,2.59,1234,30,575,527
5582,17772,1107,963,144,845,118,2.53,2.05,963,51,467,378
5583,17774,499,429,70,343,86,2.55,3.05,429,12,177,166
5584,17776,334,96,238,95,1,1.88,2.00,96,1,48,47
5585,17777,2785,2652,133,2021,631,2.74,1.91,2652,196,1027,994
5586,17778,276,47,229,37,10,3.54,1.20,47,2,17,20
5587,17779,39,18,21,18,0,1.67,-,18,0,10,8
5588,17801,7261,6588,673,4249,2339,2.53,2.19,6588,758,2487,1762
5589,17810,731,644,87,530,114,3.22,3.45,644,110,318,212
5590,17812,756,612,144,440,172,2.59,2.83,612,16,234,206
5591,17813,890,728,162,567,161,2.78,2.80,728,22,305,262
5592,17814,2661,1843,818,1556,287,2.62,2.18,1843,75,702,854
5593,17815,12464,11058,1406,6914,4144,2.47,2.04,11058,506,3827,3087
5594,17820,2558,2140,418,1691,449,2.55,2.24,2140,108,828,863
5595,17821,8202,7674,528,5262,2412,2.53,1.92,7674,859,2862,2400
5596,17822,5,5,0,5,0,3.40,-,5,0,0,5
5597,17823,512,464,48,390,74,2.77,2.80,464,52,211,179
5598,17824,1829,1553,276,1400,153,2.44,2.02,1553,116,680,720
5599,17827,346,316,30,269,47,2.67,3.32,316,8,122,147
5600,17829,92,92,0,80,12,2.88,2.83,92,12,50,30
5601,17830,1024,800,224,676,124,2.52,2.46,800,21,353,323
5602,17832,382,303,79,236,67,2.24,1.76,303,33,85,151
5603,17834,1689,1488,201,1204,284,2.33,2.04,1488,133,557,647
5604,17835,21,21,0,21,0,5.05,-,21,0,21,0
5605,17836,73,66,7,47,19,3.49,2.11,66,7,27,20
5606,17837,7230,6299,931,4223,2076,2.38,1.84,6299,637,2030,2193
5607,17840,183,174,9,152,22,2.49,1.27,174,8,69,83
5608,17841,1879,1663,216,1403,260,2.63,2.97,1663,86,605,798
5609,17842,3534,3259,275,2572,687,2.58,2.52,3259,116,1400,1172
5610,17844,4377,3801,576,2668,1133,2.90,2.11,3801,327,1524,1144
5611,17845,1018,642,376,513,129,2.96,2.71,642,44,250,263
5612,17846,1653,1474,179,1156,318,2.64,2.19,1474,133,584,572
5613,17847,5359,4853,506,3081,1772,2.52,2.10,4853,440,1542,1539
5614,17850,288,267,21,169,98,1.80,3.20,267,17,40,129
5615,17851,4266,3343,923,2345,998,2.20,2.13,3343,424,1024,1321
5616,17853,1180,1075,105,860,215,3.08,2.40,1075,63,432,428
5617,17855,317,284,33,227,57,2.83,3.09,284,5,146,81
5618,17856,1346,1244,102,1047,197,2.07,2.73,1244,34,618,429
5619,17857,3692,3273,419,2503,770,2.30,2.30,3273,80,1338,1165
5620,17858,31,31,0,31,0,2.61,-,31,0,19,12
5621,17859,1269,1084,185,951,133,2.44,2.20,1084,50,418,533
5622,17860,1108,1031,77,965,66,2.55,2.53,1031,47,584,381
5623,17861,89,83,6,78,5,2.78,-,83,5,47,31
5624,17862,181,135,46,59,76,2.76,2.75,135,0,21,38
5625,17864,740,674,66,557,117,3.20,3.59,674,172,277,280
5626,17865,26,23,3,13,10,1.62,-,23,0,8,5
5627,17866,3847,3386,461,2646,740,2.14,2.09,3386,302,1189,1457
5628,17867,65,63,2,59,4,2.27,8.50,63,4,25,34
5629,17868,443,429,14,387,42,2.36,2.19,429,22,182,205
5630,17870,5800,5295,505,3739,1556,2.58,1.77,5295,339,2001,1738
5631,17872,5620,3964,1656,2458,1506,2.28,2.41,3964,811,916,1542
5632,17876,758,718,40,468,250,2.53,2.50,718,26,286,182
5633,17878,672,551,121,495,56,2.42,3.32,551,5,264,231
5634,17880,36,36,0,0,36,-,3.31,36,7,0,0
5635,17881,744,600,144,475,125,2.40,2.54,600,23,256,219
5636,17884,124,64,60,19,45,1.84,2.60,64,4,7,12
5637,17885,305,105,200,95,10,2.57,1.20,105,0,53,42
5638,17886,382,382,0,184,198,2.71,4.14,382,27,97,87
5639,17887,222,222,0,222,0,2.80,-,222,77,67,155
5640,17888,240,195,45,179,16,2.42,3.50,195,0,109,70
5641,17889,1079,963,116,831,132,3.01,2.59,963,61,453,378
5642,17901,11190,9608,1582,6662,2946,2.35,2.15,9608,1234,3564,3098
5643,17920,164,132,32,127,5,1.97,-,132,3,39,88
5644,17921,2950,2419,531,1916,503,2.22,2.29,2419,294,824,1092
5645,17922,2126,1878,248,1774,104,2.72,2.16,1878,21,1187,587
5646,17923,231,193,38,120,73,1.93,1.25,193,5,61,59
5647,17925,161,128,33,112,16,2.46,2.75,128,7,58,54
5648,17929,561,526,35,373,153,2.37,2.31,526,19,212,161
5649,17930,178,137,41,92,45,2.28,1.58,137,2,36,56
5650,17931,2422,1951,471,1565,386,2.63,2.37,1951,132,743,822
5651,17933,107,107,0,69,38,1.87,1.61,107,0,0,69
5652,17934,184,94,90,90,4,2.29,-,94,4,11,79
5653,17935,1000,710,290,553,157,2.21,2.26,710,90,87,466
5654,17936,503,377,126,290,87,3.30,1.48,377,22,162,128
5655,17938,1179,1075,104,843,232,2.27,2.88,1075,42,363,480
5656,17941,322,274,48,229,45,2.82,2.31,274,15,126,103
5657,17943,13,13,0,13,0,2.15,-,13,0,13,0
5658,17944,102,83,19,76,7,2.07,1.71,83,0,46,30
5659,17945,170,156,14,126,30,1.49,2.17,156,11,51,75
5660,17946,169,127,42,100,27,1.96,3.11,127,0,40,60
5661,17948,2556,1686,870,988,698,2.22,2.87,1686,283,311,677
5662,17949,215,97,118,63,34,2.10,2.18,97,7,19,44
5663,17951,141,141,0,141,0,2.40,-,141,0,123,18
5664,17952,143,100,43,94,6,2.17,1.50,100,11,50,44
5665,17953,205,156,49,121,35,2.23,1.86,156,17,69,52
5666,17954,2431,2003,428,1154,849,2.37,2.13,2003,354,598,556
5667,17957,155,140,15,136,4,2.86,-,140,0,92,44
5668,17959,756,570,186,448,122,2.71,1.69,570,50,198,250
5669,17960,2004,1839,165,1532,307,2.58,1.84,1839,21,883,649
5670,17961,3082,2866,216,2229,637,2.55,1.34,2866,63,1487,742
5671,17963,4212,3683,529,3015,668,2.56,2.14,3683,110,1423,1592
5672,17964,332,278,54,229,49,2.79,2.78,278,9,101,128
5673,17965,944,829,115,671,158,2.33,1.85,829,63,251,420
5674,17967,1050,906,144,782,124,2.55,2.32,906,28,408,374
5675,17968,90,76,14,60,16,3.18,3.50,76,7,34,26
5676,17970,1780,1365,415,1092,273,2.36,2.19,1365,105,440,652
5677,17972,5251,4760,491,3489,1271,2.52,1.96,4760,364,1678,1811
5678,17974,125,110,15,80,30,2.91,3.67,110,0,57,23
5679,17976,3503,2438,1065,1909,529,2.48,2.57,2438,235,512,1397
5680,17978,232,220,12,143,77,3.25,3.42,220,60,82,61
5681,17979,24,24,0,24,0,2.54,-,24,0,24,0
5682,17980,1396,1173,223,934,239,2.48,2.60,1173,37,514,420
5683,17981,1121,987,134,783,204,2.56,2.30,987,56,400,383
5684,17982,222,200,22,180,20,2.05,1.80,200,17,49,131
5685,17983,625,559,66,417,142,2.59,2.27,559,46,281,136
5686,17985,669,557,112,474,83,2.63,1.66,557,11,271,203
5687,18011,2120,1983,137,1716,267,2.89,2.81,1983,26,1136,580
5688,18012,0,0,0,0,0,-,-,0,0,0,0
5689,18013,7384,6797,587,5078,1719,2.64,2.68,6797,378,3129,1949
5690,18014,4833,4446,387,3786,660,2.74,2.53,4446,117,2152,1634
5691,18015,12650,11686,964,5697,5989,2.48,2.45,11686,1779,3356,2341
5692,18017,16598,16169,429,11017,5152,2.60,2.09,16169,1362,6583,4434
5693,18018,14253,13394,859,6971,6423,2.42,2.02,13394,1220,4250,2721
5694,18020,8199,7906,293,6877,1029,2.62,2.56,7906,315,4322,2555
5695,18030,261,243,18,129,114,2.35,2.16,243,12,101,28
5696,18031,4249,4078,171,3021,1057,2.99,2.65,4078,27,2158,863
5697,18032,4099,3933,166,2875,1058,2.58,1.94,3933,167,2154,721
5698,18034,3211,3066,145,2802,264,2.75,2.49,3066,51,1897,905
5699,18035,14,14,0,14,0,2.71,-,14,0,8,6
5700,18036,5920,5689,231,4976,713,2.54,2.05,5689,103,3181,1795
5701,18037,3115,3083,32,2497,586,2.37,2.30,3083,80,1450,1047
5702,18038,1391,1391,0,1323,68,2.51,1.60,1391,162,726,597
5703,18040,6735,6428,307,5804,624,2.64,2.74,6428,92,4021,1783
5704,18041,2224,2146,78,1577,569,2.57,3.04,2146,18,1226,351
5705,18042,17423,15971,1452,8861,7110,2.69,2.30,15971,1784,5873,2988
5706,18045,12149,11617,532,9398,2219,2.62,1.87,11617,410,6419,2979
5707,18046,55,55,0,55,0,2.58,-,55,0,55,0
5708,18049,7533,7215,318,5291,1924,2.73,1.90,7215,288,3508,1783
5709,18051,1298,1239,59,1096,143,2.58,1.90,1239,0,813,283
5710,18052,12263,11892,371,7615,4277,2.56,2.21,11892,596,5087,2528
5711,18053,979,948,31,754,194,2.83,2.18,948,6,473,281
5712,18054,1827,1701,126,1368,333,3.14,2.52,1701,76,892,476
5713,18055,4849,4616,233,3545,1071,2.69,2.00,4616,334,2379,1166
5714,18056,454,416,38,303,113,2.15,8.02,416,16,104,199
5715,18058,4573,3593,980,3017,576,2.84,2.56,3593,160,1793,1224
5716,18059,413,366,47,333,33,2.36,2.12,366,0,161,172
5717,18062,10477,10126,351,7984,2142,2.68,2.36,10126,333,5070,2914
5718,18063,151,126,25,85,41,2.68,1.78,126,0,9,76
5719,18064,10380,10018,362,7792,2226,2.79,1.94,10018,401,5290,2502
5720,18065,163,163,0,158,5,1.41,1.80,163,0,18,140
5721,18066,2322,2199,123,1903,296,2.75,1.75,2199,61,1395,508
5722,18067,8504,7881,623,5922,1959,2.55,2.07,7881,477,3919,2003
5723,18069,3093,2988,105,2551,437,2.75,2.28,2988,45,1225,1326
5724,18070,186,154,32,154,0,2.12,-,154,0,82,72
5725,18071,4887,4563,324,2990,1573,2.50,2.06,4563,343,1816,1174
5726,18072,2764,2679,85,1954,725,2.69,2.24,2679,63,1150,804
5727,18073,4242,4080,162,3622,458,2.64,2.31,4080,46,2545,1077
5728,18074,2294,2155,139,2098,57,2.52,1.37,2155,20,1431,667
5729,18076,1336,1264,72,848,416,2.61,2.04,1264,74,480,368
5730,18077,1000,911,89,676,235,2.63,2.09,911,27,360,316
5731,18078,2824,2801,23,2335,466,2.79,2.23,2801,55,1414,921
5732,18079,201,192,9,182,10,3.24,-,192,0,89,93
5733,18080,4761,4444,317,3569,875,2.60,1.99,4444,179,2156,1413
5734,18081,41,41,0,41,0,3.95,-,41,0,25,16
5735,18083,277,248,29,202,46,2.95,1.70,248,5,150,52
5736,18085,350,336,14,245,91,2.52,2.25,336,3,159,86
5737,18086,241,241,0,200,41,1.78,3.98,241,0,181,19
5738,18087,278,253,25,84,169,3.29,2.74,253,92,51,33
5739,18088,3575,3231,344,2802,429,2.53,2.44,3231,89,1508,1294
5740,18091,2400,2203,197,1511,692,2.73,2.16,2203,80,902,609
5741,18092,1296,1265,31,1115,150,2.76,1.93,1265,28,677,438
5742,18101,2213,1931,282,166,1765,3.17,2.12,1931,506,86,80
5743,18102,19221,17425,1796,5305,12120,2.97,2.96,17425,4458,3580,1725
5744,18103,19912,18745,1167,11639,7106,2.55,2.61,18745,1455,7748,3891
5745,18104,18072,17389,683,12207,5182,2.50,2.29,17389,898,8050,4157
5746,18106,2849,2790,59,2245,545,2.38,2.23,2790,220,1438,807
5747,18109,7461,6966,495,3358,3608,2.35,2.56,6966,632,1982,1376
5748,18195,0,0,0,0,0,-,-,0,0,0,0
5749,18201,12893,11586,1307,5959,5627,2.53,2.83,11586,1872,2699,3260
5750,18202,6115,5071,1044,3514,1557,2.39,2.72,5071,468,1745,1769
5751,18210,5915,2983,2932,2524,459,2.40,2.90,2983,33,1560,964
5752,18211,448,416,32,341,75,2.28,2.81,416,0,147,194
5753,18212,9,9,0,9,0,1.89,-,9,0,4,5
5754,18214,840,766,74,733,33,2.22,1.55,766,24,366,367
5755,18216,526,448,78,320,128,2.54,2.48,448,37,140,180
5756,18218,1073,884,189,684,200,2.49,2.36,884,95,328,356
5757,18219,542,510,32,383,127,2.24,1.44,510,7,174,209
5758,18220,159,134,25,128,6,2.15,-,134,17,41,87
5759,18221,245,149,96,108,41,2.21,4.07,149,0,27,81
5760,18222,3887,3570,317,3302,268,2.61,2.21,3570,74,2001,1301
5761,18223,26,26,0,26,0,2.12,-,26,0,0,26
5762,18224,3039,2711,328,1953,758,2.38,2.25,2711,400,973,980
5763,18225,0,0,0,0,0,-,-,0,0,0,0
5764,18229,4751,3653,1098,3134,519,2.44,2.55,3653,135,1894,1240
5765,18230,55,55,0,55,0,2.73,-,55,0,2,53
5766,18231,235,210,25,146,64,2.47,1.77,210,0,111,35
5767,18232,2226,1722,504,836,886,2.38,2.43,1722,208,304,532
5768,18234,383,335,48,180,155,1.66,-,335,137,53,127
5769,18235,8742,7827,915,5829,1998,2.49,2.31,7827,545,3190,2639
5770,18237,1632,1408,224,996,412,2.71,2.67,1408,201,426,570
5771,18239,66,66,0,42,24,2.02,-,66,0,0,42
5772,18240,1837,1451,386,1045,406,2.56,2.20,1451,86,553,492
5773,18241,262,238,24,175,63,1.78,1.43,238,0,30,145
5774,18242,179,151,28,130,21,2.42,1.43,151,3,106,24
5775,18244,190,132,58,101,31,2.89,2.16,132,6,56,45
5776,18245,169,169,0,152,17,1.72,-,169,15,27,125
5777,18246,110,96,14,51,45,4.06,2.82,96,0,20,31
5778,18248,209,183,26,147,36,2.97,2.31,183,0,56,91
5779,18249,1653,1434,219,1262,172,2.78,1.91,1434,80,774,488
5780,18250,1313,1222,91,923,299,2.20,3.43,1222,57,554,369
5781,18252,5290,4623,667,3254,1369,2.57,2.04,4623,418,1718,1536
5782,18254,377,347,30,236,111,2.54,3.86,347,22,128,108
5783,18255,1795,1589,206,1269,320,2.66,2.09,1589,97,771,498
5784,18256,79,79,0,59,20,2.34,1.70,79,4,5,54
5785,18301,11752,9701,2051,6792,2909,2.96,2.88,9701,472,4830,1962
5786,18302,8156,6036,2120,5172,864,2.84,3.41,6036,392,3229,1943
5787,18321,803,617,186,489,128,2.69,3.36,617,29,316,173
5788,18322,1053,909,144,749,160,3.17,2.09,909,0,454,295
5789,18323,503,58,445,21,37,2.05,-,58,0,21,0
5790,18324,5708,3668,2040,3114,554,2.58,2.79,3668,205,2086,1028
5791,18325,1407,1022,385,802,220,2.69,3.00,1022,7,565,237
5792,18326,2059,1420,639,1116,304,2.99,1.57,1420,42,833,283
5793,18327,330,295,35,163,132,2.54,1.51,295,13,84,79
5794,18328,5041,3041,2000,2690,351,2.48,3.34,3041,122,1962,728
5795,18330,3492,3102,390,2692,410,2.99,2.91,3102,100,2246,446
5796,18331,176,176,0,130,46,2.82,1.24,176,0,92,38
5797,18332,1331,942,389,826,116,3.29,2.22,942,40,657,169
5798,18333,0,0,0,0,0,-,-,0,0,0,0
5799,18334,2355,1715,640,1390,325,2.75,4.46,1715,24,1093,297
5800,18335,565,437,128,396,41,3.44,2.66,437,35,308,88
5801,18336,1698,1578,120,1033,545,2.40,1.92,1578,199,562,471
5802,18337,7355,5837,1518,4850,987,2.65,2.40,5837,253,3328,1522
5803,18340,81,36,45,36,0,4.31,-,36,0,36,0
5804,18342,260,217,43,155,62,2.01,3.74,217,0,137,18
5805,18343,1931,1668,263,1390,278,2.31,2.93,1668,8,839,551
5806,18344,1396,1271,125,890,381,3.12,2.12,1271,151,584,306
5807,18346,1460,1070,390,990,80,2.45,2.20,1070,0,756,234
5808,18347,4136,1538,2598,1316,222,1.92,1.75,1538,38,695,621
5809,18349,85,59,26,43,16,3.00,1.94,59,0,43,0
5810,18350,2154,393,1761,393,0,1.84,-,393,0,308,85
5811,18351,240,175,65,88,87,2.01,3.79,175,6,47,41
5812,18353,5254,4608,646,3966,642,2.71,1.87,4608,168,2397,1569
5813,18354,547,518,29,451,67,2.79,2.82,518,0,346,105
5814,18355,665,478,187,247,231,2.18,3.19,478,44,193,54
5815,18356,412,32,380,32,0,2.19,-,32,0,0,32
5816,18357,149,52,97,52,0,-,-,52,0,0,52
5817,18360,12123,10799,1324,7638,3161,2.78,2.12,10799,675,4675,2963
5818,18370,527,421,106,277,144,2.83,2.33,421,88,180,97
5819,18371,539,269,270,229,40,2.50,2.13,269,0,161,68
5820,18372,1764,928,836,689,239,2.82,2.46,928,97,305,384
5821,18403,2908,2798,110,2125,673,2.61,1.90,2798,192,1144,981
5822,18405,1354,926,428,816,110,2.60,1.69,926,36,399,417
5823,18407,7039,6141,898,4098,2043,2.34,2.32,6141,594,2113,1985
5824,18411,9349,8762,587,6954,1808,2.69,1.99,8762,380,4244,2710
5825,18413,36,30,6,30,0,1.77,-,30,0,30,0
5826,18414,2607,2211,396,1873,338,2.48,2.49,2211,47,1041,832
5827,18415,1219,743,476,681,62,1.99,1.82,743,44,350,331
5828,18417,953,379,574,324,55,2.68,1.42,379,16,126,198
5829,18419,2198,1770,428,1365,405,2.34,2.22,1770,53,670,695
5830,18420,137,73,64,56,17,2.14,2.88,73,0,26,30
5831,18421,2319,1927,392,1483,444,2.32,2.48,1927,145,801,682
5832,18424,4337,2041,2296,1821,220,2.57,2.18,2041,95,917,904
5833,18425,630,426,204,368,58,2.30,2.81,426,16,180,188
5834,18426,4100,1527,2573,1290,237,2.32,2.27,1527,73,624,666
5835,18428,9638,5178,4460,4265,913,2.29,2.44,5178,265,2312,1953
5836,18430,36,29,7,29,0,2.59,-,29,1,16,13
5837,18431,6109,5262,847,3681,1581,2.33,2.35,5262,614,1917,1764
5838,18433,3228,2940,288,2406,534,2.44,1.80,2940,101,1415,991
5839,18434,1911,1693,218,1150,543,2.29,2.26,1693,185,617,533
5840,18435,1594,440,1154,406,34,2.21,3.65,440,3,235,171
5841,18436,9734,4717,5017,4134,583,2.64,3.01,4717,58,1931,2203
5842,18437,138,77,61,59,18,2.00,2.28,77,11,28,31
5843,18438,1494,562,932,548,14,2.13,-,562,10,211,337
5844,18439,323,166,157,153,13,2.87,2.54,166,0,81,72
5845,18440,20,20,0,20,0,1.85,-,20,3,10,10
5846,18441,212,172,40,119,53,3.04,-,172,0,25,94
5847,18443,199,141,58,116,25,2.67,2.80,141,0,57,59
5848,18444,6131,5364,767,4428,936,2.70,2.17,5364,196,2538,1890
5849,18445,1296,924,372,777,147,2.48,2.79,924,60,443,334
5850,18446,1755,1379,376,1131,248,2.36,2.61,1379,73,514,617
5851,18447,4773,4369,404,3155,1214,2.23,2.70,4369,379,1534,1621
5852,18451,563,238,325,212,26,2.38,2.15,238,6,125,87
5853,18452,2612,2301,311,1694,607,2.23,1.83,2301,218,921,773
5854,18453,792,463,329,396,67,2.66,2.70,463,25,195,201
5855,18454,135,51,84,45,6,1.60,3.67,51,0,11,34
5856,18455,57,53,4,41,12,2.00,2.67,53,4,0,41
5857,18456,144,113,31,94,19,1.95,2.11,113,0,55,39
5858,18457,32,32,0,32,0,3.84,-,32,0,21,11
5859,18458,2851,1455,1396,1368,87,2.48,2.47,1455,27,806,562
5860,18460,114,82,32,64,18,1.56,2.94,82,0,8,56
5861,18461,273,131,142,116,15,1.57,1.40,131,10,49,67
5862,18462,442,214,228,191,23,2.69,1.74,214,9,113,78
5863,18463,110,86,24,68,18,3.16,1.50,86,3,34,34
5864,18464,1300,592,708,541,51,2.55,3.31,592,0,323,218
5865,18465,1040,492,548,400,92,2.39,2.72,492,22,183,217
5866,18466,7654,5753,1901,4206,1547,3.11,2.85,5753,300,2715,1491
5867,18469,208,165,43,159,6,2.47,2.00,165,0,52,107
5868,18470,1569,793,776,702,91,2.45,1.98,793,11,334,368
5869,18471,243,207,36,203,4,2.56,2.50,207,0,114,89
5870,18472,2071,1520,551,1122,398,2.78,2.54,1520,83,636,486
5871,18473,195,179,16,142,37,1.89,2.46,179,39,19,123
5872,18503,851,577,274,24,553,-,1.19,577,251,24,0
5873,18504,9847,8507,1340,5134,3373,2.44,2.37,8507,999,2669,2465
5874,18505,9805,8360,1445,4533,3827,2.51,2.57,8360,1217,2248,2285
5875,18507,2480,2132,348,1464,668,2.80,2.03,2132,263,831,633
5876,18508,5382,4771,611,2225,2546,2.38,2.16,4771,855,1203,1022
5877,18509,6113,5275,838,2460,2815,2.80,1.88,5275,631,1414,1046
5878,18510,5751,4822,929,1903,2919,2.31,2.22,4822,737,965,938
5879,18512,6228,5678,550,3787,1891,2.54,1.63,5678,350,2242,1545
5880,18517,2312,2139,173,1475,664,2.33,2.46,2139,61,612,863
5881,18518,4050,3688,362,2443,1245,2.40,2.11,3688,256,1559,884
5882,18519,2536,2280,256,1443,837,2.41,2.07,2280,271,809,634
5883,18602,191,140,51,134,6,2.69,4.33,140,0,79,55
5884,18603,9392,8364,1028,6099,2265,2.37,2.16,8364,665,3199,2900
5885,18610,2263,1322,941,1175,147,3.35,3.05,1322,49,876,299
5886,18612,6761,6148,613,4858,1290,2.55,1.90,6148,452,3190,1668
5887,18614,1825,888,937,688,200,2.06,2.07,888,96,288,400
5888,18615,850,747,103,637,110,2.39,2.09,747,36,301,336
5889,18616,746,304,442,242,62,2.52,1.50,304,0,134,108
5890,18617,927,696,231,414,282,2.30,1.80,696,176,161,253
5891,18618,2126,1569,557,1297,272,2.40,1.88,1569,66,786,511
5892,18619,227,59,168,47,12,2.49,1.08,59,8,16,31
5893,18621,2324,1950,374,1782,168,2.47,3.51,1950,72,981,801
5894,18622,71,55,16,55,0,2.89,-,55,11,22,33
5895,18623,1213,944,269,718,226,2.52,2.32,944,43,349,369
5896,18624,1322,256,1066,249,7,1.71,-,256,0,162,87
5897,18625,152,57,95,45,12,1.71,2.58,57,0,26,19
5898,18626,495,180,315,170,10,2.43,2.10,180,0,84,86
5899,18627,0,0,0,0,0,-,-,0,0,0,0
5900,18628,238,97,141,91,6,2.25,-,97,0,40,51
5901,18629,1100,775,325,598,177,2.32,2.40,775,26,210,388
5902,18630,1454,1101,353,833,268,2.73,2.34,1101,44,385,448
5903,18631,489,435,54,337,98,2.06,2.14,435,47,110,227
5904,18632,233,188,45,137,51,2.71,4.06,188,7,60,77
5905,18634,6370,5515,855,3509,2006,2.42,2.27,5515,698,1573,1936
5906,18635,1687,1487,200,1229,258,2.52,2.03,1487,105,628,601
5907,18636,723,626,97,510,116,2.41,2.55,626,34,173,337
5908,18640,7649,6839,810,4037,2802,2.43,2.16,6839,963,2122,1915
5909,18641,3428,2955,473,1999,956,2.56,1.89,2955,220,1054,945
5910,18642,2050,1763,287,1340,423,2.27,1.83,1763,115,615,725
5911,18643,6359,5696,663,4092,1604,2.28,2.05,5696,285,1990,2102
5912,18644,3584,3425,159,2450,975,2.55,1.49,3425,223,1462,988
5913,18651,4703,3818,885,2229,1589,2.37,2.22,3818,465,1035,1194
5914,18655,2764,2318,446,1947,371,2.34,2.25,2318,83,924,1023
5915,18656,1037,879,158,812,67,2.44,2.82,879,3,443,369
5916,18657,5262,4480,782,3352,1128,2.56,2.13,4480,217,1883,1469
5917,18660,1577,1360,217,1234,126,2.49,2.08,1360,60,669,565
5918,18661,3482,2039,1443,1744,295,2.42,2.03,2039,107,888,856
5919,18701,1372,1051,321,132,919,2.04,1.38,1051,323,41,91
5920,18702,20167,17152,3015,9609,7543,2.47,2.29,17152,2885,4837,4772
5921,18704,14941,13420,1521,7883,5537,2.39,2.08,13420,1460,4464,3419
5922,18705,7457,6442,1015,4163,2279,2.41,2.33,6442,535,1945,2218
5923,18706,7708,6792,916,4434,2358,2.34,2.34,6792,955,2270,2164
5924,18707,6402,6010,392,5457,553,2.72,2.15,6010,65,3784,1673
5925,18708,3957,3719,238,3190,529,2.36,1.78,3719,187,2052,1138
5926,18709,1736,1471,265,878,593,1.99,1.82,1471,261,470,408
5927,18801,4194,3140,1054,2359,781,2.56,2.34,3140,156,1076,1283
5928,18810,2928,2784,144,1758,1026,2.52,1.27,2784,494,986,772
5929,18812,938,617,321,538,79,2.64,1.80,617,0,270,268
5930,18814,88,80,8,71,9,2.38,2.67,80,4,45,26
5931,18816,57,23,34,18,5,3.11,-,23,0,6,12
5932,18817,39,39,0,39,0,3.36,-,39,0,17,22
5933,18818,700,529,171,404,125,2.28,2.30,529,14,191,213
5934,18820,52,34,18,34,0,2.38,-,34,0,27,7
5935,18821,517,465,52,324,141,2.50,2.46,465,23,184,140
5936,18822,1617,1317,300,1004,313,2.45,2.24,1317,98,507,497
5937,18823,90,75,15,56,19,2.68,-,75,7,22,34
5938,18824,614,476,138,420,56,2.58,2.54,476,11,181,239
5939,18825,96,73,23,68,5,2.32,2.20,73,2,36,32
5940,18826,887,605,282,548,57,2.34,2.91,605,48,187,361
5941,18828,152,108,44,103,5,2.12,4.00,108,3,58,45
5942,18829,388,284,104,235,49,2.45,2.63,284,0,86,149
5943,18830,419,243,176,191,52,2.01,2.85,243,3,57,134
5944,18831,487,422,65,322,100,2.19,3.11,422,3,128,194
5945,18832,947,724,223,596,128,2.33,2.61,724,30,253,343
5946,18833,1361,835,526,671,164,2.38,2.61,835,28,252,419
5947,18834,1951,1228,723,913,315,2.64,2.71,1228,66,499,414
5948,18837,1281,1013,268,839,174,2.61,2.79,1013,46,386,453
5949,18840,4874,4322,552,2780,1542,2.77,2.13,4322,469,1851,929
5950,18842,85,56,29,47,9,2.70,3.89,56,0,14,33
5951,18843,92,92,0,84,8,2.54,2.00,92,0,51,33
5952,18844,767,639,128,557,82,2.65,2.96,639,13,256,301
5953,18845,217,171,46,144,27,3.08,2.00,171,3,49,95
5954,18846,389,264,125,242,22,2.51,2.86,264,17,109,133
5955,18847,2844,2026,818,1534,492,2.53,2.71,2026,138,754,780
5956,18848,4452,3648,804,2524,1124,2.49,2.25,3648,325,1199,1325
5957,18850,1025,828,197,668,160,2.42,2.41,828,46,295,373
5958,18851,459,255,204,213,42,2.33,2.71,255,2,102,111
5959,18853,2231,1684,547,1334,350,2.53,2.01,1684,81,599,735
5960,18854,645,621,24,496,125,2.49,2.78,621,50,192,304
5961,18901,11219,10681,538,7635,3046,2.66,1.66,10681,852,5375,2260
5962,18902,8116,7892,224,7310,582,2.85,2.54,7892,166,5025,2285
5963,18912,133,107,26,80,27,1.31,3.07,107,0,62,18
5964,18913,97,74,23,74,0,3.28,-,74,0,51,23
5965,18914,7981,7757,224,6571,1186,2.84,2.22,7757,176,4966,1605
5966,18915,464,464,0,372,92,2.94,1.91,464,0,273,99
5967,18917,1014,969,45,560,409,2.36,2.14,969,19,450,110
5968,18920,199,148,51,82,66,2.22,2.09,148,0,0,82
5969,18921,114,114,0,114,0,1.84,-,114,0,35,79
5970,18923,516,496,20,416,80,2.96,2.46,496,0,280,136
5971,18925,2257,2171,86,2024,147,3.06,2.58,2171,0,1620,404
5972,18927,144,144,0,36,108,2.56,1.92,144,0,10,26
5973,18929,3492,3352,140,3181,171,2.97,1.55,3352,44,2504,677
5974,18930,982,931,51,807,124,2.47,2.82,931,25,411,396
5975,18932,124,124,0,108,16,2.07,2.25,124,0,21,87
5976,18933,81,57,24,49,8,1.63,-,57,0,32,17
5977,18935,113,113,0,113,0,2.81,-,113,0,75,38
5978,18936,112,79,33,79,0,3.63,-,79,0,79,0
5979,18938,6775,6380,395,5578,802,2.26,1.89,6380,214,2914,2664
5980,18940,11871,11527,344,9772,1755,2.68,1.88,11527,799,6903,2869
5981,18942,1109,1054,55,939,115,2.38,2.77,1054,23,377,562
5982,18944,10304,9845,459,7930,1915,2.97,1.85,9845,251,5627,2303
5983,18946,141,141,0,128,13,2.78,4.08,141,0,70,58
5984,18947,2519,2398,121,2244,154,2.58,2.60,2398,0,1429,815
5985,18950,51,30,21,30,0,2.00,-,30,0,30,0
5986,18951,14557,13960,597,11382,2578,2.64,2.33,13960,537,7406,3976
5987,18954,3660,3598,62,3533,65,2.79,2.32,3598,9,2366,1167
5988,18955,552,530,22,397,133,2.71,2.02,530,13,245,152
5989,18960,5070,4729,341,3712,1017,2.64,1.90,4729,247,2487,1225
5990,18962,117,117,0,93,24,2.92,2.00,117,2,70,23
5991,18964,5448,5200,248,3762,1438,2.79,2.36,5200,149,2427,1335
5992,18966,14706,14215,491,12193,2022,2.69,1.81,14215,556,8127,4066
5993,18969,6477,6250,227,5046,1204,2.57,2.02,6250,457,3561,1485
5994,18970,329,313,16,218,95,2.44,1.68,313,17,115,103
5995,18972,1615,1341,274,1201,140,2.37,1.96,1341,44,721,480
5996,18974,17759,17264,495,12793,4471,2.57,2.02,17264,982,7715,5078
5997,18976,8345,8178,167,6646,1532,2.84,1.91,8178,174,4295,2351
5998,18977,1808,1758,50,1593,165,2.64,2.35,1758,8,1069,524
5999,18980,75,71,4,52,19,2.37,2.05,71,0,46,6
6000,19001,6700,6407,293,5189,1218,2.86,2.16,6407,466,3721,1468
6001,19002,12023,11486,537,8976,2510,2.79,2.12,11486,576,5796,3180
6002,19003,6223,5985,238,3982,2003,2.48,1.89,5985,484,2991,991
6003,19004,4243,3971,272,3104,867,2.43,2.74,3971,473,1694,1410
6004,19006,8872,8472,400,6417,2055,2.97,1.87,8472,540,3812,2605
6005,19007,9398,8963,435,5291,3672,2.60,2.26,8963,781,3431,1860
6006,19008,7318,7006,312,6023,983,2.91,2.61,7006,184,3822,2201
6007,19009,385,355,30,257,98,2.90,1.70,355,24,132,125
6008,19010,8400,7728,672,5005,2723,2.75,2.07,7728,421,3120,1885
6009,19012,2287,2219,68,1889,330,3.22,2.20,2219,83,1371,518
6010,19013,14809,12551,2258,4490,8061,2.31,2.51,12551,3715,2098,2392
6011,19014,8060,7771,289,6714,1057,2.62,2.49,7771,184,4415,2299
6012,19015,7054,6773,281,5084,1689,2.46,2.45,6773,369,3342,1742
6013,19017,74,74,0,74,0,3.26,-,74,0,74,0
6014,19018,10219,9603,616,6218,3385,2.69,1.94,9603,1037,4185,2033
6015,19020,23149,22290,859,12878,9412,2.85,2.11,22290,1851,8564,4314
6016,19021,3835,3777,58,2710,1067,2.75,2.21,3777,257,1777,933
6017,19022,1730,1499,231,611,888,2.48,2.70,1499,377,427,184
6018,19023,8711,7809,902,4185,3624,2.62,3.05,7809,2149,2709,1476
6019,19025,2396,2346,50,1948,398,2.94,1.83,2346,101,1208,740
6020,19026,13235,12387,848,8260,4127,2.78,1.93,12387,944,5733,2527
6021,19027,8456,8075,381,5010,3065,2.64,1.97,8075,835,3189,1821
6022,19029,1750,1569,181,977,592,2.62,2.39,1569,68,642,335
6023,19030,4849,4709,140,3532,1177,2.91,1.97,4709,292,2448,1084
6024,19031,1875,1858,17,1449,409,2.63,1.57,1858,155,937,512
6025,19032,2693,2489,204,1724,765,2.46,3.27,2489,212,1026,698
6026,19033,2888,2772,116,2111,661,2.89,2.38,2772,64,1316,795
6027,19034,2606,2418,188,1823,595,2.87,2.24,2418,90,1159,664
6028,19035,1524,1455,69,1172,283,2.93,1.63,1455,73,684,488
6029,19036,5393,5016,377,3843,1173,2.76,2.12,5016,322,2358,1485
6030,19038,11865,11544,321,9791,1753,2.81,1.93,11544,370,7203,2588
6031,19040,8379,8045,334,5804,2241,2.93,2.08,8045,419,4177,1627
6032,19041,2738,2569,169,1669,900,2.55,1.51,2569,281,1029,640
6033,19043,1075,1031,44,772,259,2.70,1.73,1031,165,495,277
6034,19044,6863,6618,245,3689,2929,2.62,2.50,6618,217,2731,958
6035,19046,8350,7640,710,5239,2401,2.80,1.58,7640,609,3253,1986
6036,19047,12862,12462,400,9156,3306,2.74,1.90,12462,740,5959,3197
6037,19050,13121,12082,1039,7079,5003,2.63,1.94,12082,2014,4653,2426
6038,19052,284,284,0,268,16,2.19,-,284,55,108,160
6039,19053,10755,10521,234,8879,1642,2.73,2.08,10521,283,5751,3128
6040,19054,6603,6521,82,5217,1304,2.96,1.85,6521,236,4204,1013
6041,19055,4960,4755,205,3962,793,2.85,2.97,4755,238,2753,1209
6042,19056,6097,5909,188,4196,1713,2.93,2.16,5909,538,2901,1295
6043,19057,6159,6008,151,4754,1254,3.19,2.14,6008,180,3507,1247
6044,19060,3839,3657,182,3590,67,3.02,1.46,3657,25,2247,1343
6045,19061,8120,7731,389,4921,2810,2.81,2.20,7731,667,3290,1631
6046,19063,16288,15221,1067,10314,4907,2.72,1.64,15221,1078,6863,3451
6047,19064,8796,8563,233,7932,631,2.93,2.54,8563,135,4974,2958
6048,19066,1815,1689,126,1575,114,2.78,2.05,1689,41,996,579
6049,19067,21665,20503,1162,16527,3976,2.66,2.18,20503,764,11078,5449
6050,19070,3028,2885,143,2110,775,2.53,1.73,2885,277,1420,690
6051,19072,4527,4357,170,3182,1175,2.75,1.71,4357,187,2224,958
6052,19073,8763,8302,461,6391,1911,2.66,1.85,8302,524,4220,2171
6053,19074,2467,2251,216,1626,625,2.93,1.85,2251,93,1090,536
6054,19075,2905,2860,45,2507,353,2.76,2.12,2860,48,1740,767
6055,19076,2800,2581,219,1564,1017,2.74,2.00,2581,204,922,642
6056,19078,4889,4593,296,3392,1201,2.76,1.79,4593,410,2314,1078
6057,19079,3740,3477,263,2165,1312,2.60,2.79,3477,648,1405,760
6058,19081,3927,3767,160,3077,690,2.61,1.88,3767,181,1737,1340
6059,19082,17029,15894,1135,7667,8227,3.04,2.42,15894,3631,5200,2467
6060,19083,13614,13330,284,11838,1492,2.83,2.18,13330,373,8015,3823
6061,19085,1988,1870,118,1797,73,2.89,2.96,1870,0,938,859
6062,19086,4950,4721,229,4212,509,2.75,1.52,4721,121,2996,1216
6063,19087,12838,12157,681,8763,3394,2.68,2.35,12157,312,5889,2874
6064,19090,8291,7602,689,5223,2379,2.85,2.06,7602,320,3563,1660
6065,19094,1881,1821,60,1202,619,2.93,2.02,1821,261,742,460
6066,19095,3912,3316,596,1998,1318,2.49,1.73,3316,286,1230,768
6067,19096,5875,5805,70,4345,1460,2.85,1.68,5805,228,2875,1470
6068,19102,4040,3425,615,885,2540,1.46,1.38,3425,1714,564,321
6069,19103,19171,16337,2834,4960,11377,1.72,1.43,16337,9042,2388,2572
6070,19104,22155,18053,4102,3629,14424,2.51,2.01,18053,9679,1876,1753
6071,19106,9208,8155,1053,3911,4244,1.63,1.54,8155,2335,2568,1343
6072,19107,9572,8459,1113,1541,6918,2.04,1.48,8459,4792,949,592
6073,19108,57,57,0,48,9,1.23,2.00,57,26,48,0
6074,19109,0,0,0,0,0,-,-,0,0,0,0
6075,19111,27528,25828,1700,14305,11523,2.79,2.43,25828,3961,9079,5226
6076,19112,0,0,0,0,0,-,-,0,0,0,0
6077,19113,0,0,0,0,0,-,-,0,0,0,0
6078,19114,14403,13553,850,9062,4491,2.54,1.87,13553,1101,5336,3726
6079,19115,15135,14642,493,8986,5656,2.67,2.02,14642,1871,4992,3994
6080,19116,14015,13402,613,7663,5739,2.68,2.14,13402,1398,4745,2918
6081,19118,5194,4875,319,2356,2519,2.38,1.64,4875,416,1511,845
6082,19119,13720,12564,1156,8076,4488,2.49,1.84,12564,1900,5327,2749
6083,19120,25794,24592,1202,15519,9073,2.95,3.08,24592,5152,10015,5504
6084,19121,18054,14597,3457,4645,9952,2.51,2.20,14597,6503,2247,2398
6085,19122,8954,7814,1140,3265,4549,2.27,2.41,7814,2690,2238,1027
6086,19123,9710,8978,732,2802,6176,2.36,1.77,8978,2566,2201,601
6087,19124,26504,24377,2127,15085,9292,3.01,2.74,24377,7034,10237,4848
6088,19125,12312,11422,890,6867,4555,2.29,1.98,11422,2025,5164,1703
6089,19126,7389,6704,685,4033,2671,3.17,1.78,6704,1653,2434,1599
6090,19127,3180,2830,350,1175,1655,1.88,1.98,2830,265,900,275
6091,19128,18782,18018,764,10225,7793,2.28,1.93,18018,1757,7191,3034
6092,19129,5608,5149,459,2524,2625,2.07,2.04,5149,987,1646,878
6093,19130,16959,15446,1513,5901,9545,2.07,1.72,15446,3823,4065,1836
6094,19131,21777,18164,3613,8612,9552,2.62,2.06,18164,5489,4443,4169
6095,19132,17639,14384,3255,7185,7199,2.27,2.25,14384,7307,2281,4904
6096,19133,11026,9461,1565,3888,5573,2.87,2.61,9461,4051,1100,2788
6097,19134,24951,21942,3009,12118,9824,2.69,2.70,21942,7071,6977,5141
6098,19135,14414,13379,1035,7983,5396,2.69,2.74,13379,2516,5306,2677
6099,19136,13928,13124,804,7936,5188,2.71,2.59,13124,2031,5106,2830
6100,19137,3641,3236,405,2605,631,2.65,2.38,3236,549,1503,1102
6101,19138,13999,12492,1507,7818,4674,2.66,2.53,12492,3373,4786,3032
6102,19139,22928,18957,3971,7677,11280,2.36,2.36,18957,8597,3719,3958
6103,19140,23348,20384,2964,10275,10109,2.48,2.82,20384,9775,3161,7114
6104,19141,15655,14413,1242,7331,7082,2.48,2.05,14413,6040,3260,4071
6105,19142,12276,10908,1368,5098,5810,2.68,2.74,10908,3242,3344,1754
6106,19143,30659,26259,4400,12820,13439,2.40,2.42,26259,10666,6388,6432
6107,19144,22613,19792,2821,7181,12611,2.81,1.89,19792,6157,4728,2453
6108,19145,20995,18976,2019,11237,7739,2.44,2.27,18976,5594,6632,4605
6109,19146,21028,18101,2927,9586,8515,2.32,2.14,18101,5847,6373,3213
6110,19147,20794,18970,1824,10837,8133,2.27,1.79,18970,5543,7303,3534
6111,19148,22155,20449,1706,13302,7147,2.33,2.77,20449,5265,8094,5208
6112,19149,20656,19381,1275,11217,8164,2.91,3.33,19381,3042,7184,4033
6113,19150,10690,10003,687,7852,2151,2.35,1.99,10003,1662,4938,2914
6114,19151,14586,12766,1820,8159,4607,2.66,2.13,12766,3780,5619,2540
6115,19152,14013,13456,557,7969,5487,2.65,2.46,13456,2131,4144,3825
6116,19153,6160,5682,478,2921,2761,2.39,2.11,5682,1296,1998,923
6117,19154,13421,12760,661,9867,2893,2.79,2.42,12760,1002,6440,3427
6118,19301,3001,2913,88,2381,532,2.63,2.03,2913,124,1371,1010
6119,19310,953,934,19,723,211,3.42,3.27,934,158,434,289
6120,19311,3569,3414,155,2773,641,3.06,3.42,3414,87,2061,712
6121,19312,4452,4318,134,3673,645,2.85,1.87,4318,212,2504,1169
6122,19316,13,13,0,13,0,1.62,-,13,0,13,0
6123,19317,4068,4012,56,3346,666,2.83,2.03,4012,65,2136,1210
6124,19319,91,76,15,76,0,4.04,-,76,0,61,15
6125,19320,21118,19960,1158,14605,5355,2.65,2.79,19960,1355,10460,4145
6126,19330,2061,2005,56,1780,225,2.77,2.29,2005,52,1124,656
6127,19333,3215,3055,160,1917,1138,2.79,2.21,3055,149,1074,843
6128,19335,19998,19489,509,15607,3882,2.79,1.88,19489,704,12101,3506
6129,19341,8575,8182,393,4536,3646,2.78,2.01,8182,107,3332,1204
6130,19342,8208,7833,375,5632,2201,2.79,1.61,7833,818,3609,2023
6131,19343,2880,2832,48,2410,422,2.82,1.99,2832,57,1655,755
6132,19344,4719,4576,143,3339,1237,2.75,2.14,4576,553,2055,1284
6133,19345,0,0,0,0,0,-,-,0,0,0,0
6134,19348,9326,8939,387,6252,2687,2.63,2.27,8939,394,4034,2218
6135,19350,4129,3853,276,3505,348,2.90,1.98,3853,41,2530,975
6136,19352,3170,3028,142,2823,205,3.03,3.41,3028,55,2182,641
6137,19355,11155,10707,448,7999,2708,2.72,2.31,10707,359,5431,2568
6138,19358,141,129,12,32,97,1.97,3.70,129,4,17,15
6139,19362,2140,2068,72,1675,393,2.78,2.44,2068,53,1064,611
6140,19363,6181,5783,398,4045,1738,3.16,2.66,5783,386,2669,1376
6141,19365,2858,2729,129,2042,687,2.87,2.44,2729,171,1372,670
6142,19367,22,22,0,22,0,3.23,-,22,0,15,7
6143,19369,52,52,0,7,45,2.00,1.47,52,0,7,0
6144,19372,885,865,20,507,358,3.28,2.56,865,33,371,136
6145,19373,683,683,0,683,0,2.83,-,683,0,593,90
6146,19374,276,244,32,214,30,2.74,2.53,244,0,94,120
6147,19375,64,64,0,54,10,2.37,-,64,0,0,54
6148,19380,21546,20741,805,14926,5815,2.63,1.86,20741,938,9821,5105
6149,19382,20950,20216,734,14188,6028,2.68,2.00,20216,929,9729,4459
6150,19383,146,126,20,0,126,-,3.02,126,20,0,0
6151,19390,4934,4652,282,3631,1021,2.77,2.79,4652,259,2391,1240
6152,19401,18662,16862,1800,7629,9233,2.76,2.19,16862,2879,5516,2113
6153,19403,19462,18542,920,13447,5095,2.45,2.03,18542,811,8822,4625
6154,19405,2278,2022,256,984,1038,2.37,2.32,2022,143,568,416
6155,19406,13415,12322,1093,6809,5513,2.58,1.96,12322,794,4195,2614
6156,19422,8015,7698,317,6239,1459,2.64,2.25,7698,191,4118,2121
6157,19425,5901,5718,183,5275,443,3.09,2.45,5718,73,4269,1006
6158,19426,13602,12968,634,11496,1472,2.84,1.99,12968,428,8437,3059
6159,19428,9871,9270,601,5012,4258,2.39,1.91,9270,328,3532,1480
6160,19435,67,45,22,37,8,3.11,4.13,45,0,32,5
6161,19436,369,369,0,113,256,2.01,1.30,369,94,35,78
6162,19437,379,379,0,379,0,3.02,-,379,0,265,114
6163,19438,9390,9236,154,7328,1908,2.81,2.10,9236,357,5166,2162
6164,19440,7727,7524,203,5137,2387,2.93,2.10,7524,180,3548,1589
6165,19442,0,0,0,0,0,-,-,0,0,0,0
6166,19444,4998,4764,234,3513,1251,2.52,1.72,4764,180,2667,846
6167,19446,24396,23608,788,15705,7903,2.73,2.12,23608,1392,10730,4975
6168,19453,722,722,0,431,291,2.01,2.00,722,0,334,97
6169,19454,11423,11178,245,8791,2387,2.65,1.80,11178,554,5876,2915
6170,19456,71,71,0,71,0,2.34,-,71,0,33,38
6171,19457,49,49,0,49,0,2.02,-,49,0,26,23
6172,19460,17921,17208,713,12131,5077,2.61,1.97,17208,697,8451,3680
6173,19462,6588,6347,241,5129,1218,2.64,1.79,6347,214,3662,1467
6174,19464,20304,18586,1718,11970,6616,2.61,2.50,18586,1255,8467,3503
6175,19465,7515,7244,271,5754,1490,2.66,2.18,7244,175,4036,1718
6176,19468,10939,10572,367,7952,2620,2.61,2.12,10572,360,5554,2398
6177,19472,39,39,0,23,16,1.48,2.81,39,0,0,23
6178,19473,6673,6424,249,5571,853,2.73,2.64,6424,130,4070,1501
6179,19474,215,215,0,190,25,1.64,-,215,0,132,58
6180,19475,5034,4814,220,3345,1469,2.62,1.74,4814,129,2388,957
6181,19477,26,26,0,26,0,1.50,-,26,0,0,26
6182,19490,166,115,51,115,0,2.37,-,115,0,52,63
6183,19492,438,409,29,89,320,1.89,1.14,409,174,62,27
6184,19501,459,438,21,330,108,2.92,1.98,438,14,213,117
6185,19503,475,452,23,327,125,2.78,1.96,452,16,252,75
6186,19504,2117,1921,196,1715,206,2.58,2.20,1921,33,916,799
6187,19505,1541,1522,19,1234,288,2.25,1.95,1522,29,691,543
6188,19506,2598,2478,120,2126,352,2.73,2.57,2478,75,1316,810
6189,19507,1248,1191,57,962,229,3.25,1.92,1191,23,647,315
6190,19508,6395,6084,311,5011,1073,2.69,1.74,6084,188,3203,1808
6191,19510,3320,3320,0,2962,358,2.59,2.03,3320,128,2185,777
6192,19511,54,54,0,54,0,3.20,-,54,23,28,26
6193,19512,7416,6876,540,5063,1813,2.56,1.94,6876,341,3253,1810
6194,19516,92,92,0,33,59,2.21,1.81,92,6,25,8
6195,19518,5995,5810,185,4938,872,2.89,2.40,5810,347,3531,1407
6196,19520,2618,2484,134,2089,395,2.58,2.11,2484,120,1179,910
6197,19522,5739,5560,179,4714,846,2.56,2.19,5560,373,2793,1921
6198,19523,0,0,0,0,0,-,-,0,0,0,0
6199,19525,5766,5598,168,5135,463,3.04,2.60,5598,90,3881,1254
6200,19526,4980,4728,252,3563,1165,2.44,2.01,4728,208,2158,1405
6201,19529,1226,1183,43,1044,139,3.06,2.13,1183,8,616,428
6202,19530,5296,4748,548,3160,1588,2.36,2.26,4748,348,1686,1474
6203,19533,2454,2410,44,2106,304,2.68,1.68,2410,49,1475,631
6204,19534,842,761,81,647,114,2.35,1.90,761,27,332,315
6205,19535,19,19,0,0,19,-,3.21,19,0,0,0
6206,19536,252,248,4,175,73,2.15,1.88,248,5,135,40
6207,19538,33,33,0,25,8,2.28,3.00,33,0,15,10
6208,19539,1581,1581,0,1386,195,2.56,2.70,1581,52,1012,374
6209,19540,4430,4246,184,3488,758,2.73,2.23,4246,217,2252,1236
6210,19541,1674,1610,64,1451,159,2.73,2.48,1610,59,925,526
6211,19543,2162,2023,139,1755,268,3.06,2.69,2023,61,1204,551
6212,19544,73,60,13,60,0,2.62,-,60,0,22,38
6213,19545,212,212,0,161,51,3.81,2.08,212,0,142,19
6214,19547,2154,1904,250,1629,275,2.41,2.29,1904,24,927,702
6215,19549,147,125,22,89,36,2.60,3.61,125,0,42,47
6216,19550,158,158,0,125,33,2.25,1.82,158,0,90,35
6217,19551,1852,1757,95,1466,291,2.62,1.86,1757,56,879,587
6218,19554,178,156,22,77,79,3.08,1.70,156,0,62,15
6219,19555,1462,1393,69,1032,361,2.50,2.20,1393,37,607,425
6220,19559,139,115,24,97,18,2.39,3.50,115,2,46,51
6221,19560,3950,3806,144,3107,699,2.39,2.22,3806,47,2201,906
6222,19562,1346,1283,63,624,659,2.55,1.56,1283,117,396,228
6223,19564,59,59,0,32,27,3.78,-,59,0,23,9
6224,19565,3461,3388,73,2718,670,2.37,1.81,3388,111,1693,1025
6225,19567,2149,2089,60,1578,511,2.83,2.33,2089,72,885,693
6226,19601,13852,12390,1462,4782,7608,3.05,2.70,12390,3154,2286,2496
6227,19602,7821,6805,1016,2169,4636,3.05,2.33,6805,2196,1068,1101
6228,19604,10369,9581,788,4387,5194,3.14,3.15,9581,2036,2647,1740
6229,19605,8039,7702,337,6364,1338,2.71,2.28,7702,312,4344,2020
6230,19606,14459,13771,688,10790,2981,2.64,2.44,13771,866,6896,3894
6231,19607,10079,9592,487,6204,3388,2.44,2.33,9592,713,4334,1870
6232,19608,9009,8662,347,6847,1815,2.77,2.44,8662,169,4695,2152
6233,19609,4389,4114,275,3479,635,2.59,2.71,4114,129,2542,937
6234,19610,7118,6783,335,4765,2018,2.50,1.56,6783,587,2611,2154
6235,19611,4640,4270,370,2044,2226,2.38,2.40,4270,560,1431,613
6236,19701,16787,16192,595,12276,3916,2.80,2.39,16192,546,8964,3312
6237,19702,21562,20724,838,12384,8340,2.70,2.67,20724,735,8973,3411
6238,19703,6962,6622,340,3324,3298,2.58,2.18,6622,721,2253,1071
6239,19706,734,679,55,473,206,2.56,3.28,679,19,316,157
6240,19707,6504,6261,243,5303,958,2.73,1.92,6261,282,3792,1511
6241,19709,17260,16880,380,14655,2225,2.79,2.55,16880,321,11055,3600
6242,19710,17,17,0,17,0,1.59,-,17,0,17,0
6243,19711,20877,19358,1519,12523,6835,2.57,2.51,19358,1167,7939,4584
6244,19713,12628,11809,819,7369,4440,2.63,2.25,11809,657,4778,2591
6245,19716,0,0,0,0,0,-,-,0,0,0,0
6246,19717,0,0,0,0,0,-,-,0,0,0,0
6247,19720,24091,22685,1406,15417,7268,2.77,2.34,22685,1291,10638,4779
6248,19730,186,168,18,145,23,2.76,2.43,168,2,119,26
6249,19731,114,114,0,106,8,2.25,4.25,114,8,34,72
6250,19732,132,132,0,132,0,2.00,-,132,0,65,67
6251,19733,107,76,31,57,19,1.39,4.26,76,0,32,25
6252,19734,4408,4271,137,3963,308,3.26,2.61,4271,16,3051,912
6253,19735,0,0,0,0,0,-,-,0,0,0,0
6254,19736,13,13,0,13,0,-,-,13,0,0,13
6255,19801,9121,7463,1658,2011,5452,2.37,1.97,7463,2403,1377,634
6256,19802,11840,10740,1100,4900,5840,2.48,2.26,10740,1899,3243,1657
6257,19803,8777,8523,254,7596,927,2.54,1.93,8523,254,5216,2380
6258,19804,7834,7443,391,5489,1954,2.39,2.56,7443,260,3612,1877
6259,19805,17854,16059,1795,8730,7329,2.44,2.41,16059,1794,6285,2445
6260,19806,6441,5932,509,2998,2934,1.92,1.35,5932,804,1999,999
6261,19807,3775,3379,396,2365,1014,2.44,1.77,3379,141,1339,1026
6262,19808,15906,15263,643,11769,3494,2.55,2.39,15263,495,7473,4296
6263,19809,6652,6198,454,4369,1829,2.51,2.19,6198,206,3268,1101
6264,19810,10776,10266,510,8244,2022,2.65,1.98,10266,630,5418,2826
6265,19901,15239,14103,1136,7996,6107,2.55,2.58,14103,1134,4669,3327
6266,19902,0,0,0,0,0,-,-,0,0,0,0
6267,19904,15865,14513,1352,8990,5523,2.61,2.34,14513,1612,6183,2807
6268,19930,8946,1405,7541,1380,25,1.90,3.80,1405,43,752,628
6269,19931,180,162,18,158,4,2.11,3.75,162,0,107,51
6270,19933,3960,3712,248,2884,828,2.68,3.24,3712,60,1603,1281
6271,19934,5162,4745,417,3997,748,2.99,2.84,4745,143,2495,1502
6272,19936,132,115,17,56,59,2.80,2.25,115,15,27,29
6273,19938,3103,3001,102,2416,585,3.18,3.03,3001,52,1758,658
6274,19939,4322,3078,1244,2853,225,2.57,2.83,3078,44,1508,1345
6275,19940,2437,2144,293,1657,487,2.95,2.40,2144,117,1090,567
6276,19941,1118,1014,104,770,244,2.37,4.19,1014,30,609,161
6277,19943,5429,5032,397,4241,791,2.48,2.61,5032,73,2752,1489
6278,19944,1726,298,1428,279,19,2.28,1.05,298,2,103,176
6279,19945,5213,3324,1889,2909,415,2.35,3.01,3324,116,1647,1262
6280,19946,2307,2010,297,1694,316,2.58,2.76,2010,31,898,796
6281,19947,7035,6629,406,4466,2163,2.72,2.89,6629,201,2539,1927
6282,19950,3362,3016,346,2185,831,2.49,1.98,3016,125,1160,1025
6283,19951,901,814,87,778,36,2.64,5.00,814,3,553,225
6284,19952,4260,3854,406,2678,1176,2.79,2.30,3854,147,1675,1003
6285,19953,1862,1731,131,1367,364,2.86,3.20,1731,91,689,678
6286,19954,648,599,49,433,166,2.37,3.20,599,20,284,149
6287,19955,104,97,7,83,14,4.40,3.36,97,0,77,6
6288,19956,6270,5625,645,3802,1823,2.59,3.00,5625,225,1878,1924
6289,19958,17976,13249,4727,10950,2299,2.13,1.91,13249,457,5377,5573
6290,19960,2613,2489,124,2104,385,2.82,2.82,2489,81,1502,602
6291,19962,4399,4142,257,3747,395,2.80,2.99,4142,148,2744,1003
6292,19963,9569,8432,1137,5482,2950,2.47,2.47,8432,801,3381,2101
6293,19964,592,541,51,531,10,2.15,5.60,541,184,396,135
6294,19966,18744,13797,4947,11543,2254,2.20,2.59,13797,332,6431,5112
6295,19967,1456,924,532,856,68,1.78,2.68,924,3,392,464
6296,19968,6753,5547,1206,4829,718,2.45,2.75,5547,57,3062,1767
6297,19970,8109,3666,4443,3343,323,1.93,3.22,3666,48,2132,1211
6298,19971,16139,7240,8899,6298,942,1.94,1.99,7240,254,3321,2977
6299,19973,10404,9659,745,7294,2365,2.67,2.47,9659,673,4600,2694
6300,19975,8197,4395,3802,3763,632,2.20,2.12,4395,184,2009,1754
6301,19977,9040,8546,494,6869,1677,2.70,2.70,8546,208,5045,1824
6302,19979,273,269,4,218,51,2.33,2.59,269,7,175,43
6303,19980,105,100,5,90,10,1.74,1.10,100,0,28,62
6304,20001,25824,22974,2850,7875,15099,1.96,1.75,22974,9190,6612,1263
6305,20002,35592,31832,3760,12230,19602,2.28,1.95,31832,10045,10169,2061
6306,20003,17875,15993,1882,6770,9223,2.18,1.81,15993,3920,5269,1501
6307,20004,1557,1270,287,508,762,1.42,1.26,1270,682,379,129
6308,20005,9853,8802,1051,2469,6333,1.65,1.46,8802,5504,1990,479
6309,20006,828,637,191,49,588,1.20,1.38,637,535,30,19
6310,20007,13016,11668,1348,6465,5203,2.05,1.84,11668,2619,4163,2302
6311,20008,18285,16989,1296,6229,10760,2.05,1.63,16989,5657,4205,2024
6312,20009,31032,28382,2650,9334,19048,1.99,1.69,28382,14176,7699,1635
6313,20010,15560,14255,1305,5649,8606,2.58,2.17,14255,6074,4704,945
6314,20011,29830,26989,2841,13980,13009,2.68,2.26,26989,7166,10573,3407
6315,20012,7174,6784,390,4072,2712,2.61,2.44,6784,1021,3381,691
6316,20015,6565,6072,493,4695,1377,2.72,1.89,6072,827,3302,1393
6317,20016,15427,14092,1335,9206,4886,2.40,1.81,14092,2487,5966,3240
6318,20017,8746,8108,638,4953,3155,2.36,2.30,8108,1611,3952,1001
6319,20018,9534,8858,676,4998,3860,2.57,1.74,8858,2518,3801,1197
6320,20019,29143,26184,2959,10270,15914,2.49,2.36,26184,9762,8083,2187
6321,20020,25991,23071,2920,7678,15393,2.36,2.30,23071,9214,5735,1943
6322,20024,10021,8939,1082,3246,5693,1.47,1.71,8939,3805,2283,963
6323,20032,19613,17796,1817,4028,13768,2.12,2.21,17796,7787,2879,1149
6324,20036,4135,3664,471,1606,2058,1.23,1.30,3664,2379,1250,356
6325,20037,8626,6696,1930,2410,4286,1.41,1.47,6696,3844,1338,1072
6326,20045,0,0,0,0,0,-,-,0,0,0,0
6327,20052,0,0,0,0,0,-,-,0,0,0,0
6328,20057,0,0,0,0,0,-,-,0,0,0,0
6329,20059,0,0,0,0,0,-,-,0,0,0,0
6330,20064,0,0,0,0,0,-,-,0,0,0,0
6331,20105,9388,9366,22,8282,1084,3.38,2.72,9366,120,7213,1069
6332,20106,1881,1631,250,1438,193,2.70,3.07,1631,41,867,571
6333,20109,15201,14582,619,6322,8260,3.32,2.83,14582,596,5209,1113
6334,20110,16083,15263,820,10980,4283,3.19,3.12,15263,708,9066,1914
6335,20111,11599,11025,574,7108,3917,3.38,3.14,11025,244,5556,1552
6336,20112,9122,8894,228,8509,385,3.08,3.62,8894,166,7079,1430
6337,20115,2995,2713,282,1817,896,2.93,2.86,2713,95,1259,558
6338,20117,1635,1407,228,954,453,2.37,1.48,1407,72,700,254
6339,20119,1415,1208,207,961,247,3.11,3.35,1208,16,646,315
6340,20120,14539,14167,372,10636,3531,3.18,2.78,14167,615,8832,1804
6341,20121,9945,9458,487,6615,2843,2.93,2.83,9458,220,5408,1207
6342,20124,5128,5052,76,4594,458,3.07,2.90,5052,63,3532,1062
6343,20129,313,213,100,188,25,3.02,1.92,213,0,155,33
6344,20130,107,107,0,66,41,2.86,1.61,107,0,35,31
6345,20132,5960,5710,250,5124,586,3.20,3.61,5710,71,4228,896
6346,20135,1583,1417,166,1143,274,2.40,2.18,1417,35,874,269
6347,20136,9126,8977,149,8220,757,3.47,3.25,8977,62,7352,868
6348,20137,771,718,53,686,32,2.78,2.22,718,0,509,177
6349,20141,2652,2555,97,2282,273,3.41,1.80,2555,20,1967,315
6350,20143,231,231,0,214,17,2.67,1.35,231,0,126,88
6351,20144,729,610,119,546,64,2.12,3.73,610,0,346,200
6352,20147,24524,23624,900,16440,7184,2.94,2.36,23624,1118,13132,3308
6353,20148,19069,18902,167,15306,3596,3.26,2.76,18902,313,13320,1986
6354,20151,6740,6681,59,5278,1403,3.14,3.99,6681,258,4088,1190
6355,20152,10996,10964,32,9172,1792,3.30,3.23,10964,162,7943,1229
6356,20155,12340,12052,288,10307,1745,3.02,3.28,12052,236,8328,1979
6357,20158,1510,1484,26,1226,258,3.15,4.14,1484,10,1011,215
6358,20164,12935,12583,352,9515,3068,3.38,3.41,12583,382,7559,1956
6359,20165,12225,11926,299,9384,2542,2.96,2.35,11926,352,7722,1662
6360,20166,4821,4672,149,2501,2171,2.85,2.78,4672,178,2183,318
6361,20169,9104,8820,284,8165,655,3.20,2.96,8820,27,6480,1685
6362,20170,14102,13764,338,9778,3986,3.15,3.05,13764,591,7928,1850
6363,20171,18313,17812,501,10331,7481,3.06,2.46,17812,422,8261,2070
6364,20175,11916,11500,416,8703,2797,3.05,2.25,11500,325,7419,1284
6365,20176,17134,16563,571,12445,4118,3.12,2.65,16563,594,10172,2273
6366,20180,2738,2573,165,2288,285,2.95,2.64,2573,69,1775,513
6367,20181,3192,2978,214,2633,345,3.28,2.28,2978,64,2016,617
6368,20184,373,209,164,102,107,1.82,1.34,209,0,45,57
6369,20186,6384,5889,495,3926,1963,2.77,2.18,5889,295,2994,932
6370,20187,6486,6241,245,5451,790,3.12,2.64,6241,283,4461,990
6371,20190,11301,10301,1000,4943,5358,1.99,2.11,10301,573,3703,1240
6372,20191,12310,11898,412,8419,3479,2.46,2.72,11898,419,6152,2267
6373,20194,5792,5638,154,4004,1634,2.34,1.79,5638,106,3180,824
6374,20197,915,915,0,837,78,2.98,-,915,8,656,181
6375,20198,965,760,205,525,235,3.01,2.19,760,15,351,174
6376,20204,0,0,0,0,0,-,-,0,0,0,0
6377,20220,0,0,0,0,0,-,-,0,0,0,0
6378,20230,0,0,0,0,0,-,-,0,0,0,0
6379,20240,0,0,0,0,0,-,-,0,0,0,0
6380,20245,0,0,0,0,0,-,-,0,0,0,0
6381,20250,0,0,0,0,0,-,-,0,0,0,0
6382,20260,0,0,0,0,0,-,-,0,0,0,0
6383,20317,14,0,14,0,0,-,-,0,0,0,0
6384,20319,0,0,0,0,0,-,-,0,0,0,0
6385,20373,65,49,16,0,49,-,5.35,49,0,0,0
6386,20388,0,0,0,0,0,-,-,0,0,0,0
6387,20390,0,0,0,0,0,-,-,0,0,0,0
6388,20408,0,0,0,0,0,-,-,0,0,0,0
6389,20415,0,0,0,0,0,-,-,0,0,0,0
6390,20418,0,0,0,0,0,-,-,0,0,0,0
6391,20422,0,0,0,0,0,-,-,0,0,0,0
6392,20427,0,0,0,0,0,-,-,0,0,0,0
6393,20431,0,0,0,0,0,-,-,0,0,0,0
6394,20510,0,0,0,0,0,-,-,0,0,0,0
6395,20515,0,0,0,0,0,-,-,0,0,0,0
6396,20520,0,0,0,0,0,-,-,0,0,0,0
6397,20530,0,0,0,0,0,-,-,0,0,0,0
6398,20535,0,0,0,0,0,-,-,0,0,0,0
6399,20540,0,0,0,0,0,-,-,0,0,0,0
6400,20542,0,0,0,0,0,-,-,0,0,0,0
6401,20551,0,0,0,0,0,-,-,0,0,0,0
6402,20560,0,0,0,0,0,-,-,0,0,0,0
6403,20565,0,0,0,0,0,-,-,0,0,0,0
6404,20566,0,0,0,0,0,-,-,0,0,0,0
6405,20591,0,0,0,0,0,-,-,0,0,0,0
6406,20601,10220,9544,676,7369,2175,2.72,3.07,9544,138,6150,1219
6407,20602,10903,10426,477,6821,3605,2.81,2.47,10426,556,5732,1089
6408,20603,11345,10944,401,8494,2450,2.96,2.76,10944,323,7117,1377
6409,20606,112,52,60,52,0,1.94,-,52,0,38,14
6410,20607,4033,3932,101,3791,141,2.86,2.00,3932,117,3161,630
6411,20608,308,264,44,242,22,2.65,4.18,264,11,140,102
6412,20609,590,508,82,471,37,3.14,3.54,508,30,336,135
6413,20611,462,429,33,395,34,2.44,3.47,429,0,296,99
6414,20612,69,69,0,69,0,1.91,-,69,0,0,69
6415,20613,5367,5058,309,4755,303,2.91,2.48,5058,163,3845,910
6416,20615,274,223,51,223,0,2.61,-,223,0,164,59
6417,20616,2509,2468,41,2149,319,2.77,3.04,2468,31,1784,365
6418,20617,198,198,0,171,27,2.89,-,198,0,135,36
6419,20618,665,389,276,339,50,2.49,1.38,389,9,116,223
6420,20619,5682,5160,522,3149,2011,2.63,2.47,5160,52,2461,688
6421,20620,568,520,48,433,87,3.06,1.71,520,20,359,74
6422,20621,580,396,184,381,15,2.02,-,396,0,326,55
6423,20622,1643,1609,34,1467,142,3.67,1.62,1609,144,991,476
6424,20623,855,830,25,796,34,2.97,3.21,830,0,720,76
6425,20624,317,306,11,291,15,2.74,4.20,306,0,251,40
6426,20625,615,444,171,380,64,2.28,3.13,444,0,347,33
6427,20626,197,109,88,109,0,2.06,-,109,0,95,14
6428,20628,341,257,84,207,50,2.43,1.66,257,7,56,151
6429,20629,497,332,165,290,42,2.29,2.98,332,0,206,84
6430,20630,204,167,37,101,66,2.12,1.38,167,0,58,43
6431,20632,188,131,57,109,22,5.40,1.59,131,0,39,70
6432,20634,3143,2915,228,1832,1083,2.91,2.62,2915,107,1599,233
6433,20636,3858,3349,509,2991,358,3.20,2.38,3349,76,2472,519
6434,20637,2053,2035,18,1872,163,2.81,4.11,2035,43,1296,576
6435,20639,4952,4705,247,4319,386,3.11,3.59,4705,45,3432,887
6436,20640,4323,4042,281,3012,1030,2.60,2.66,4042,215,2238,774
6437,20645,268,268,0,256,12,2.68,2.08,268,0,205,51
6438,20646,7624,7001,623,5862,1139,2.90,2.43,7001,311,4531,1331
6439,20650,5729,5158,571,3836,1322,2.94,2.35,5158,343,2871,965
6440,20653,11323,10367,956,5754,4613,2.86,2.09,10367,704,3709,2045
6441,20656,50,50,0,41,9,1.34,3.22,50,9,41,0
6442,20657,8065,7253,812,6206,1047,2.83,2.69,7253,111,5123,1083
6443,20658,474,394,80,317,77,2.49,1.81,394,19,215,102
6444,20659,8416,7984,432,6970,1014,2.96,3.28,7984,379,5166,1804
6445,20660,0,0,0,0,0,-,-,0,0,0,0
6446,20661,0,0,0,0,0,-,-,0,0,0,0
6447,20662,1034,923,111,824,99,2.79,1.40,923,31,434,390
6448,20664,1577,1254,323,902,352,2.37,3.38,1254,12,619,283
6449,20667,299,180,119,170,10,1.98,-,180,0,170,0
6450,20670,332,298,34,0,298,-,3.87,298,0,0,0
6451,20674,571,297,274,212,85,4.51,1.71,297,0,162,50
6452,20675,694,694,0,665,29,2.51,3.59,694,17,435,230
6453,20676,1383,1175,208,1022,153,2.46,3.35,1175,11,785,237
6454,20677,816,786,30,699,87,2.74,2.90,786,68,566,133
6455,20678,4830,4506,324,3543,963,2.82,2.13,4506,241,2840,703
6456,20680,286,225,61,204,21,2.97,2.90,225,0,166,38
6457,20684,339,339,0,256,83,2.51,1.52,339,0,166,90
6458,20685,2707,2460,247,2290,170,2.79,2.76,2460,36,1626,664
6459,20686,0,0,0,0,0,-,-,0,0,0,0
6460,20687,253,208,45,142,66,2.38,1.20,208,0,109,33
6461,20688,797,716,81,408,308,2.20,1.46,716,96,172,236
6462,20689,653,629,24,591,38,3.41,8.34,629,0,441,150
6463,20690,526,329,197,254,75,2.77,2.43,329,0,94,160
6464,20692,292,216,76,216,0,2.80,-,216,15,190,26
6465,20693,432,350,82,326,24,3.84,2.04,350,0,243,83
6466,20695,4252,4073,179,3251,822,3.04,2.35,4073,71,2851,400
6467,20701,301,260,41,0,260,-,1.70,260,18,0,0
6468,20705,9472,8958,514,5816,3142,3.22,2.89,8958,544,4412,1404
6469,20706,13673,13111,562,9165,3946,3.41,3.28,13111,749,7072,2093
6470,20707,14498,13525,973,7600,5925,2.77,2.49,13525,668,5845,1755
6471,20708,10763,10279,484,3649,6630,2.74,2.55,10279,818,2714,935
6472,20710,3723,3497,226,678,2819,3.10,2.69,3497,531,433,245
6473,20711,2466,2272,194,2141,131,3.30,1.82,2272,125,954,1187
6474,20712,4830,4592,238,1160,3432,2.78,1.91,4592,1046,896,264
6475,20714,1891,1660,231,1176,484,2.76,2.95,1660,68,1019,157
6476,20715,9194,8996,198,8353,643,2.81,3.30,8996,228,6711,1642
6477,20716,9094,8805,289,6384,2421,2.67,2.14,8805,438,5221,1163
6478,20720,8292,8147,145,7490,657,3.18,2.80,8147,131,6503,987
6479,20721,10774,10364,410,9132,1232,3.01,2.50,10364,201,7829,1303
6480,20722,2213,2135,78,1444,691,2.98,2.62,2135,177,1149,295
6481,20723,12248,11878,370,8689,3189,3.15,2.49,11878,307,6645,2044
6482,20724,7153,6962,191,4301,2661,2.70,2.39,6962,218,3385,916
6483,20732,4333,4069,264,3221,848,2.66,2.23,4069,207,2528,693
6484,20733,1107,1085,22,939,146,2.82,1.97,1085,23,614,325
6485,20735,13702,13117,585,12045,1072,2.92,3.15,13117,319,9830,2215
6486,20736,3572,3363,209,3155,208,2.79,2.75,3363,114,2398,757
6487,20737,6798,6492,306,3386,3106,3.52,3.69,6492,875,2726,660
6488,20740,12473,11182,1291,4698,6484,3.00,2.53,11182,1679,3163,1535
6489,20742,0,0,0,0,0,-,-,0,0,0,0
6490,20743,15893,15013,880,9953,5060,2.62,2.46,15013,2210,7921,2032
6491,20744,21237,19724,1513,16000,3724,2.86,2.76,19724,618,13256,2744
6492,20745,12831,11674,1157,4870,6804,2.79,2.37,11674,1521,3810,1060
6493,20746,13328,12447,881,4465,7982,2.37,2.14,12447,2252,3580,885
6494,20747,17322,16493,829,8114,8379,2.60,2.41,16493,2266,6805,1309
6495,20748,17127,16075,1052,8788,7287,2.71,2.29,16075,2078,6678,2110
6496,20751,1068,928,140,861,67,2.19,2.45,928,14,689,172
6497,20754,2277,2277,0,2048,229,2.96,4.59,2277,21,1353,695
6498,20755,3317,2943,374,100,2843,1.90,3.34,2943,50,78,22
6499,20758,267,240,27,225,15,2.47,5.13,240,0,141,84
6500,20759,1939,1903,36,1837,66,3.11,3.17,1903,0,1441,396
6501,20762,1032,841,191,0,841,-,3.56,841,52,0,0
6502,20763,1151,1093,58,516,577,2.42,2.20,1093,90,408,108
6503,20764,1740,1444,296,1266,178,2.32,2.42,1444,0,1030,236
6504,20765,225,188,37,134,54,2.93,2.89,188,0,58,76
6505,20769,2281,2173,108,2051,122,3.18,2.50,2173,49,1506,545
6506,20770,12770,12019,751,5482,6537,2.00,2.71,12019,1560,4049,1433
6507,20771,0,0,0,0,0,-,-,0,0,0,0
6508,20772,19486,18915,571,16548,2367,2.81,2.41,18915,682,14203,2345
6509,20774,20708,20011,697,15221,4790,2.64,2.11,20011,963,13081,2140
6510,20776,1258,1121,137,1051,70,2.56,3.09,1121,17,525,526
6511,20777,1209,1156,53,1133,23,2.87,2.70,1156,17,792,341
6512,20778,809,809,0,750,59,2.74,3.81,809,0,550,200
6513,20779,644,514,130,497,17,2.06,-,514,0,270,227
6514,20781,4676,4291,385,2470,1821,3.23,2.70,4291,572,1885,585
6515,20782,12846,12286,560,5497,6789,2.95,2.62,12286,2276,4176,1321
6516,20783,14208,13533,675,5645,7888,3.30,3.88,13533,2117,4060,1585
6517,20784,10641,10120,521,5884,4236,3.35,2.97,10120,1159,4480,1404
6518,20785,16345,15401,944,7901,7500,2.83,2.56,15401,1653,5925,1976
6519,20794,4241,3963,278,2647,1316,3.05,1.69,3963,43,2040,607
6520,20812,113,99,14,90,9,2.99,2.44,99,0,60,30
6521,20814,14669,13429,1240,7127,6302,2.55,1.77,13429,1507,4678,2449
6522,20815,14120,13233,887,8552,4681,2.53,2.01,13233,1540,5403,3149
6523,20816,6794,6373,421,5154,1219,2.80,2.41,6373,177,3618,1536
6524,20817,14311,13619,692,11275,2344,2.81,2.77,13619,564,7806,3469
6525,20818,810,755,55,712,43,2.50,3.53,755,31,521,191
6526,20832,8617,8485,132,7409,1076,3.04,3.00,8485,211,5566,1843
6527,20833,2661,2615,46,2442,173,3.07,2.88,2615,6,1827,615
6528,20837,2349,2229,120,2006,223,2.93,3.23,2229,24,1566,440
6529,20838,94,90,4,90,0,4.02,-,90,0,59,31
6530,20839,62,62,0,32,30,3.19,1.97,62,0,17,15
6531,20841,3040,2920,120,2804,116,3.12,2.94,2920,35,2184,620
6532,20842,724,661,63,523,138,2.73,2.86,661,28,323,200
6533,20850,22107,20766,1341,11165,9601,2.67,2.17,20766,1917,7892,3273
6534,20851,5307,5168,139,3116,2052,2.74,3.05,5168,455,2154,962
6535,20852,22751,21414,1337,8969,12445,2.35,2.12,21414,2022,5587,3382
6536,20853,10120,9794,326,8185,1609,3.07,3.93,9794,346,5714,2471
6537,20854,17448,17030,418,15289,1741,2.91,2.76,17030,252,10145,5144
6538,20855,6326,6140,186,4877,1263,2.83,2.58,6140,368,3338,1539
6539,20860,761,746,15,556,190,2.84,2.04,746,41,466,90
6540,20861,1135,1135,0,1120,15,2.84,-,1135,25,839,281
6541,20862,155,155,0,155,0,2.86,-,155,11,146,9
6542,20866,5127,5006,121,4037,969,3.22,3.79,5006,188,3111,926
6543,20868,156,156,0,140,16,4.03,3.75,156,0,127,13
6544,20871,8437,8185,252,7072,1113,3.24,3.08,8185,219,6126,946
6545,20872,4755,4510,245,3988,522,2.82,2.94,4510,82,2839,1149
6546,20874,22720,22011,709,14507,7504,2.87,2.74,22011,1062,11515,2992
6547,20876,8863,8598,265,5500,3098,3.03,2.99,8598,509,4100,1400
6548,20877,13427,12496,931,5388,7108,3.38,2.62,12496,1407,3806,1582
6549,20878,25479,24477,1002,16607,7870,2.73,2.62,24477,908,11844,4763
6550,20879,9095,8836,259,6243,2593,3.16,2.86,8836,558,4500,1743
6551,20880,331,319,12,306,13,2.09,4.62,319,3,196,110
6552,20882,4717,4657,60,4577,80,3.08,2.48,4657,17,3484,1093
6553,20886,12903,12305,598,8297,4008,2.77,2.82,12305,762,6581,1716
6554,20889,0,0,0,0,0,-,-,0,0,0,0
6555,20892,0,0,0,0,0,-,-,0,0,0,0
6556,20894,0,0,0,0,0,-,-,0,0,0,0
6557,20895,7457,7082,375,5801,1281,2.80,1.96,7082,356,4456,1345
6558,20896,344,336,8,324,12,2.56,2.83,336,0,239,85
6559,20899,217,217,0,0,217,-,1.48,217,97,0,0
6560,20901,13333,13012,321,9184,3828,2.81,2.78,13012,886,6961,2223
6561,20902,18899,17776,1123,11316,6460,2.97,3.01,17776,1909,8344,2972
6562,20903,7495,7211,284,2931,4280,3.46,3.86,7211,808,2056,875
6563,20904,22009,20706,1303,10792,9914,2.86,2.47,20706,2282,7419,3373
6564,20905,5848,5564,284,4768,796,3.15,3.67,5564,30,3526,1242
6565,20906,26931,25547,1384,16790,8757,2.70,2.88,25547,1861,11103,5687
6566,20910,22590,21332,1258,7416,13916,2.49,1.88,21332,4054,5640,1776
6567,20912,10191,9738,453,4025,5713,2.74,2.57,9738,1553,3170,855
6568,21001,10875,10275,600,6805,3470,2.67,2.17,10275,870,4620,2185
6569,21005,926,758,168,13,745,2.23,3.39,758,0,13,0
6570,21009,12762,12367,395,10018,2349,2.65,2.31,12367,425,8065,1953
6571,21010,172,103,69,0,103,-,2.64,103,0,0,0
6572,21012,8535,8136,399,6926,1210,2.84,3.08,8136,84,5542,1384
6573,21013,1882,1855,27,1715,140,2.93,1.92,1855,83,1153,562
6574,21014,14835,14270,565,10981,3289,2.65,2.01,14270,644,7623,3358
6575,21015,11313,10916,397,9773,1143,2.88,2.26,10916,312,7323,2450
6576,21017,2455,2384,71,1580,804,2.46,2.25,2384,0,1236,344
6577,21023,30,30,0,24,6,1.92,2.00,30,0,24,0
6578,21028,1077,965,112,827,138,2.82,1.68,965,21,513,314
6579,21029,4035,3964,71,3647,317,3.43,3.06,3964,28,2821,826
6580,21030,11423,10843,580,4991,5852,2.57,2.15,10843,693,3120,1871
6581,21031,18,18,0,0,18,-,1.44,18,0,0,0
6582,21032,3131,2902,229,2532,370,2.57,2.28,2902,26,1701,831
6583,21034,1254,1203,51,1076,127,2.47,2.46,1203,18,657,419
6584,21035,3003,2897,106,2788,109,2.92,2.14,2897,17,2100,688
6585,21036,780,744,36,710,34,2.70,-,744,75,501,209
6586,21037,8728,7981,747,6732,1249,2.65,2.78,7981,127,4936,1796
6587,21040,9800,9162,638,6417,2745,2.77,2.54,9162,810,5055,1362
6588,21042,15138,14748,390,12551,2197,2.99,2.39,14748,442,9060,3491
6589,21043,17725,17098,627,11831,5267,2.98,2.23,17098,655,8792,3039
6590,21044,19399,18237,1162,11315,6922,2.62,2.10,18237,1134,8235,3080
6591,21045,15789,15307,482,10837,4470,2.63,2.67,15307,1005,8067,2770
6592,21046,6450,6189,261,3548,2641,2.55,2.42,6189,285,2679,869
6593,21047,4678,4643,35,4498,145,2.86,2.86,4643,0,2843,1655
6594,21048,3871,3715,156,3427,288,2.78,1.93,3715,57,2324,1103
6595,21050,6543,6399,144,5772,627,2.88,2.20,6399,119,4048,1724
6596,21051,63,63,0,63,0,2.37,-,63,0,31,32
6597,21052,249,249,0,179,70,2.72,2.63,249,0,167,12
6598,21053,1251,1123,128,1026,97,2.84,2.14,1123,7,844,182
6599,21054,5125,4946,179,4029,917,3.12,2.06,4946,377,3119,910
6600,21056,261,127,134,127,0,2.16,-,127,0,109,18
6601,21057,1744,1614,130,1389,225,2.99,1.37,1614,88,865,524
6602,21060,15676,15007,669,11269,3738,2.58,2.00,15007,925,8693,2576
6603,21061,23527,22311,1216,12466,9845,2.63,2.33,22311,1976,9462,3004
6604,21071,158,158,0,127,31,3.40,-,158,0,94,33
6605,21074,6155,6005,150,5187,818,2.50,2.32,6005,225,3895,1292
6606,21075,12506,12322,184,8118,4204,3.05,2.54,12322,292,5833,2285
6607,21076,8274,7932,342,5329,2603,2.84,1.72,7932,216,4204,1125
6608,21077,43,43,0,43,0,1.77,-,43,0,43,0
6609,21078,8717,8004,713,5977,2027,2.59,2.03,8004,592,4028,1949
6610,21082,288,272,16,260,12,2.71,3.00,272,0,148,112
6611,21084,2785,2675,110,2418,257,2.74,2.48,2675,34,1495,923
6612,21085,7099,6451,648,5120,1331,2.60,2.25,6451,111,3294,1826
6613,21087,2328,2197,131,1962,235,2.67,2.05,2197,112,1256,706
6614,21090,3982,3703,279,3129,574,2.79,2.00,3703,73,2143,986
6615,21093,16514,15769,745,12510,3259,2.58,1.99,15769,582,8108,4402
6616,21102,4424,4342,82,4007,335,2.84,2.17,4342,82,2769,1238
6617,21104,2046,2030,16,1919,111,3.12,1.77,2030,14,1382,537
6618,21105,0,0,0,0,0,-,-,0,0,0,0
6619,21108,6395,6092,303,5260,832,2.85,2.46,6092,111,3953,1307
6620,21111,1947,1854,93,1784,70,2.74,3.77,1854,0,1128,656
6621,21113,15644,14974,670,8988,5986,2.49,2.14,14974,368,7093,1895
6622,21114,9512,9334,178,7284,2050,2.77,2.73,9334,251,5814,1470
6623,21117,24668,23142,1526,12902,10240,2.51,2.49,23142,1818,10124,2778
6624,21120,2570,2427,143,2308,119,3.01,2.33,2427,12,1815,493
6625,21122,23879,22734,1145,19524,3210,2.72,2.50,22734,469,14984,4540
6626,21128,5758,5437,321,4585,852,2.90,1.97,5437,240,3086,1499
6627,21130,43,21,22,0,21,-,3.14,21,0,0,0
6628,21131,2812,2696,116,2607,89,2.87,2.24,2696,1,1608,999
6629,21132,1090,1007,83,998,9,3.10,2.11,1007,72,679,319
6630,21133,12003,11674,329,7905,3769,2.92,2.07,11674,1141,6541,1364
6631,21136,14449,13746,703,10550,3196,2.54,2.56,13746,863,7087,3463
6632,21140,1474,1474,0,1421,53,2.76,2.64,1474,7,1166,255
6633,21144,13387,12781,606,10550,2231,2.84,2.98,12781,399,8057,2493
6634,21146,10508,9990,518,9028,962,2.88,2.25,9990,191,6790,2238
6635,21152,2766,2651,115,1961,690,2.65,1.77,2651,28,1318,643
6636,21153,318,318,0,299,19,2.22,-,318,59,96,203
6637,21154,2703,2429,274,2262,167,2.85,3.18,2429,87,1437,825
6638,21155,1112,978,134,791,187,2.93,2.60,978,33,568,223
6639,21156,126,126,0,126,0,3.02,-,126,0,76,50
6640,21157,15115,14410,705,10826,3584,2.80,2.11,14410,1200,7638,3188
6641,21158,8652,8355,297,6489,1866,2.78,2.18,8355,256,4598,1891
6642,21160,1047,984,63,764,220,2.92,2.63,984,0,384,380
6643,21161,2234,2125,109,1936,189,2.82,2.52,2125,27,1040,896
6644,21162,1572,1423,149,1247,176,3.29,2.94,1423,34,887,360
6645,21163,2652,2535,117,2052,483,2.57,2.31,2535,72,1526,526
6646,21201,11208,10068,1140,1181,8887,2.13,1.62,10068,4724,966,215
6647,21202,11933,10095,1838,2240,7855,1.74,1.62,10095,3537,1596,644
6648,21204,9277,8363,914,4258,4105,2.47,1.86,8363,401,2587,1671
6649,21205,6661,5265,1396,1827,3438,3.16,2.76,5265,2198,895,932
6650,21206,21919,20047,1872,10975,9072,2.64,2.44,20047,3437,8162,2813
6651,21207,20760,19360,1400,11850,7510,2.86,2.34,19360,2165,8857,2993
6652,21208,16297,15289,1008,10342,4947,2.46,2.05,15289,1627,6690,3652
6653,21209,12171,11511,660,6915,4596,2.87,2.23,11511,691,4379,2536
6654,21210,5665,5337,328,3327,2010,2.43,1.76,5337,621,2149,1178
6655,21211,8991,8333,658,4553,3780,2.03,1.78,8333,1329,3104,1449
6656,21212,13838,12679,1159,8786,3893,2.85,2.33,12679,1516,6331,2455
6657,21213,14657,11288,3369,6447,4841,2.54,2.71,11288,3658,4456,1991
6658,21214,8951,8381,570,6454,1927,2.69,2.23,8381,598,4920,1534
6659,21215,25437,21287,4150,11341,9946,2.56,2.23,21287,6730,7359,3982
6660,21216,15769,11196,4573,5419,5777,2.74,2.08,11196,4247,2916,2503
6661,21217,21024,14392,6632,4873,9519,2.32,2.03,14392,6326,3076,1797
6662,21218,21967,18180,3787,8845,9335,2.45,2.08,18180,5408,5988,2857
6663,21219,3813,3449,364,2914,535,2.81,2.06,3449,148,1982,932
6664,21220,17557,15970,1587,10510,5460,2.56,2.67,15970,1087,6697,3813
6665,21221,18174,16827,1347,10151,6676,2.73,2.33,16827,2203,7235,2916
6666,21222,24130,22322,1808,13846,8476,2.58,2.79,22322,3130,8656,5190
6667,21223,13802,8292,5510,2804,5488,2.60,2.36,8292,3986,1323,1481
6668,21224,22674,19254,3420,11624,7630,2.26,2.55,19254,2725,9094,2530
6669,21225,14303,12648,1655,6549,6099,2.77,2.63,12648,3131,4209,2340
6670,21226,2783,2369,414,1561,808,2.09,3.57,2369,307,1169,392
6671,21227,14370,13731,639,8893,4838,2.56,2.36,13731,1580,6326,2567
6672,21228,20414,19582,832,14047,5535,2.71,2.03,19582,1907,9777,4270
6673,21229,20493,17811,2682,9647,8164,2.60,2.22,17811,4103,6551,3096
6674,21230,17418,15308,2110,7935,7373,2.22,2.21,15308,2371,5725,2210
6675,21231,9255,7975,1280,2631,5344,2.13,1.88,7975,2034,2079,552
6676,21233,0,0,0,0,0,-,-,0,0,0,0
6677,21234,30173,27842,2331,17681,10161,2.56,1.99,27842,2604,11574,6107
6678,21236,16232,15504,728,10680,4824,2.63,2.43,15504,897,7224,3456
6679,21237,12944,11946,998,7899,4047,2.75,2.15,11946,784,5584,2315
6680,21239,12444,11617,827,6341,5276,2.74,2.08,11617,2049,4858,1483
6681,21240,0,0,0,0,0,-,-,0,0,0,0
6682,21244,14474,13934,540,6515,7419,2.80,2.68,13934,770,4991,1524
6683,21250,0,0,0,0,0,-,-,0,0,0,0
6684,21251,0,0,0,0,0,-,-,0,0,0,0
6685,21252,0,0,0,0,0,-,-,0,0,0,0
6686,21285,0,0,0,0,0,-,-,0,0,0,0
6687,21286,9845,9270,575,5825,3445,2.46,1.89,9270,1279,3648,2177
6688,21287,0,0,0,0,0,-,-,0,0,0,0
6689,21401,18792,17347,1445,11121,6226,2.24,2.17,17347,984,7246,3875
6690,21402,389,363,26,0,363,-,3.01,363,0,0,0
6691,21403,15013,14138,875,9626,4512,2.34,2.20,14138,640,7126,2500
6692,21405,289,179,110,179,0,2.51,-,179,0,114,65
6693,21409,7703,7466,237,6674,792,2.68,2.47,7466,48,5014,1660
6694,21502,19460,16681,2779,11282,5399,2.23,1.96,16681,1560,6767,4515
6695,21520,1024,865,159,683,182,2.42,2.17,865,88,343,340
6696,21521,729,640,89,512,128,2.22,2.45,640,20,227,285
6697,21523,99,99,0,53,46,2.15,1.89,99,29,53,0
6698,21524,323,289,34,211,78,2.79,1.96,289,21,115,96
6699,21529,301,261,40,216,45,2.32,1.22,261,17,82,134
6700,21530,985,806,179,681,125,2.20,2.94,806,48,264,417
6701,21531,1292,954,338,753,201,2.03,1.76,954,20,342,411
6702,21532,5930,4867,1063,3115,1752,2.40,2.03,4867,367,1819,1296
6703,21536,1693,1470,223,1126,344,2.62,2.17,1470,96,620,506
6704,21538,355,310,45,270,40,1.76,2.83,310,10,174,96
6705,21539,1203,992,211,660,332,2.37,2.35,992,147,332,328
6706,21540,55,25,30,17,8,2.47,3.00,25,8,5,12
6707,21541,2188,800,1388,575,225,1.74,1.32,800,83,400,175
6708,21542,69,62,7,18,44,2.56,2.45,62,19,13,5
6709,21543,242,202,40,187,15,1.71,-,202,0,54,133
6710,21545,862,770,92,636,134,2.06,2.36,770,85,263,373
6711,21550,8243,5908,2335,4634,1274,2.45,1.98,5908,403,2715,1919
6712,21555,990,636,354,491,145,2.20,2.54,636,18,333,158
6713,21557,871,764,107,560,204,2.31,1.10,764,33,271,289
6714,21560,8,8,0,8,0,-,-,8,0,0,8
6715,21561,2499,1061,1438,959,102,2.11,2.72,1061,19,479,480
6716,21562,1448,1195,253,925,270,2.69,1.95,1195,124,495,430
6717,21601,11265,10094,1171,6799,3295,2.33,2.17,10094,1062,4218,2581
6718,21607,215,200,15,143,57,3.39,2.72,200,10,79,64
6719,21610,311,170,141,131,39,2.40,2.44,170,6,75,56
6720,21612,494,283,211,276,7,2.54,2.00,283,0,137,139
6721,21613,9256,7439,1817,4145,3294,2.14,2.53,7439,984,2293,1852
6722,21617,4011,3560,451,2951,609,2.91,2.39,3560,159,2303,648
6723,21619,2824,2362,462,1795,567,2.37,2.63,2362,63,1330,465
6724,21620,6228,5369,859,3509,1860,2.23,2.02,5369,465,2265,1244
6725,21622,322,234,88,156,78,2.19,3.90,234,19,69,87
6726,21623,987,939,48,841,98,2.39,2.80,939,0,686,155
6727,21624,177,116,61,72,44,2.11,1.48,116,0,21,51
6728,21625,897,796,101,668,128,3.12,3.08,796,0,491,177
6729,21626,57,34,23,34,0,1.94,-,34,0,16,18
6730,21627,27,15,12,15,0,1.53,-,15,0,15,0
6731,21628,189,189,0,158,31,2.30,1.23,189,0,64,94
6732,21629,3914,3413,501,2629,784,2.82,2.86,3413,132,1688,941
6733,21631,1203,1033,170,841,192,2.72,2.46,1033,15,461,380
6734,21632,2784,2493,291,1539,954,2.42,2.47,2493,266,863,676
6735,21634,345,190,155,190,0,1.96,-,190,5,80,110
6736,21635,1001,874,127,697,177,2.24,1.75,874,8,406,291
6737,21636,371,348,23,250,98,2.53,2.85,348,35,137,113
6738,21638,2239,1955,284,1549,406,2.64,2.50,1955,80,1233,316
6739,21639,1882,1723,159,1178,545,2.96,2.54,1723,112,821,357
6740,21640,555,539,16,508,31,2.99,3.48,539,12,281,227
6741,21641,64,56,8,32,24,2.81,1.33,56,3,26,6
6742,21643,2304,2009,295,1748,261,2.60,2.92,2009,133,1191,557
6743,21644,7,7,0,7,0,2.14,-,7,3,3,4
6744,21645,653,478,175,330,148,2.57,2.74,478,15,198,132
6745,21647,195,183,12,166,17,2.51,1.82,183,0,129,37
6746,21648,59,44,15,40,4,2.08,3.50,44,0,32,8
6747,21649,696,570,126,449,121,3.80,4.70,570,35,223,226
6748,21650,92,92,0,84,8,2.63,2.13,92,9,28,56
6749,21651,1270,1056,214,809,247,2.28,2.62,1056,29,642,167
6750,21652,160,103,57,98,5,1.39,4.00,103,0,84,14
6751,21653,71,50,21,50,0,2.00,-,50,0,42,8
6752,21654,912,616,296,503,113,1.82,2.36,616,6,330,173
6753,21655,2122,1854,268,1456,398,2.55,2.33,1854,54,990,466
6754,21657,449,435,14,379,56,2.64,4.04,435,1,170,209
6755,21658,1737,1456,281,1296,160,2.43,3.29,1456,7,901,395
6756,21659,475,393,82,356,37,2.94,3.14,393,12,198,158
6757,21660,1637,1502,135,1039,463,2.58,2.51,1502,80,786,253
6758,21661,1817,1222,595,824,398,2.08,2.29,1222,92,361,463
6759,21662,449,275,174,227,48,2.07,3.58,275,0,139,88
6760,21663,2075,1630,445,1310,320,2.10,2.36,1630,62,761,549
6761,21664,259,221,38,143,78,2.27,4.14,221,3,93,50
6762,21665,199,58,141,58,0,2.60,-,58,0,36,22
6763,21666,5661,5315,346,4234,1081,2.70,2.14,5315,119,3355,879
6764,21667,149,89,60,89,0,2.54,-,89,0,29,60
6765,21668,647,599,48,448,151,2.60,3.11,599,15,281,167
6766,21669,201,73,128,73,0,2.04,-,73,13,45,28
6767,21671,499,368,131,323,45,2.23,2.13,368,19,190,133
6768,21672,199,82,117,82,0,1.98,-,82,0,31,51
6769,21673,1573,1197,376,952,245,2.45,2.17,1197,66,656,296
6770,21675,119,35,84,35,0,1.77,-,35,0,13,22
6771,21676,349,238,111,229,9,1.45,1.67,238,5,98,131
6772,21677,274,201,73,160,41,2.25,5.12,201,7,91,69
6773,21678,1020,817,203,758,59,1.98,2.22,817,69,447,311
6774,21679,177,151,26,142,9,1.77,-,151,0,61,81
6775,21701,18123,17029,1094,11161,5868,2.46,1.99,17029,1133,8372,2789
6776,21702,17895,17018,877,10962,6056,2.80,2.21,17018,991,8215,2747
6777,21703,15046,14415,631,9651,4764,2.80,2.58,14415,279,7902,1749
6778,21704,5487,5381,106,4342,1039,3.29,2.63,5381,240,3757,585
6779,21705,0,0,0,0,0,-,-,0,0,0,0
6780,21710,1789,1740,49,1394,346,2.94,1.80,1740,32,1004,390
6781,21711,540,497,43,490,7,2.15,5.00,497,0,185,305
6782,21713,3937,3799,138,3164,635,2.42,2.72,3799,170,2181,983
6783,21714,142,109,33,109,0,2.68,-,109,0,99,10
6784,21715,11,11,0,11,0,3.09,-,11,0,11,0
6785,21716,2647,2535,112,1974,561,2.62,2.53,2535,105,1684,290
6786,21717,99,89,10,52,37,1.35,3.00,89,0,9,43
6787,21718,63,61,2,43,18,2.35,1.67,61,4,35,8
6788,21719,565,358,207,323,35,2.87,1.23,358,0,220,103
6789,21722,2237,2202,35,1854,348,2.89,2.65,2202,60,1146,708
6790,21723,251,251,0,235,16,3.02,-,251,0,160,75
6791,21727,1985,1882,103,1477,405,2.61,2.29,1882,32,877,600
6792,21733,361,361,0,361,0,2.53,-,361,0,251,110
6793,21734,546,506,40,303,203,1.81,1.57,506,38,186,117
6794,21737,705,705,0,705,0,3.33,-,705,30,561,144
6795,21738,1325,1316,9,1275,41,3.14,4.34,1316,0,956,319
6796,21740,26935,24763,2172,13203,11560,2.59,2.13,24763,3574,8399,4804
6797,21742,14069,13341,728,9079,4262,2.61,2.38,13341,550,6023,3056
6798,21746,0,0,0,0,0,-,-,0,0,0,0
6799,21750,1768,1567,201,1093,474,2.29,2.69,1567,109,661,432
6800,21754,2278,2218,60,2117,101,3.05,3.77,2218,96,1553,564
6801,21755,2122,2017,105,1809,208,2.64,4.20,2017,9,1252,557
6802,21756,1275,1192,83,1136,56,2.59,2.05,1192,13,586,550
6803,21757,1047,1000,47,811,189,2.52,2.62,1000,35,511,300
6804,21758,1784,1691,93,1512,179,2.58,3.07,1691,48,1117,395
6805,21762,79,79,0,79,0,2.33,-,79,0,49,30
6806,21766,567,290,277,234,56,1.94,1.21,290,22,75,159
6807,21767,524,416,108,208,208,1.79,1.06,416,39,108,100
6808,21769,4335,4211,124,3688,523,3.03,2.53,4211,78,2704,984
6809,21770,2278,2220,58,2163,57,3.29,2.93,2220,26,1818,345
6810,21771,11109,10602,507,9762,840,3.00,2.70,10602,231,7451,2311
6811,21773,2103,1875,228,1733,142,2.92,2.09,1875,13,1241,492
6812,21774,4943,4929,14,4645,284,2.90,3.44,4929,128,3855,790
6813,21776,2485,2366,119,2018,348,2.63,2.41,2366,29,1429,589
6814,21777,734,734,0,724,10,3.09,4.00,734,0,608,116
6815,21778,365,322,43,294,28,2.12,2.11,322,46,152,142
6816,21779,583,583,0,384,199,2.87,3.30,583,14,298,86
6817,21780,784,769,15,622,147,2.61,2.07,769,24,347,275
6818,21781,0,0,0,0,0,-,-,0,0,0,0
6819,21782,1811,1699,112,1465,234,2.57,2.52,1699,45,1026,439
6820,21783,3813,3491,322,2807,684,2.74,3.01,3491,46,1964,843
6821,21784,13548,13094,454,11317,1777,2.83,2.08,13094,301,8409,2908
6822,21787,4396,4141,255,3260,881,2.77,1.85,4141,89,2245,1015
6823,21788,5005,4699,306,3917,782,2.48,2.41,4699,96,2589,1328
6824,21790,5,5,0,0,5,-,2.20,5,5,0,0
6825,21791,2030,1924,106,1562,362,2.56,2.19,1924,60,1042,520
6826,21793,4107,3994,113,3322,672,2.68,2.80,3994,235,2375,947
6827,21794,717,717,0,713,4,3.00,-,717,0,574,139
6828,21795,4173,3638,535,2379,1259,2.65,2.14,3638,196,1558,821
6829,21797,2886,2859,27,2577,282,3.13,2.41,2859,58,1874,703
6830,21798,964,875,89,673,202,3.01,2.99,875,6,476,197
6831,21801,12358,11285,1073,6114,5171,2.62,2.36,11285,1943,4335,1779
6832,21804,16783,15264,1519,7146,8118,2.40,2.45,15264,764,4588,2558
6833,21810,150,150,0,150,0,2.89,-,150,0,51,99
6834,21811,15224,10235,4989,8238,1997,2.32,2.44,10235,415,5143,3095
6835,21813,1449,1095,354,956,139,2.41,2.55,1095,11,685,271
6836,21814,112,55,57,55,0,3.27,-,55,0,47,8
6837,21817,2416,1794,622,1124,670,2.36,2.11,1794,221,610,514
6838,21821,722,369,353,354,15,1.95,2.80,369,16,165,189
6839,21822,1019,953,66,709,244,2.55,2.29,953,114,290,419
6840,21824,139,86,53,72,14,1.79,-,86,11,17,55
6841,21826,2114,1923,191,1136,787,2.90,2.74,1923,22,864,272
6842,21829,208,163,45,163,0,2.24,-,163,12,52,111
6843,21830,1874,1711,163,1471,240,2.64,2.69,1711,69,995,476
6844,21835,150,150,0,150,0,2.19,-,150,10,52,98
6845,21837,1258,1188,70,972,216,2.60,2.92,1188,46,640,332
6846,21838,1056,766,290,699,67,2.61,1.58,766,8,450,249
6847,21840,361,165,196,105,60,2.70,3.03,165,0,59,46
6848,21841,485,427,58,289,138,2.60,2.41,427,19,250,39
6849,21842,32720,5498,27222,4084,1414,1.96,2.02,5498,434,2048,2036
6850,21849,1553,1423,130,1131,292,2.52,3.19,1423,47,674,457
6851,21850,1451,1364,87,1167,197,2.52,2.35,1364,30,838,329
6852,21851,3619,3027,592,1814,1213,2.41,2.40,3027,231,1015,799
6853,21853,4982,3649,1333,2056,1593,2.40,2.32,3649,325,1418,638
6854,21856,498,349,149,256,93,2.82,2.47,349,0,122,134
6855,21861,326,283,43,236,47,2.48,3.26,283,0,159,77
6856,21862,0,0,0,0,0,-,-,0,0,0,0
6857,21863,2063,1836,227,1387,449,2.49,2.28,1836,101,938,449
6858,21864,306,253,53,226,27,2.66,1.41,253,0,126,100
6859,21865,172,172,0,161,11,2.09,1.91,172,0,82,79
6860,21866,100,56,44,56,0,1.70,-,56,9,32,24
6861,21867,46,0,46,0,0,-,-,0,0,0,0
6862,21869,534,362,172,319,43,2.55,4.12,362,34,173,146
6863,21871,801,704,97,618,86,2.39,2.51,704,20,351,267
6864,21872,278,212,66,199,13,2.68,3.08,212,14,169,30
6865,21874,814,744,70,548,196,2.97,3.12,744,17,378,170
6866,21875,3216,2939,277,2074,865,2.40,2.40,2939,161,1283,791
6867,21890,0,0,0,0,0,-,-,0,0,0,0
6868,21901,7478,6633,845,4953,1680,2.89,2.56,6633,438,3672,1281
6869,21902,73,73,0,0,73,-,-,73,0,0,0
6870,21903,2639,2196,443,1530,666,2.73,2.22,2196,147,964,566
6871,21904,2839,2442,397,2163,279,2.65,2.20,2442,113,1501,662
6872,21911,4301,4074,227,3228,846,2.78,2.33,4074,78,2270,958
6873,21912,553,553,0,529,24,2.45,3.96,553,87,382,147
6874,21913,399,382,17,232,150,2.56,2.28,382,2,157,75
6875,21914,477,353,124,239,114,2.14,1.84,353,0,104,135
6876,21915,1482,1225,257,1046,179,2.37,1.58,1225,22,774,272
6877,21917,662,617,45,565,52,3.15,3.13,617,31,430,135
6878,21918,1734,1611,123,1469,142,2.76,2.46,1611,29,1089,380
6879,21919,2615,1398,1217,1325,73,2.46,1.74,1398,33,894,431
6880,21920,278,278,0,239,39,3.55,1.56,278,7,180,59
6881,21921,18187,16825,1362,11754,5071,2.65,2.52,16825,1050,8286,3468
6882,21930,70,12,58,12,0,2.00,-,12,0,12,0
6883,22003,19689,19077,612,13245,5832,2.91,3.40,19077,952,8978,4267
6884,22015,15287,15023,264,12486,2537,2.96,3.25,15023,322,9707,2779
6885,22025,6693,6453,240,5299,1154,2.94,3.45,6453,60,4074,1225
6886,22026,5959,5644,315,4026,1618,3.49,2.97,5644,75,3516,510
6887,22027,677,665,12,596,69,3.06,2.57,665,0,488,108
6888,22030,21696,21246,450,12112,9134,2.85,2.23,21246,883,9277,2835
6889,22031,15024,14272,752,7145,7127,2.60,2.36,14272,771,5104,2041
6890,22032,10148,9911,237,8423,1488,3.06,2.88,9911,527,6458,1965
6891,22033,16023,15389,634,9663,5726,2.70,2.17,15389,454,7418,2245
6892,22035,0,0,0,0,0,-,-,0,0,0,0
6893,22039,5744,5718,26,5507,211,3.04,4.34,5718,34,3922,1585
6894,22041,11571,11098,473,5513,5585,2.25,2.92,11098,1068,3662,1851
6895,22042,12681,12180,501,7812,4368,2.75,3.08,12180,464,5849,1963
6896,22043,10150,9467,683,5976,3491,2.64,2.58,9467,590,4165,1811
6897,22044,5538,5275,263,2497,2778,2.58,2.64,5275,667,1519,978
6898,22046,7200,6886,314,4659,2227,2.78,2.44,6886,310,3512,1147
6899,22060,3005,2542,463,211,2331,3.62,3.50,2542,134,148,63
6900,22066,5800,5587,213,5307,280,2.99,3.33,5587,71,3624,1683
6901,22079,12569,11933,636,8947,2986,3.19,3.06,11933,397,7288,1659
6902,22101,11301,10656,645,9043,1613,2.93,2.62,10656,398,5895,3148
6903,22102,13469,12387,1082,6000,6387,2.47,2.02,12387,691,3971,2029
6904,22124,6686,6553,133,5707,846,2.82,2.44,6553,127,4316,1391
6905,22125,505,462,43,321,141,2.11,1.40,462,23,283,38
6906,22134,1479,1316,163,62,1254,3.24,2.73,1316,127,34,28
6907,22150,9769,9540,229,6017,3523,3.24,2.43,9540,840,4297,1720
6908,22151,5870,5548,322,4618,930,3.10,3.23,5548,94,3040,1578
6909,22152,10083,9817,266,8001,1816,2.99,3.39,9817,286,5809,2192
6910,22153,11009,10817,192,9806,1011,2.95,3.37,10817,115,7733,2073
6911,22172,3950,3624,326,2228,1396,3.85,2.44,3624,198,1732,496
6912,22180,9852,9295,557,6636,2659,2.84,2.59,9295,525,5035,1601
6913,22181,5870,5736,134,4880,856,2.73,2.71,5736,153,3724,1156
6914,22182,9927,9729,198,7235,2494,2.90,2.45,9729,297,5139,2096
6915,22191,26048,24324,1724,14866,9458,3.24,2.57,24324,543,11841,3025
6916,22192,20993,20229,764,15042,5187,2.98,2.83,20229,341,11919,3123
6917,22193,25214,24613,601,19946,4667,3.42,3.30,24613,617,16452,3494
6918,22201,21182,19946,1236,6256,13690,2.22,1.81,19946,3390,4567,1689
6919,22202,17488,15178,2310,3190,11988,1.99,1.69,15178,3282,2149,1041
6920,22203,13944,12946,998,4307,8639,2.18,1.77,12946,3114,2998,1309
6921,22204,23765,22847,918,9496,13351,2.43,2.26,22847,2321,7550,1946
6922,22205,6923,6835,88,5465,1370,2.82,2.31,6835,371,3895,1570
6923,22206,11758,10794,964,4667,6127,1.87,2.01,10794,555,3729,938
6924,22207,12402,12014,388,9632,2382,2.86,2.32,12014,473,7006,2626
6925,22209,8743,7584,1159,2407,5177,1.54,1.72,7584,1696,1345,1062
6926,22211,55,47,8,0,47,-,2.70,47,0,0,0
6927,22213,1729,1719,10,1113,606,2.78,2.03,1719,0,834,279
6928,22214,0,0,0,0,0,-,-,0,0,0,0
6929,22301,6482,6242,240,3499,2743,2.65,1.85,6242,400,2892,607
6930,22302,9368,8661,707,5102,3559,1.98,2.14,8661,571,4004,1098
6931,22303,8488,7950,538,3741,4209,2.32,1.84,7950,633,2661,1080
6932,22304,25016,23148,1868,9217,13931,2.13,2.16,23148,2441,6840,2377
6933,22305,7845,7444,401,2684,4760,2.54,2.22,7444,1417,2166,518
6934,22306,11852,11305,547,5624,5681,2.72,3.17,11305,1109,4083,1541
6935,22307,4758,4533,225,3454,1079,2.45,1.52,4533,430,2711,743
6936,22308,4775,4675,100,4309,366,2.78,3.04,4675,52,3210,1099
6937,22309,13292,12560,732,8505,4055,2.89,2.88,12560,1053,6560,1945
6938,22310,10996,10751,245,8198,2553,2.88,2.23,10751,307,6537,1661
6939,22311,9138,8354,784,1690,6664,2.07,2.36,8354,1110,1308,382
6940,22312,11446,10482,964,5427,5055,2.47,2.75,10482,847,4022,1405
6941,22314,20466,18846,1620,8979,9867,1.90,1.80,18846,1988,6604,2375
6942,22315,11872,11514,358,8584,2930,2.68,2.39,11514,299,6722,1862
6943,22401,11917,11154,763,4345,6809,2.54,2.13,11154,1015,3126,1219
6944,22405,12395,11665,730,9425,2240,3.03,2.69,11665,218,7253,2172
6945,22406,9508,9151,357,6766,2385,2.92,2.36,9151,198,5269,1497
6946,22407,21911,20866,1045,15766,5100,2.92,2.91,20866,620,12641,3125
6947,22408,11893,11548,345,8738,2810,2.72,2.40,11548,314,6627,2111
6948,22427,1530,1387,143,853,534,2.51,2.15,1387,195,561,292
6949,22432,236,87,149,58,29,-,2.07,87,0,0,58
6950,22433,78,78,0,78,0,2.51,-,78,0,78,0
6951,22435,1307,888,419,801,87,2.63,2.56,888,49,458,343
6952,22436,371,313,58,290,23,2.53,2.96,313,0,185,105
6953,22437,466,278,188,211,67,2.51,3.97,278,0,81,130
6954,22438,128,107,21,82,25,2.35,4.48,107,10,28,54
6955,22443,5400,4296,1104,3292,1004,2.31,2.33,4296,238,2110,1182
6956,22448,204,181,23,0,181,-,3.04,181,0,0,0
6957,22454,1174,745,429,472,273,2.60,2.66,745,0,260,212
6958,22460,966,674,292,586,88,2.38,1.89,674,10,328,258
6959,22469,1699,1050,649,821,229,2.40,1.75,1050,22,438,383
6960,22472,0,0,0,0,0,-,-,0,0,0,0
6961,22473,3983,2224,1759,2076,148,2.37,3.44,2224,122,888,1188
6962,22476,157,105,52,105,0,1.30,-,105,0,55,50
6963,22480,607,420,187,248,172,1.97,1.31,420,7,152,96
6964,22482,2102,1591,511,1097,494,1.84,2.07,1591,129,487,610
6965,22485,10044,9264,780,7076,2188,2.85,2.56,9264,170,5133,1943
6966,22488,529,200,329,145,55,2.89,1.67,200,14,20,125
6967,22503,2853,1751,1102,1521,230,1.98,3.74,1751,73,884,637
6968,22504,145,112,33,93,19,2.78,1.58,112,0,60,33
6969,22508,6192,5723,469,5537,186,2.59,2.88,5723,16,3882,1655
6970,22509,50,50,0,39,11,1.79,-,50,11,8,31
6971,22511,882,543,339,523,20,1.93,3.80,543,52,217,306
6972,22514,1005,898,107,745,153,2.68,1.78,898,25,503,242
6973,22520,2952,1919,1033,1442,477,2.36,2.19,1919,126,728,714
6974,22529,60,12,48,12,0,3.17,-,12,0,12,0
6975,22534,1007,974,33,852,122,3.37,3.99,974,14,691,161
6976,22535,229,188,41,138,50,2.41,1.78,188,7,92,46
6977,22538,92,92,0,92,0,1.79,-,92,0,0,92
6978,22539,1806,926,880,821,105,2.37,2.61,926,0,428,393
6979,22542,838,808,30,752,56,2.67,1.43,808,22,577,175
6980,22546,6821,6021,800,5059,962,2.66,3.12,6021,183,3807,1252
6981,22548,38,38,0,38,0,-,-,38,0,0,38
6982,22551,7744,7022,722,6113,909,2.96,2.84,7022,212,4341,1772
6983,22553,5772,5462,310,4266,1196,3.08,3.08,5462,113,3243,1023
6984,22554,20001,18963,1038,14785,4178,3.13,2.82,18963,306,11931,2854
6985,22556,10103,9750,353,7734,2016,3.37,3.24,9750,164,6358,1376
6986,22560,3354,2690,664,1674,1016,2.45,2.27,2690,159,922,752
6987,22567,1263,1055,208,841,214,2.61,3.98,1055,30,635,206
6988,22572,3226,2388,838,1395,993,2.87,2.18,2388,190,678,717
6989,22576,952,751,201,675,76,2.17,1.68,751,18,241,434
6990,22578,1856,1250,606,1029,221,2.23,1.76,1250,19,514,515
6991,22580,2275,2108,167,1716,392,2.63,2.83,2108,114,1061,655
6992,22601,12810,11474,1336,5304,6170,2.59,2.31,11474,908,3359,1945
6993,22602,11720,10993,727,8623,2370,2.84,2.83,10993,274,6052,2571
6994,22603,6959,6360,599,4418,1942,2.68,1.80,6360,507,2431,1987
6995,22610,785,706,79,663,43,2.46,2.00,706,0,399,264
6996,22611,3567,3345,222,2399,946,2.86,2.26,3345,96,1861,538
6997,22620,1146,969,177,856,113,2.66,2.83,969,2,554,302
6998,22623,284,267,17,203,64,3.22,3.61,267,8,145,58
6999,22624,1001,1001,0,842,159,3.49,2.02,1001,0,549,293
7000,22625,1520,1307,213,1165,142,2.66,2.74,1307,50,842,323
7001,22627,412,281,131,224,57,2.32,4.25,281,0,89,135
7002,22630,14021,12843,1178,9359,3484,2.62,2.54,12843,825,6774,2585
7003,22637,1066,935,131,641,294,3.00,1.49,935,34,424,217
7004,22639,255,249,6,202,47,2.24,3.68,249,8,89,113
7005,22640,307,176,131,81,95,1.42,3.87,176,15,56,25
7006,22641,139,101,38,89,12,2.30,-,101,0,40,49
7007,22642,2109,1692,417,1405,287,2.46,3.30,1692,10,1168,237
7008,22643,143,117,26,117,0,1.78,-,117,0,49,68
7009,22644,1186,1023,163,882,141,2.32,2.84,1023,64,539,343
7010,22645,1824,1672,152,1258,414,2.72,2.46,1672,69,762,496
7011,22646,37,13,24,13,0,2.08,-,13,0,0,13
7012,22650,550,346,204,338,8,2.07,-,346,0,193,145
7013,22652,756,575,181,518,57,2.47,1.61,575,0,411,107
7014,22654,573,395,178,372,23,2.37,-,395,0,179,193
7015,22655,8396,7835,561,5664,2171,2.93,2.69,7835,177,4262,1402
7016,22656,1644,1644,0,1425,219,2.82,2.00,1644,111,933,492
7017,22657,4576,4220,356,3159,1061,2.75,2.31,4220,161,2063,1096
7018,22660,765,640,125,521,119,2.63,2.07,640,28,323,198
7019,22663,492,403,89,313,90,2.06,3.18,403,19,83,230
7020,22664,4096,3677,419,2118,1559,2.48,2.79,3677,197,1160,958
7021,22701,13403,12505,898,8467,4038,2.85,2.68,12505,465,6391,2076
7022,22709,433,433,0,335,98,2.75,3.44,433,28,254,81
7023,22711,15,15,0,0,15,-,-,15,0,0,0
7024,22712,3030,2893,137,2233,660,3.10,2.92,2893,143,1691,542
7025,22713,622,607,15,443,164,2.65,3.59,607,0,318,125
7026,22714,348,320,28,235,85,3.53,1.59,320,0,152,83
7027,22715,586,586,0,553,33,2.50,5.79,586,0,304,249
7028,22716,526,449,77,432,17,2.10,7.00,449,0,371,61
7029,22718,337,293,44,232,61,2.61,1.95,293,10,93,139
7030,22719,133,79,54,70,9,1.93,-,79,0,58,12
7031,22720,355,296,59,279,17,3.60,1.47,296,6,183,96
7032,22722,199,199,0,199,0,2.64,-,199,20,166,33
7033,22723,71,71,0,71,0,1.25,-,71,0,0,71
7034,22724,801,764,37,659,105,3.18,1.88,764,0,472,187
7035,22725,16,16,0,16,0,4.38,-,16,0,16,0
7036,22726,377,352,25,251,101,2.53,2.55,352,0,169,82
7037,22727,2521,2205,316,1709,496,2.59,2.60,2205,51,1053,656
7038,22728,1394,1178,216,954,224,2.67,2.44,1178,20,583,371
7039,22729,150,80,70,55,25,2.18,-,80,0,28,27
7040,22730,65,27,38,14,13,5.36,2.15,27,0,14,0
7041,22731,92,78,14,78,0,4.31,-,78,0,78,0
7042,22732,86,86,0,86,0,2.16,-,86,0,73,13
7043,22733,587,511,76,387,124,3.13,2.35,511,0,281,106
7044,22734,1383,1286,97,809,477,2.86,3.22,1286,47,583,226
7045,22735,974,792,182,704,88,2.79,3.76,792,0,448,256
7046,22736,241,241,0,232,9,3.13,-,241,0,169,63
7047,22737,1154,1080,74,1005,75,3.11,4.28,1080,44,743,262
7048,22738,533,472,61,402,70,2.90,2.13,472,11,254,148
7049,22740,653,358,295,244,114,2.00,2.35,358,8,92,152
7050,22741,103,77,26,77,0,3.01,-,77,0,65,12
7051,22742,547,529,18,432,97,2.40,2.89,529,8,345,87
7052,22743,129,96,33,87,9,3.25,-,96,9,17,70
7053,22746,114,102,12,102,0,6.14,-,102,0,90,12
7054,22747,707,481,226,334,147,2.47,2.43,481,15,181,153
7055,22749,99,80,19,50,30,1.68,3.03,80,0,24,26
7056,22801,15256,13938,1318,6479,7459,2.45,2.79,13938,789,3789,2690
7057,22802,11783,11031,752,5819,5212,2.81,2.51,11031,815,3450,2369
7058,22807,1,1,0,0,1,-,25.00,1,0,0,0
7059,22810,1087,279,808,271,8,2.11,4.13,279,7,200,71
7060,22811,266,222,44,143,79,2.62,2.06,222,0,68,75
7061,22812,3413,3200,213,2191,1009,2.69,2.06,3200,354,1293,898
7062,22815,3756,3392,364,2452,940,2.68,2.66,3392,147,1546,906
7063,22820,145,100,45,85,15,2.08,4.73,100,0,4,81
7064,22821,2326,2190,136,1758,432,2.72,2.26,2190,179,928,830
7065,22824,2899,2551,348,1997,554,2.49,2.61,2551,78,1073,924
7066,22827,4762,4376,386,3441,935,2.39,2.31,4376,165,1659,1782
7067,22830,864,741,123,651,90,2.76,3.18,741,22,377,274
7068,22831,330,304,26,244,60,2.86,2.53,304,9,143,101
7069,22832,415,390,25,368,22,2.79,-,390,8,204,164
7070,22834,473,452,21,375,77,2.89,3.86,452,0,254,121
7071,22835,6314,4986,1328,3415,1571,2.47,2.09,4986,466,1617,1798
7072,22840,3651,1867,1784,1597,270,2.53,2.44,1867,27,945,652
7073,22841,1300,1240,60,933,307,2.70,2.50,1240,37,393,540
7074,22842,2947,2102,845,1608,494,2.73,2.62,2102,115,880,728
7075,22843,1068,987,81,807,180,2.71,2.16,987,28,400,407
7076,22844,2344,2171,173,1315,856,2.37,1.87,2171,163,803,512
7077,22845,110,58,52,58,0,-,-,58,0,0,58
7078,22846,668,643,25,551,92,3.11,3.68,643,0,371,180
7079,22847,312,265,47,181,84,2.06,2.86,265,3,124,57
7080,22849,2315,1833,482,1401,432,2.66,3.32,1833,154,766,635
7081,22850,594,472,122,402,70,3.06,2.87,472,8,168,234
7082,22851,2446,2098,348,1405,693,2.48,3.32,2098,104,698,707
7083,22853,1933,1792,141,1299,493,2.66,3.41,1792,109,742,557
7084,22901,17002,15900,1102,8911,6989,2.36,2.06,15900,1023,5446,3465
7085,22902,11937,11099,838,5705,5394,2.45,2.01,11099,1044,3759,1946
7086,22903,17112,15466,1646,6079,9387,2.37,2.39,15466,1390,4125,1954
7087,22904,26,26,0,0,26,-,2.81,26,0,0,0
7088,22908,0,0,0,0,0,-,-,0,0,0,0
7089,22911,7737,7377,360,5154,2223,2.67,2.02,7377,389,3668,1486
7090,22920,2144,1727,417,1376,351,2.21,2.05,1727,28,913,463
7091,22922,955,892,63,813,79,2.68,1.84,892,76,609,204
7092,22923,2787,2581,206,1697,884,2.49,2.35,2581,28,1269,428
7093,22931,119,93,26,65,28,2.18,2.86,93,0,32,33
7094,22932,3652,2979,673,2499,480,2.61,1.97,2979,120,1667,832
7095,22935,416,285,131,285,0,2.29,-,285,16,65,220
7096,22936,2252,2185,67,1963,222,2.89,2.94,2185,36,1209,754
7097,22937,911,832,79,741,91,2.85,1.20,832,8,499,242
7098,22938,480,383,97,299,84,2.41,2.50,383,49,199,100
7099,22939,2594,2411,183,1746,665,2.49,1.97,2411,244,1294,452
7100,22940,450,371,79,341,30,2.97,-,371,0,196,145
7101,22942,4699,3905,794,2918,987,2.63,2.18,3905,119,2180,738
7102,22943,299,222,77,157,65,2.93,2.05,222,13,82,75
7103,22946,68,55,13,55,0,3.11,-,55,0,29,26
7104,22947,2362,2101,261,1758,343,2.32,1.78,2101,9,908,850
7105,22948,62,62,0,62,0,2.03,-,62,0,13,49
7106,22949,754,576,178,275,301,1.94,1.54,576,75,180,95
7107,22952,698,609,89,560,49,2.62,1.88,609,0,413,147
7108,22957,0,0,0,0,0,-,-,0,0,0,0
7109,22958,3036,965,2071,871,94,2.08,1.11,965,0,464,407
7110,22959,812,680,132,571,109,2.65,1.80,680,0,339,232
7111,22960,4356,3821,535,2368,1453,2.68,2.51,3821,303,1386,982
7112,22963,6930,6334,596,5816,518,2.56,2.51,6334,112,4141,1675
7113,22964,183,138,45,77,61,2.96,2.80,138,0,43,34
7114,22967,1293,873,420,614,259,2.50,3.41,873,77,334,280
7115,22968,3749,3678,71,3044,634,2.81,3.55,3678,118,2023,1021
7116,22969,768,636,132,503,133,2.99,4.28,636,4,252,251
7117,22971,1014,736,278,564,172,3.38,2.44,736,23,350,214
7118,22972,231,189,42,127,62,1.50,2.71,189,0,20,107
7119,22973,3292,2570,722,2046,524,2.41,2.39,2570,129,1112,934
7120,22974,1423,1282,141,1099,183,2.86,2.14,1282,63,743,356
7121,22976,209,116,93,98,18,3.38,-,116,0,46,52
7122,22980,14585,13645,940,9237,4408,2.47,2.15,13645,762,5922,3315
7123,22989,29,29,0,0,29,-,2.31,29,0,0,0
7124,23002,4521,4172,349,3388,784,2.36,3.11,4172,153,2010,1378
7125,23004,537,466,71,378,88,2.12,3.57,466,0,177,201
7126,23005,7053,6540,513,4730,1810,2.61,2.59,6540,266,3095,1635
7127,23009,2860,2763,97,2488,275,2.76,2.78,2763,101,1813,675
7128,23011,454,390,64,283,107,2.18,1.19,390,0,283,0
7129,23015,1902,1639,263,1566,73,2.76,2.85,1639,69,935,631
7130,23021,12,12,0,12,0,3.17,-,12,0,12,0
7131,23022,481,461,20,350,111,3.03,1.74,461,35,244,106
7132,23023,137,115,22,108,7,2.85,-,115,0,60,48
7133,23024,4943,3897,1046,3396,501,2.57,1.95,3897,177,2447,949
7134,23025,526,382,144,329,53,1.96,2.17,382,6,75,254
7135,23027,586,500,86,432,68,3.13,3.57,500,29,201,231
7136,23030,2120,1896,224,1568,328,2.30,2.52,1896,132,817,751
7137,23032,110,97,13,86,11,1.91,-,97,8,38,48
7138,23035,948,605,343,580,25,2.32,5.32,605,0,361,219
7139,23038,1135,763,372,648,115,2.18,2.74,763,15,334,314
7140,23039,579,499,80,499,0,2.48,-,499,5,319,180
7141,23040,1995,1776,219,1268,508,2.28,2.11,1776,26,632,636
7142,23043,1457,737,720,597,140,1.99,3.21,737,0,294,303
7143,23045,33,33,0,33,0,2.06,-,33,0,0,33
7144,23047,938,684,254,609,75,2.47,2.44,684,45,270,339
7145,23050,246,246,0,246,0,2.02,-,246,0,98,148
7146,23055,602,413,189,190,223,2.17,1.69,413,0,107,83
7147,23056,192,56,136,27,29,2.30,1.66,56,0,12,15
7148,23059,15422,14897,525,11494,3403,2.91,2.21,14897,513,8608,2886
7149,23060,14362,13655,707,10888,2767,2.68,2.36,13655,312,8290,2598
7150,23061,9830,8502,1328,7174,1328,2.61,2.64,8502,296,4880,2294
7151,23062,1047,953,94,620,333,3.23,1.65,953,27,448,172
7152,23063,1870,1637,233,1305,332,2.53,2.64,1637,52,801,504
7153,23065,600,590,10,538,52,2.49,2.56,590,25,296,242
7154,23066,667,348,319,229,119,1.77,2.61,348,0,122,107
7155,23068,152,109,43,109,0,1.24,-,109,0,109,0
7156,23069,1234,1115,119,1021,94,2.38,1.97,1115,0,654,367
7157,23070,368,345,23,326,19,1.87,3.21,345,0,173,153
7158,23071,1172,774,398,698,76,2.27,3.11,774,42,451,247
7159,23072,5478,4879,599,3672,1207,2.68,2.10,4879,57,2460,1212
7160,23075,4075,3680,395,2062,1618,2.27,2.47,3680,395,1446,616
7161,23076,349,181,168,167,14,1.41,4.86,181,0,141,26
7162,23079,208,151,57,125,26,2.88,3.77,151,0,64,61
7163,23081,0,0,0,0,0,-,-,0,0,0,0
7164,23083,966,850,116,771,79,2.76,2.73,850,68,242,529
7165,23084,646,600,46,469,131,2.12,2.93,600,24,284,185
7166,23085,235,176,59,176,0,3.31,-,176,0,128,48
7167,23086,1511,1323,188,1148,175,2.65,2.31,1323,32,863,285
7168,23089,2406,2227,179,1779,448,2.15,2.83,2227,47,1060,719
7169,23091,242,195,47,106,89,1.65,3.52,195,14,56,50
7170,23092,462,370,92,346,24,1.64,-,370,42,97,249
7171,23093,5945,5197,748,3825,1372,2.66,2.57,5197,310,2392,1433
7172,23102,1303,1246,57,1120,126,2.78,2.36,1246,11,759,361
7173,23103,2678,2570,108,2386,184,2.48,2.36,2570,69,1530,856
7174,23106,536,473,63,460,13,2.68,-,473,17,311,149
7175,23108,31,31,0,26,5,1.73,2.20,31,0,26,0
7176,23109,1087,937,150,718,219,3.14,2.68,937,12,310,408
7177,23110,442,409,33,351,58,1.84,3.41,409,33,198,153
7178,23111,15470,14693,777,11603,3090,2.59,2.26,14693,659,8067,3536
7179,23112,20872,20264,608,16025,4239,2.75,2.44,20264,488,12365,3660
7180,23113,10200,9761,439,8235,1526,2.74,2.05,9761,266,5735,2500
7181,23114,8412,7999,413,6397,1602,2.75,2.24,7999,287,4935,1462
7182,23116,11680,11283,397,10007,1276,2.93,2.76,11283,180,7340,2667
7183,23117,5328,3843,1485,3370,473,2.74,2.62,3843,139,2221,1149
7184,23119,135,39,96,39,0,2.72,-,39,0,39,0
7185,23120,4563,4460,103,4295,165,3.12,3.24,4460,42,3330,965
7186,23123,799,656,143,382,274,3.02,2.87,656,56,245,137
7187,23124,1913,1804,109,1764,40,2.69,3.63,1804,0,1197,567
7188,23126,223,214,9,202,12,2.57,2.25,214,7,170,32
7189,23128,177,161,16,107,54,1.55,1.65,161,0,41,66
7190,23129,182,182,0,155,27,2.15,2.48,182,0,115,40
7191,23130,143,62,81,62,0,1.89,-,62,0,22,40
7192,23138,797,397,400,346,51,2.24,2.82,397,0,119,227
7193,23139,10463,9802,661,8879,923,2.69,2.11,9802,124,6147,2732
7194,23140,2844,2698,146,2408,290,2.61,3.02,2698,87,1649,759
7195,23141,2863,2583,280,2343,240,2.70,2.66,2583,57,1800,543
7196,23146,1280,1203,77,1124,79,2.75,2.92,1203,0,767,357
7197,23147,0,0,0,0,0,-,-,0,0,0,0
7198,23148,706,599,107,523,76,1.95,4.00,599,11,290,233
7199,23149,1289,1041,248,755,286,2.11,2.76,1041,78,389,366
7200,23150,5477,5218,259,3755,1463,2.40,2.33,5218,306,2502,1253
7201,23153,546,516,30,460,56,2.74,1.73,516,11,365,95
7202,23156,847,572,275,496,76,2.14,4.30,572,35,230,266
7203,23160,0,0,0,0,0,-,-,0,0,0,0
7204,23161,84,38,46,0,38,-,2.61,38,0,0,0
7205,23163,94,46,48,46,0,3.30,-,46,0,46,0
7206,23168,3176,3028,148,2670,358,2.84,2.50,3028,117,1995,675
7207,23169,694,426,268,401,25,2.56,1.64,426,39,200,201
7208,23173,0,0,0,0,0,-,-,0,0,0,0
7209,23175,1280,812,468,580,232,2.34,1.74,812,8,269,311
7210,23176,360,160,200,160,0,2.23,-,160,13,97,63
7211,23177,345,316,29,204,112,1.97,2.73,316,29,131,73
7212,23180,363,236,127,184,52,2.51,4.37,236,5,71,113
7213,23181,2423,2134,289,1730,404,2.47,2.44,2134,64,1137,593
7214,23185,22802,18682,4120,13317,5365,2.61,2.30,18682,1008,8951,4366
7215,23188,19344,17190,2154,12671,4519,2.57,2.42,17190,613,8579,4092
7216,23192,2506,2404,102,2096,308,2.70,3.27,2404,0,1504,592
7217,23219,3433,3003,430,223,2780,1.61,1.38,3003,918,162,61
7218,23220,16023,14099,1924,4792,9307,2.24,2.12,14099,2604,3529,1263
7219,23221,7787,7419,368,3812,3607,2.13,1.71,7419,354,2656,1156
7220,23222,12066,10789,1277,5680,5109,2.56,2.68,10789,1626,4145,1535
7221,23223,25950,23486,2464,10509,12977,2.39,2.18,23486,3689,7983,2526
7222,23224,17557,15987,1570,5734,10253,2.20,2.51,15987,2448,4251,1483
7223,23225,20965,18722,2243,9187,9535,2.35,2.09,18722,1420,6835,2352
7224,23226,7887,7328,559,5752,1576,2.12,2.33,7328,123,3801,1951
7225,23227,13310,11870,1440,6466,5404,2.40,1.86,11870,2081,5021,1445
7226,23228,16060,14990,1070,7873,7117,2.36,2.25,14990,737,5875,1998
7227,23229,14015,13451,564,9409,4042,2.65,2.61,13451,541,6409,3000
7228,23230,4158,3794,364,1457,2337,2.16,1.77,3794,488,1055,402
7229,23231,16314,15307,1007,10507,4800,2.43,2.31,15307,1212,7831,2676
7230,23233,12960,12401,559,7859,4542,2.79,1.95,12401,438,5853,2006
7231,23234,17285,16124,1161,8826,7298,2.84,2.78,16124,1085,6513,2313
7232,23235,14563,13977,586,9839,4138,2.43,2.24,13977,451,6809,3030
7233,23236,10544,10247,297,8967,1280,2.48,2.83,10247,234,6537,2430
7234,23237,9451,9091,360,5992,3099,2.87,3.46,9091,413,4129,1863
7235,23238,12170,11388,782,7019,4369,2.50,2.07,11388,728,4494,2525
7236,23250,0,0,0,0,0,-,-,0,0,0,0
7237,23284,7,7,0,0,7,-,-,7,0,0,0
7238,23294,8719,8260,459,2985,5275,2.47,2.23,8260,308,1948,1037
7239,23298,0,0,0,0,0,-,-,0,0,0,0
7240,23301,1022,753,269,410,343,2.68,2.81,753,63,148,262
7241,23302,0,0,0,0,0,-,-,0,0,0,0
7242,23303,163,163,0,107,56,3.33,-,163,56,74,33
7243,23304,0,0,0,0,0,-,-,0,0,0,0
7244,23306,575,442,133,235,207,2.21,2.04,442,7,137,98
7245,23307,281,236,45,132,104,1.80,2.50,236,48,87,45
7246,23308,973,831,142,533,298,2.96,2.62,831,105,302,231
7247,23310,3409,2323,1086,1385,938,2.34,2.19,2323,179,690,695
7248,23314,3932,3629,303,2566,1063,2.75,2.41,3629,125,1920,646
7249,23315,671,617,54,514,103,2.08,2.40,617,10,294,220
7250,23316,44,32,12,23,9,2.70,1.56,32,0,9,14
7251,23320,25583,24387,1196,15254,9133,2.56,2.25,24387,819,11660,3594
7252,23321,14583,13815,768,10615,3200,2.84,2.54,13815,542,7839,2776
7253,23322,22022,21294,728,18678,2616,2.92,2.75,21294,541,14173,4505
7254,23323,14746,14236,510,11486,2750,2.93,2.83,14236,258,9238,2248
7255,23324,9543,8492,1051,4349,4143,2.77,2.71,8492,1135,3014,1335
7256,23325,7666,7297,369,4696,2601,2.59,2.42,7297,582,3395,1301
7257,23336,4541,1908,2633,1412,496,1.71,1.74,1908,157,575,837
7258,23337,425,284,141,142,142,2.02,2.33,284,22,61,81
7259,23347,388,274,114,158,116,2.59,2.50,274,0,62,96
7260,23350,1952,1485,467,867,618,2.13,2.47,1485,172,454,413
7261,23354,148,100,48,100,0,2.30,-,100,0,51,49
7262,23356,1176,541,635,464,77,2.70,2.99,541,21,349,115
7263,23357,261,186,75,118,68,2.07,5.40,186,0,77,41
7264,23358,101,54,47,54,0,2.31,-,54,0,10,44
7265,23359,400,344,56,320,24,2.58,2.58,344,7,91,229
7266,23389,58,58,0,58,0,3.48,-,58,0,58,0
7267,23395,1068,215,853,215,0,2.04,-,215,0,15,200
7268,23398,12,12,0,5,7,2.40,2.57,12,0,5,0
7269,23401,139,114,25,60,54,1.82,2.85,114,20,6,54
7270,23405,577,445,132,430,15,2.19,1.80,445,0,332,98
7271,23407,193,193,0,133,60,3.48,3.13,193,0,50,83
7272,23408,10,10,0,10,0,-,-,10,0,0,10
7273,23409,78,60,18,54,6,2.48,-,60,11,33,21
7274,23410,881,712,169,435,277,2.61,2.46,712,7,240,195
7275,23413,480,347,133,192,155,2.45,1.83,347,65,124,68
7276,23414,57,57,0,0,57,-,1.63,57,57,0,0
7277,23415,913,757,156,478,279,2.16,3.21,757,0,241,237
7278,23416,102,42,60,16,26,1.19,-,42,26,0,16
7279,23417,2480,1850,630,1296,554,1.81,2.01,1850,84,571,725
7280,23418,568,381,187,242,139,1.85,3.09,381,8,176,66
7281,23420,1409,1106,303,582,524,2.38,2.64,1106,203,248,334
7282,23421,2071,1699,372,1007,692,2.12,2.61,1699,228,608,399
7283,23422,137,107,30,83,24,2.22,1.96,107,0,44,39
7284,23423,195,116,79,50,66,2.74,2.45,116,0,21,29
7285,23426,63,27,36,20,7,1.65,2.43,27,0,13,7
7286,23427,234,116,118,105,11,2.22,1.73,116,2,53,52
7287,23430,7614,7088,526,5806,1282,2.57,2.19,7088,391,4029,1777
7288,23432,628,533,95,502,31,2.46,1.32,533,17,384,118
7289,23433,550,501,49,473,28,2.57,1.43,501,0,239,234
7290,23434,20927,18960,1967,12550,6410,2.68,2.55,18960,1376,9147,3403
7291,23435,12766,12175,591,8411,3764,2.77,2.52,12175,567,6758,1653
7292,23436,380,355,25,349,6,2.82,2.00,355,0,261,88
7293,23437,1957,1938,19,1592,346,2.43,2.15,1938,24,1127,465
7294,23438,705,679,26,596,83,2.34,3.43,679,9,402,194
7295,23440,265,216,49,204,12,1.93,1.42,216,137,43,161
7296,23441,40,0,40,0,0,-,-,0,0,0,0
7297,23442,508,447,61,352,95,2.19,2.79,447,0,144,208
7298,23451,24482,20835,3647,11007,9828,2.12,2.05,20835,1278,7339,3668
7299,23452,23318,22182,1136,13408,8774,2.66,2.37,22182,662,9762,3646
7300,23453,13230,12647,583,8957,3690,2.81,2.71,12647,1001,7440,1517
7301,23454,24016,23165,851,15096,8069,2.55,2.36,23165,1025,10857,4239
7302,23455,22340,20801,1539,12588,8213,2.41,2.27,20801,1100,8548,4040
7303,23456,21810,19965,1845,17691,2274,2.96,2.95,19965,202,14572,3119
7304,23457,1710,1635,75,1441,194,2.97,2.10,1635,14,1062,379
7305,23459,0,0,0,0,0,-,-,0,0,0,0
7306,23460,0,0,0,0,0,-,-,0,0,0,0
7307,23461,0,0,0,0,0,-,-,0,0,0,0
7308,23462,28753,27278,1475,14686,12592,2.44,2.45,27278,1288,11508,3178
7309,23464,29528,28538,990,20124,8414,2.72,2.59,28538,1061,15672,4452
7310,23480,248,156,92,144,12,1.87,2.08,156,13,64,80
7311,23486,53,28,25,16,12,-,2.67,28,16,16,0
7312,23487,2650,2330,320,1834,496,2.59,2.43,2330,53,1001,833
7313,23488,317,217,100,134,83,1.52,2.43,217,0,0,134
7314,23502,8778,8280,498,4330,3950,2.44,2.24,8280,761,3339,991
7315,23503,14993,13999,994,6129,7870,2.35,2.02,13999,1221,4452,1677
7316,23504,9448,8379,1069,2744,5635,2.53,2.43,8379,2226,2256,488
7317,23505,13519,12286,1233,4003,8283,2.28,2.28,12286,1521,2907,1096
7318,23507,3528,3313,215,1380,1933,2.32,1.57,3313,175,896,484
7319,23508,7293,6691,602,3069,3622,2.46,2.42,6691,593,2474,595
7320,23509,5813,5241,572,3114,2127,2.59,2.14,5241,390,2343,771
7321,23510,4940,4633,307,896,3737,1.58,1.72,4633,685,524,372
7322,23511,330,326,4,0,326,-,3.54,326,0,0,0
7323,23513,12928,12009,919,6429,5580,2.54,2.48,12009,1510,4401,2028
7324,23517,2582,2414,168,538,1876,2.28,1.57,2414,363,399,139
7325,23518,13559,12542,1017,6898,5644,2.35,2.20,12542,740,5015,1883
7326,23523,3236,2764,472,909,1855,2.76,2.34,2764,758,674,235
7327,23551,0,0,0,0,0,-,-,0,0,0,0
7328,23601,12618,11663,955,6119,5544,2.33,2.05,11663,1176,4339,1780
7329,23602,18639,17737,902,9080,8657,2.37,2.25,17737,960,6514,2566
7330,23603,1673,1439,234,865,574,2.43,2.63,1439,33,712,153
7331,23604,879,773,106,12,761,-,3.67,773,14,0,12
7332,23605,7113,6393,720,2755,3638,2.41,1.98,6393,669,2072,683
7333,23606,12704,11873,831,5457,6416,2.41,2.11,11873,1092,3310,2147
7334,23607,11032,9521,1511,2766,6755,2.29,2.43,9521,2837,1583,1183
7335,23608,18238,16889,1349,8897,7992,2.69,2.43,16889,1378,6665,2232
7336,23651,249,242,7,0,242,-,1.82,242,29,0,0
7337,23661,6402,5868,534,4056,1812,2.20,2.58,5868,430,3049,1007
7338,23662,4906,4617,289,3782,835,2.73,2.41,4617,116,2693,1089
7339,23663,6005,5424,581,2820,2604,2.46,2.63,5424,576,1847,973
7340,23664,4978,4550,428,3102,1448,2.25,2.15,4550,179,2008,1094
7341,23665,1677,1610,67,67,1543,2.61,3.45,1610,84,38,29
7342,23666,24785,23074,1711,11868,11206,2.50,2.09,23074,1389,8660,3208
7343,23667,0,0,0,0,0,-,-,0,0,0,0
7344,23668,0,0,0,0,0,-,-,0,0,0,0
7345,23669,18041,16342,1699,9556,6786,2.46,2.09,16342,1999,6310,3246
7346,23681,0,0,0,0,0,-,-,0,0,0,0
7347,23690,1628,1535,93,1176,359,2.98,1.88,1535,118,926,250
7348,23691,15,15,0,0,15,-,4.47,15,0,0,0
7349,23692,7556,7303,253,5989,1314,2.51,2.68,7303,88,4103,1886
7350,23693,8955,8791,164,6284,2507,2.76,2.51,8791,194,4531,1753
7351,23696,1415,1321,94,1152,169,2.97,3.21,1321,30,811,341
7352,23701,10487,9518,969,6178,3340,2.32,2.82,9518,806,3950,2228
7353,23702,5283,4832,451,2174,2658,2.49,2.55,4832,475,1566,608
7354,23703,10857,9836,1021,6694,3142,2.68,2.61,9836,411,4912,1782
7355,23704,9153,8037,1116,2907,5130,2.45,2.05,8037,1685,2062,845
7356,23707,7149,6325,824,3510,2815,2.17,2.24,6325,896,2453,1057
7357,23708,5,5,0,0,5,-,-,5,0,0,0
7358,23709,0,0,0,0,0,-,-,0,0,0,0
7359,23801,1562,1470,92,3,1467,6.00,3.92,1470,50,0,3
7360,23803,19790,16379,3411,8185,8194,2.53,2.23,16379,2256,5521,2664
7361,23805,9123,8282,841,4533,3749,2.75,2.23,8282,567,3297,1236
7362,23821,1038,722,316,565,157,2.33,3.17,722,61,247,318
7363,23824,3166,2583,583,1754,829,2.60,2.40,2583,108,965,789
7364,23827,561,441,120,269,172,2.92,2.36,441,79,186,83
7365,23828,329,261,68,247,14,2.82,1.07,261,0,141,106
7366,23829,597,500,97,445,55,2.16,2.05,500,7,323,122
7367,23830,546,533,13,503,30,2.74,-,533,0,283,220
7368,23831,14248,13744,504,10138,3606,2.69,2.43,13744,433,7417,2721
7369,23832,13331,13025,306,11345,1680,2.92,3.10,13025,169,8770,2575
7370,23833,880,835,45,726,109,2.67,1.64,835,30,496,230
7371,23834,11809,10925,884,7543,3382,2.60,2.29,10925,609,5045,2498
7372,23836,5503,5272,231,3657,1615,2.81,2.22,5272,10,2683,974
7373,23837,1828,1773,55,1298,475,2.62,2.42,1773,92,734,564
7374,23838,5926,5777,149,5542,235,2.84,3.16,5777,76,3921,1621
7375,23839,406,314,92,237,77,2.98,2.81,314,33,178,59
7376,23840,835,755,80,650,105,2.65,2.54,755,62,366,284
7377,23841,1485,1328,157,1112,216,2.49,3.70,1328,58,783,329
7378,23842,3016,2664,352,2407,257,2.76,2.81,2664,180,1466,941
7379,23843,299,258,41,221,37,1.67,1.35,258,0,59,162
7380,23844,287,201,86,142,59,2.46,4.42,201,0,69,73
7381,23845,246,166,80,116,50,1.64,1.64,166,13,84,32
7382,23846,379,340,39,266,74,1.80,3.53,340,0,179,87
7383,23847,6475,5094,1381,3010,2084,2.32,3.17,5094,713,1454,1556
7384,23850,666,510,156,497,13,2.50,-,510,0,295,202
7385,23851,6150,5350,800,3139,2211,2.36,2.46,5350,543,1761,1378
7386,23856,573,404,169,272,132,1.96,2.52,404,0,114,158
7387,23857,183,140,43,70,70,2.76,2.67,140,0,49,21
7388,23860,12091,10877,1214,5906,4971,2.48,2.71,10877,938,3997,1909
7389,23866,885,744,141,535,209,2.08,3.40,744,6,250,285
7390,23867,1101,857,244,617,240,2.06,2.08,857,25,297,320
7391,23868,2400,1948,452,1266,682,2.36,2.67,1948,250,677,589
7392,23870,0,0,0,0,0,-,-,0,0,0,0
7393,23872,1186,943,243,730,213,2.52,3.11,943,43,320,410
7394,23874,528,402,126,333,69,2.02,1.48,402,25,118,215
7395,23875,4904,4711,193,3313,1398,2.74,2.82,4711,148,2355,958
7396,23876,86,86,0,77,9,2.14,-,86,9,32,45
7397,23878,646,646,0,581,65,2.54,2.38,646,64,337,244
7398,23879,320,253,67,115,138,2.05,2.09,253,0,68,47
7399,23881,1123,867,256,587,280,2.34,2.34,867,53,383,204
7400,23882,841,688,153,573,115,2.32,2.75,688,52,329,244
7401,23883,970,790,180,606,184,2.59,2.05,790,9,411,195
7402,23884,0,0,0,0,0,-,-,0,0,0,0
7403,23885,1186,1033,153,929,104,2.44,2.36,1033,13,666,263
7404,23887,590,269,321,219,50,1.79,-,269,0,155,64
7405,23888,1047,867,180,596,271,2.60,2.82,867,90,316,280
7406,23889,281,229,52,183,46,1.40,4.35,229,37,123,60
7407,23890,2073,1645,428,1179,466,2.73,3.16,1645,133,673,506
7408,23891,0,0,0,0,0,-,-,0,0,0,0
7409,23893,237,182,55,172,10,2.40,5.50,182,0,113,59
7410,23894,218,143,75,108,35,2.93,2.49,143,0,78,30
7411,23897,373,325,48,210,115,1.70,3.52,325,67,40,170
7412,23898,1078,1078,0,810,268,3.06,1.32,1078,0,560,250
7413,23899,258,204,54,179,25,1.89,2.56,204,45,56,123
7414,23901,6998,5634,1364,3457,2177,2.56,1.84,5634,637,2207,1250
7415,23909,0,0,0,0,0,-,-,0,0,0,0
7416,23915,539,402,137,276,126,3.47,2.48,402,9,135,141
7417,23917,1800,1068,732,865,203,2.59,2.91,1068,95,483,382
7418,23919,2839,865,1974,735,130,1.91,3.46,865,0,457,278
7419,23920,1623,1285,338,1142,143,2.29,2.27,1285,86,622,520
7420,23921,1072,813,259,594,219,2.51,2.43,813,66,212,382
7421,23922,1071,808,263,587,221,2.49,3.27,808,17,290,297
7422,23923,1253,1009,244,744,265,2.14,2.95,1009,67,328,416
7423,23924,3294,2520,774,1939,581,2.39,2.12,2520,215,942,997
7424,23927,3485,1983,1502,1536,447,2.07,2.25,1983,85,700,836
7425,23930,2664,2193,471,1632,561,2.36,2.85,2193,235,922,710
7426,23934,243,243,0,175,68,2.11,2.60,243,12,43,132
7427,23936,2513,2015,498,1545,470,2.36,2.26,2015,172,680,865
7428,23937,999,805,194,552,253,2.73,2.81,805,94,211,341
7429,23938,110,102,8,102,0,1.75,-,102,0,46,56
7430,23942,590,521,69,399,122,3.01,1.25,521,23,118,281
7431,23943,50,0,50,0,0,-,-,0,0,0,0
7432,23944,1889,1315,574,870,445,2.56,2.88,1315,109,359,511
7433,23947,2037,1486,551,857,629,2.66,2.07,1486,133,346,511
7434,23950,1764,1303,461,826,477,2.62,2.67,1303,87,348,478
7435,23952,95,65,30,65,0,3.06,-,65,0,40,25
7436,23954,1106,925,181,537,388,2.80,2.38,925,18,321,216
7437,23955,9,9,0,9,0,1.78,-,9,0,9,0
7438,23958,1339,996,343,782,214,2.42,3.61,996,53,395,387
7439,23959,624,489,135,387,102,2.47,3.27,489,4,134,253
7440,23960,960,764,196,572,192,2.66,1.89,764,23,439,133
7441,23962,287,180,107,163,17,2.53,1.82,180,0,78,85
7442,23963,149,101,48,93,8,2.90,2.00,101,0,65,28
7443,23964,616,484,132,347,137,2.13,2.56,484,59,125,222
7444,23966,1027,831,196,623,208,2.01,2.70,831,0,433,190
7445,23967,642,391,251,259,132,3.10,3.05,391,32,75,184
7446,23968,413,351,62,211,140,2.43,1.41,351,10,71,140
7447,23970,3912,3447,465,1943,1504,2.36,2.15,3447,537,1145,798
7448,23974,2088,1511,577,1017,494,2.70,2.62,1511,135,511,506
7449,23976,83,64,19,7,57,-,-,64,0,0,7
7450,24011,542,475,67,46,429,2.20,1.25,475,32,29,17
7451,24012,13688,12427,1261,7147,5280,2.47,2.22,12427,1472,4585,2562
7452,24013,3299,2662,637,1289,1373,2.82,3.25,2662,331,794,495
7453,24014,8630,7615,1015,4926,2689,2.36,1.73,7615,344,3037,1889
7454,24015,7411,6866,545,3944,2922,2.58,1.88,6866,615,2824,1120
7455,24016,5498,4556,942,981,3575,2.17,1.89,4556,939,495,486
7456,24017,10986,9477,1509,4945,4532,2.47,2.41,9477,1424,3145,1800
7457,24018,17421,15958,1463,11416,4542,2.53,2.04,15958,698,7388,4028
7458,24019,12311,11808,503,9265,2543,2.46,2.20,11808,337,6124,3141
7459,24020,28,28,0,0,28,-,4.29,28,0,0,0
7460,24022,0,0,0,0,0,-,-,0,0,0,0
7461,24053,1342,1095,247,851,244,2.09,2.55,1095,24,335,516
7462,24054,2794,2143,651,1746,397,2.78,2.14,2143,75,847,899
7463,24055,6135,4948,1187,3668,1280,2.43,1.92,4948,406,1318,2350
7464,24058,92,92,0,78,14,1.36,6.86,92,0,33,45
7465,24059,491,477,14,477,0,2.07,-,477,0,245,232
7466,24060,21578,18160,3418,8053,10107,2.49,2.74,18160,1266,3803,4250
7467,24061,0,0,0,0,0,-,-,0,0,0,0
7468,24064,1965,1814,151,1770,44,2.90,2.43,1814,117,1123,647
7469,24065,2867,2698,169,2212,486,2.52,1.57,2698,34,1302,910
7470,24066,2619,2045,574,1746,299,2.43,2.89,2045,111,879,867
7471,24067,1016,842,174,684,158,2.60,2.89,842,14,390,294
7472,24069,916,691,225,590,101,2.18,3.11,691,45,304,286
7473,24070,711,580,131,572,8,2.87,2.00,580,0,291,281
7474,24072,509,450,59,439,11,2.32,4.82,450,0,258,181
7475,24073,14076,12661,1415,8173,4488,2.44,2.18,12661,443,4996,3177
7476,24076,617,478,139,382,96,2.48,2.74,478,0,194,188
7477,24077,528,452,76,228,224,2.49,1.66,452,0,185,43
7478,24078,3428,2852,576,1526,1326,2.47,2.69,2852,192,845,681
7479,24079,855,772,83,551,221,2.21,3.80,772,15,284,267
7480,24082,217,217,0,170,47,2.93,1.26,217,0,95,75
7481,24083,1491,1370,121,1196,174,3.01,2.16,1370,55,841,355
7482,24084,5098,4402,696,3092,1310,2.28,2.16,4402,164,1664,1428
7483,24085,1400,1087,313,1013,74,1.94,3.11,1087,41,436,577
7484,24086,80,80,0,48,32,3.25,-,80,12,4,44
7485,24087,1816,1610,206,1115,495,2.88,2.01,1610,71,449,666
7486,24088,1943,1635,308,1242,393,2.49,2.15,1635,144,518,724
7487,24089,1557,1291,266,986,305,2.40,1.47,1291,28,383,603
7488,24090,2167,1974,193,1689,285,2.41,2.55,1974,36,934,755
7489,24091,3966,3387,579,2853,534,2.15,2.51,3387,335,1109,1744
7490,24092,1604,1263,341,1072,191,3.12,2.46,1263,47,723,349
7491,24093,39,39,0,34,5,2.38,3.80,39,2,14,20
7492,24095,2115,1741,374,1557,184,1.97,2.62,1741,9,895,662
7493,24101,2923,2382,541,2052,330,2.41,3.58,2382,45,1304,748
7494,24102,922,630,292,572,58,2.75,1.97,630,25,185,387
7495,24104,2307,1301,1006,1254,47,1.98,1.87,1301,25,620,634
7496,24105,256,211,45,211,0,1.99,-,211,17,99,112
7497,24112,15847,12697,3150,8571,4126,2.38,2.24,12697,1217,4019,4552
7498,24120,1241,815,426,637,178,1.95,2.52,815,11,191,446
7499,24121,7514,4711,2803,4151,560,2.26,2.76,4711,10,2500,1651
7500,24122,678,595,83,575,20,2.35,2.40,595,39,362,213
7501,24124,2197,1834,363,1460,374,2.42,3.05,1834,88,657,803
7502,24127,2119,1576,543,1190,386,2.72,2.12,1576,145,532,658
7503,24128,975,842,133,732,110,2.40,2.01,842,10,370,362
7504,24129,102,102,0,102,0,1.18,-,102,0,24,78
7505,24131,77,45,32,8,37,2.00,1.49,45,0,0,8
7506,24132,254,209,45,125,84,1.35,-,209,51,110,15
7507,24133,1107,924,183,704,220,2.82,2.05,924,54,244,460
7508,24134,2667,2230,437,1672,558,2.48,2.81,2230,181,767,905
7509,24136,1597,1267,330,995,272,2.32,1.83,1267,78,486,509
7510,24137,2188,1356,832,1188,168,2.03,3.24,1356,197,449,739
7511,24138,654,568,86,486,82,2.94,2.13,568,22,359,127
7512,24139,518,392,126,306,86,1.79,-,392,128,147,159
7513,24141,10337,8747,1590,5112,3635,2.38,2.43,8747,293,2831,2281
7514,24142,0,0,0,0,0,-,-,0,0,0,0
7515,24147,529,421,108,212,209,2.86,2.60,421,28,84,128
7516,24148,3962,3143,819,2458,685,2.62,3.07,3143,130,1264,1194
7517,24149,1578,1446,132,1244,202,2.41,3.25,1446,0,660,584
7518,24150,441,310,131,243,67,2.43,1.43,310,8,96,147
7519,24151,8904,7580,1324,5398,2182,2.49,2.19,7580,584,2623,2775
7520,24153,16329,14924,1405,10749,4175,2.48,1.89,14924,881,6534,4215
7521,24161,215,128,87,82,46,3.91,2.67,128,19,65,17
7522,24162,1174,886,288,485,401,2.72,1.87,886,45,239,246
7523,24165,732,573,159,422,151,2.32,2.20,573,29,189,233
7524,24167,104,65,39,31,34,2.13,1.35,65,20,0,31
7525,24168,97,97,0,52,45,1.31,4.18,97,45,35,17
7526,24171,4783,3710,1073,2881,829,2.30,1.76,3710,229,1309,1572
7527,24174,1278,1155,123,1006,149,2.76,1.68,1155,80,525,481
7528,24175,3391,2980,411,2561,419,2.62,2.00,2980,96,1411,1150
7529,24176,1104,547,557,510,37,2.18,2.30,547,18,339,171
7530,24179,8702,8052,650,5823,2229,2.45,2.12,8052,449,3797,2026
7531,24184,1969,1629,340,1439,190,2.41,2.03,1629,97,644,795
7532,24185,417,326,91,307,19,2.23,-,326,0,94,213
7533,24201,8046,6806,1240,4125,2681,2.30,2.27,6806,761,2502,1623
7534,24202,6276,5212,1064,4371,841,2.32,2.53,5212,152,2302,2069
7535,24210,7992,7299,693,4932,2367,2.30,2.01,7299,446,2294,2638
7536,24211,4814,4204,610,3562,642,2.39,2.00,4204,122,1943,1619
7537,24216,1278,1019,259,654,365,2.48,2.62,1019,105,244,410
7538,24217,224,122,102,100,22,2.28,1.91,122,22,29,71
7539,24219,4622,4018,604,2779,1239,2.67,2.04,4018,279,1615,1164
7540,24220,456,301,155,301,0,2.77,-,301,5,91,210
7541,24221,518,275,243,272,3,2.48,1.67,275,11,100,172
7542,24224,2707,2194,513,1697,497,2.41,2.55,2194,98,647,1050
7543,24225,1221,911,310,598,313,2.82,1.89,911,26,257,341
7544,24226,793,613,180,456,157,2.37,2.86,613,38,201,255
7545,24228,3229,2424,805,1830,594,2.46,2.01,2424,240,604,1226
7546,24230,4064,2914,1150,2033,881,2.45,2.70,2914,352,862,1171
7547,24236,1701,1228,473,847,381,2.65,2.22,1228,122,350,497
7548,24237,508,388,120,358,30,2.06,2.80,388,7,121,237
7549,24239,43,24,19,24,0,4.92,-,24,0,9,15
7550,24243,903,637,266,556,81,2.29,3.53,637,5,299,257
7551,24244,2810,1947,863,1461,486,2.81,2.25,1947,206,447,1014
7552,24245,616,341,275,210,131,2.26,2.50,341,71,48,162
7553,24246,103,103,0,19,84,2.74,2.51,103,0,8,11
7554,24248,1376,1072,304,939,133,2.26,1.27,1072,142,317,622
7555,24250,681,467,214,402,65,2.10,2.62,467,11,110,292
7556,24251,4346,3324,1022,2616,708,2.41,2.09,3324,218,1009,1607
7557,24256,1712,1336,376,961,375,2.34,2.58,1336,93,324,637
7558,24258,657,559,98,497,62,2.39,1.15,559,19,147,350
7559,24260,2606,2082,524,1479,603,2.35,2.53,2082,215,511,968
7560,24263,2894,2356,538,1492,864,2.41,2.27,2356,189,458,1034
7561,24265,509,354,155,307,47,3.77,2.51,354,0,21,286
7562,24266,4261,3551,710,2702,849,2.38,2.50,3551,250,874,1828
7563,24269,139,139,0,115,24,3.37,2.00,139,8,28,87
7564,24270,182,160,22,160,0,3.14,-,160,0,115,45
7565,24271,1502,1140,362,972,168,2.21,2.19,1140,54,288,684
7566,24272,469,291,178,259,32,2.36,-,291,30,100,159
7567,24273,2705,2354,351,1493,861,2.58,2.31,2354,172,581,912
7568,24277,2546,1883,663,1063,820,2.45,2.65,1883,336,387,676
7569,24279,2034,1656,378,1430,226,2.49,1.88,1656,154,515,915
7570,24280,352,272,80,220,52,3.36,6.31,272,0,108,112
7571,24281,999,795,204,566,229,2.84,3.53,795,114,283,283
7572,24282,350,228,122,195,33,3.63,2.21,228,4,59,136
7573,24283,948,843,105,576,267,2.56,1.96,843,89,234,342
7574,24290,982,775,207,492,283,2.74,3.03,775,85,172,320
7575,24292,267,173,94,146,27,2.32,1.85,173,15,46,100
7576,24293,4340,3710,630,2713,997,2.23,2.31,3710,225,944,1769
7577,24301,6772,5903,869,3600,2303,2.32,2.38,5903,425,1878,1722
7578,24311,834,692,142,494,198,1.92,2.41,692,92,137,357
7579,24312,921,701,220,429,272,2.59,1.98,701,152,179,250
7580,24313,340,282,58,257,25,2.64,2.00,282,0,72,185
7581,24314,853,588,265,525,63,2.16,2.41,588,18,140,385
7582,24315,1539,1235,304,982,253,2.10,2.79,1235,34,308,674
7583,24316,13,13,0,13,0,3.00,-,13,0,0,13
7584,24317,2154,1530,624,1217,313,2.53,1.72,1530,9,350,867
7585,24318,569,199,370,188,11,2.55,6.45,199,14,38,150
7586,24319,3139,2547,592,1769,778,2.46,2.30,2547,162,777,992
7587,24322,60,23,37,23,0,-,-,23,0,0,23
7588,24323,537,417,120,371,46,2.42,3.83,417,0,196,175
7589,24324,1151,976,175,833,143,2.36,1.60,976,17,540,293
7590,24325,846,579,267,482,97,2.00,1.58,579,16,137,345
7591,24326,682,427,255,357,70,2.14,1.14,427,0,103,254
7592,24327,0,0,0,0,0,-,-,0,0,0,0
7593,24328,1520,947,573,917,30,1.91,1.37,947,4,372,545
7594,24330,1705,1180,525,1037,143,2.29,2.87,1180,33,392,645
7595,24333,9054,7281,1773,5652,1629,2.54,2.29,7281,431,2934,2718
7596,24340,2569,2201,368,1647,554,2.90,2.53,2201,113,754,893
7597,24343,4767,3420,1347,2525,895,2.33,2.57,3420,152,1111,1414
7598,24347,977,752,225,564,188,2.10,2.20,752,42,325,239
7599,24348,2333,1649,684,1180,469,2.21,2.66,1649,88,406,774
7600,24350,712,602,110,526,76,2.89,1.14,602,20,177,349
7601,24351,312,255,57,123,132,1.33,1.71,255,0,36,87
7602,24352,762,429,333,334,95,2.96,2.11,429,0,115,219
7603,24354,7119,6112,1007,3876,2236,2.34,2.13,6112,542,1750,2126
7604,24360,2668,2352,316,2040,312,2.36,2.75,2352,87,805,1235
7605,24361,2139,1832,307,1340,492,2.52,2.73,1832,90,575,765
7606,24363,1114,553,561,502,51,1.96,1.65,553,7,116,386
7607,24366,258,187,71,175,12,2.44,-,187,12,83,92
7608,24368,2319,1945,374,1667,278,2.64,2.27,1945,53,681,986
7609,24370,3118,2504,614,1892,612,2.35,2.77,2504,217,829,1063
7610,24374,347,299,48,254,45,1.90,2.36,299,56,123,131
7611,24375,1086,725,361,530,195,2.35,2.56,725,30,361,169
7612,24377,279,159,120,151,8,3.46,2.75,159,14,63,88
7613,24378,626,417,209,391,26,2.04,2.23,417,30,143,248
7614,24380,1441,1179,262,1101,78,2.08,2.49,1179,37,321,780
7615,24381,1642,1247,395,837,410,2.61,2.60,1247,83,478,359
7616,24382,7413,6532,881,4449,2083,2.23,2.14,6532,654,1823,2626
7617,24401,17811,16220,1591,10164,6056,2.25,2.06,16220,1242,6261,3903
7618,24411,3,3,0,3,0,-,-,3,0,3,0
7619,24412,146,106,40,106,0,1.63,-,106,0,17,89
7620,24413,149,114,35,110,4,2.27,6.50,114,0,36,74
7621,24415,13,13,0,13,0,2.00,-,13,0,13,0
7622,24416,4041,3612,429,2285,1327,2.53,2.49,3612,120,1133,1152
7623,24421,1693,1485,208,1285,200,2.55,2.02,1485,19,809,476
7624,24422,2913,2377,536,1653,724,2.45,2.37,2377,244,776,877
7625,24426,7164,5839,1325,4786,1053,2.24,2.30,5839,310,1929,2857
7626,24430,800,694,106,389,305,2.42,2.21,694,80,262,127
7627,24431,1082,1039,43,943,96,2.43,2.81,1039,26,520,423
7628,24432,381,170,211,159,11,1.70,-,170,0,62,97
7629,24433,44,30,14,24,6,2.42,4.00,30,0,0,24
7630,24435,923,783,140,766,17,1.98,-,783,0,394,372
7631,24437,581,581,0,533,48,2.52,3.54,581,0,318,215
7632,24439,769,532,237,380,152,2.33,1.63,532,38,153,227
7633,24440,1207,1046,161,883,163,2.72,1.60,1046,0,469,414
7634,24441,2644,2557,87,2028,529,2.45,2.20,2557,116,1328,700
7635,24442,131,36,95,27,9,1.48,4.67,36,0,0,27
7636,24445,1686,1071,615,795,276,2.07,2.52,1071,46,294,501
7637,24448,229,177,52,171,6,2.14,2.17,177,13,76,95
7638,24450,6918,5689,1229,3627,2062,2.28,2.62,5689,320,1885,1742
7639,24457,159,138,21,68,70,2.99,1.80,138,25,49,19
7640,24458,242,152,90,145,7,1.88,3.29,152,29,14,131
7641,24459,289,257,32,214,43,2.07,3.21,257,13,118,96
7642,24460,986,506,480,390,116,2.05,2.93,506,0,201,189
7643,24464,199,107,92,17,90,2.00,2.08,107,68,4,13
7644,24465,1053,585,468,468,117,2.29,2.21,585,29,192,276
7645,24467,975,975,0,828,147,2.72,2.80,975,0,541,287
7646,24469,0,0,0,0,0,-,-,0,0,0,0
7647,24471,754,698,56,590,108,2.20,1.63,698,0,255,335
7648,24472,1185,873,312,631,242,2.69,1.64,873,152,235,396
7649,24473,526,300,226,247,53,2.50,2.60,300,0,183,64
7650,24474,215,170,45,164,6,2.66,4.67,170,18,42,122
7651,24476,132,99,33,84,15,2.20,1.93,99,0,50,34
7652,24477,4821,4541,280,3404,1137,2.65,2.31,4541,223,1983,1421
7653,24479,829,746,83,660,86,2.17,4.07,746,44,384,276
7654,24482,1952,1846,106,1399,447,2.23,3.19,1846,93,738,661
7655,24483,428,365,63,326,39,2.36,2.85,365,0,136,190
7656,24484,665,242,423,222,20,2.60,-,242,0,117,105
7657,24485,233,180,53,180,0,2.31,-,180,0,89,91
7658,24486,1271,1144,127,855,289,3.20,2.49,1144,21,665,190
7659,24487,303,171,132,150,21,2.64,1.10,171,0,87,63
7660,24501,11957,10063,1894,4749,5314,2.56,2.30,10063,1440,2419,2330
7661,24502,18440,16688,1752,8672,8016,2.54,2.22,16688,1011,5455,3217
7662,24503,8759,7922,837,5800,2122,2.43,2.15,7922,301,3415,2385
7663,24504,5017,3977,1040,2213,1764,2.35,2.27,3977,561,1148,1065
7664,24515,0,0,0,0,0,-,-,0,0,0,0
7665,24517,2401,2004,397,1438,566,2.53,2.37,2004,148,697,741
7666,24520,1204,990,214,872,118,2.33,1.58,990,20,443,429
7667,24521,4466,3920,546,2945,975,2.37,2.11,3920,177,1809,1136
7668,24522,4299,3698,601,2826,872,2.60,2.45,3698,183,1599,1227
7669,24523,9618,8358,1260,6346,2012,2.45,2.59,8358,263,3599,2747
7670,24526,718,624,94,534,90,2.28,2.26,624,19,266,268
7671,24527,1250,1128,122,927,201,2.79,2.97,1128,37,618,309
7672,24528,1772,1471,301,1096,375,2.12,3.14,1471,128,497,599
7673,24529,1005,623,382,535,88,2.25,2.57,623,6,183,352
7674,24530,605,462,143,360,102,1.75,2.67,462,0,156,204
7675,24531,4011,3297,714,2639,658,2.47,2.49,3297,214,1084,1555
7676,24534,871,649,222,510,139,2.68,1.79,649,67,241,269
7677,24536,77,77,0,77,0,2.65,-,77,0,48,29
7678,24538,2240,1971,269,1624,347,2.45,2.54,1971,87,890,734
7679,24539,184,170,14,107,63,2.78,-,170,7,40,67
7680,24540,15452,13311,2141,7839,5472,2.25,2.33,13311,1607,3924,3915
7681,24541,14483,12350,2133,6936,5414,2.27,2.25,12350,1544,3602,3334
7682,24549,1918,1589,329,1248,341,2.59,2.49,1589,36,526,722
7683,24550,3206,2825,381,2142,683,2.81,2.49,2825,82,1332,810
7684,24551,10535,10155,380,8178,1977,2.71,2.11,10155,310,5348,2830
7685,24553,1124,867,257,574,293,2.38,2.94,867,21,370,204
7686,24554,1845,1430,415,1157,273,2.24,2.71,1430,83,536,621
7687,24555,1097,984,113,762,222,2.41,2.96,984,161,435,327
7688,24556,1180,1138,42,1074,64,2.41,3.34,1138,62,539,535
7689,24557,4278,3477,801,2535,942,2.02,2.45,3477,206,823,1712
7690,24558,3301,2547,754,1937,610,2.48,2.15,2547,273,992,945
7691,24562,365,226,139,200,26,2.53,-,226,40,81,119
7692,24563,2811,2240,571,1506,734,2.29,2.62,2240,95,637,869
7693,24565,566,402,164,346,56,2.72,2.48,402,19,110,236
7694,24566,578,531,47,449,82,2.46,2.71,531,16,270,179
7695,24569,451,295,156,245,50,2.64,2.26,295,8,123,122
7696,24570,0,0,0,0,0,-,-,0,0,0,0
7697,24571,1111,851,260,727,124,2.50,2.49,851,33,390,337
7698,24572,7118,6488,630,4819,1669,2.40,2.33,6488,369,2682,2137
7699,24574,1913,1602,311,1375,227,2.51,3.37,1602,47,800,575
7700,24577,2521,1909,612,1542,367,2.25,2.49,1909,183,434,1108
7701,24578,414,345,69,285,60,2.40,2.52,345,0,176,109
7702,24579,655,436,219,289,147,2.23,1.52,436,0,138,151
7703,24580,342,309,33,261,48,2.10,1.71,309,11,92,169
7704,24581,0,0,0,0,0,-,-,0,0,0,0
7705,24586,2343,1911,432,1485,426,2.45,2.07,1911,74,725,760
7706,24588,4129,3873,256,2658,1215,2.55,2.13,3873,241,1295,1363
7707,24589,1061,892,169,710,182,2.80,1.98,892,44,269,441
7708,24590,3273,2997,276,2329,668,2.59,2.49,2997,84,1391,938
7709,24592,6624,5246,1378,3409,1837,2.62,2.50,5246,256,1856,1553
7710,24593,1150,951,199,789,162,2.87,2.60,951,18,510,279
7711,24594,809,661,148,534,127,2.91,3.24,661,7,295,239
7712,24595,64,64,0,30,34,1.63,2.59,64,0,14,16
7713,24597,444,342,102,298,44,2.68,2.20,342,0,151,147
7714,24598,801,517,284,425,92,2.95,2.02,517,14,200,225
7715,24599,385,280,105,220,60,2.04,3.45,280,8,40,180
7716,24601,20,0,20,0,0,-,-,0,0,0,0
7717,24602,433,281,152,194,87,2.54,5.48,281,11,89,105
7718,24603,584,282,302,282,0,2.16,-,282,18,116,166
7719,24604,202,104,98,104,0,2.34,-,104,9,0,104
7720,24605,4284,3585,699,2775,810,2.21,1.97,3585,262,1015,1760
7721,24606,82,59,23,59,0,2.59,-,59,0,0,59
7722,24607,171,116,55,96,20,2.14,2.95,116,24,5,91
7723,24609,3161,2484,677,1877,607,2.51,2.42,2484,168,778,1099
7724,24612,112,98,14,44,54,3.32,2.69,98,15,21,23
7725,24613,234,234,0,222,12,2.37,-,234,17,79,143
7726,24614,3721,2760,961,2243,517,2.38,2.83,2760,97,590,1653
7727,24620,975,730,245,618,112,3.44,4.54,730,91,88,530
7728,24622,524,284,240,228,56,2.09,3.07,284,4,39,189
7729,24630,3148,2481,667,1593,888,2.67,2.69,2481,191,776,817
7730,24631,915,628,287,389,239,2.97,2.14,628,0,105,284
7731,24634,243,166,77,154,12,2.38,5.00,166,0,46,108
7732,24635,380,187,193,132,55,1.67,1.51,187,33,42,90
7733,24637,1443,1302,141,1076,226,2.77,2.79,1302,51,412,664
7734,24639,1584,1302,282,1021,281,3.03,2.33,1302,85,243,778
7735,24641,2827,2317,510,1505,812,2.22,2.60,2317,178,601,904
7736,24646,490,394,96,377,17,1.98,-,394,24,19,358
7737,24649,1008,782,226,688,94,2.30,3.93,782,0,208,480
7738,24651,2796,2105,691,1664,441,2.77,1.95,2105,56,763,901
7739,24656,1448,987,461,882,105,2.79,2.48,987,42,163,719
7740,24657,163,135,28,55,80,1.75,3.00,135,12,6,49
7741,24701,9475,7826,1649,5146,2680,2.19,2.34,7826,978,1862,3284
7742,24712,860,672,188,517,155,2.75,4.03,672,33,180,337
7743,24714,135,119,16,119,0,3.18,-,119,21,37,82
7744,24715,175,117,58,112,5,2.66,6.80,117,2,35,77
7745,24716,144,144,0,102,42,2.37,-,144,62,0,102
7746,24719,106,27,79,27,0,3.07,-,27,0,17,10
7747,24724,98,53,45,41,12,2.22,1.42,53,2,8,33
7748,24726,171,171,0,109,62,3.69,1.65,171,33,0,109
7749,24729,160,45,115,45,0,1.33,-,45,0,0,45
7750,24731,40,40,0,40,0,2.98,-,40,20,20,20
7751,24733,111,98,13,98,0,1.88,-,98,0,53,45
7752,24736,407,279,128,238,41,2.48,2.63,279,11,26,212
7753,24737,600,442,158,290,152,3.33,2.46,442,61,49,241
7754,24738,0,0,0,0,0,-,-,0,0,0,0
7755,24739,6332,5700,632,4224,1476,2.25,2.60,5700,290,1879,2345
7756,24740,8174,6838,1336,4213,2625,2.50,2.13,6838,556,1764,2449
7757,24747,1533,1382,151,940,442,2.62,2.79,1382,43,416,524
7758,24801,1866,1274,592,960,314,2.70,2.67,1274,138,161,799
7759,24808,377,217,160,186,31,3.08,1.16,217,3,15,171
7760,24811,297,234,63,168,66,1.90,2.74,234,0,55,113
7761,24813,0,0,0,0,0,-,-,0,0,0,0
7762,24815,225,158,67,141,17,3.18,1.94,158,6,6,135
7763,24816,36,0,36,0,0,-,-,0,0,0,0
7764,24817,687,543,144,474,69,3.20,2.01,543,21,81,393
7765,24818,508,366,142,323,43,2.72,2.37,366,90,41,282
7766,24822,534,492,42,404,88,2.12,2.24,492,17,197,207
7767,24823,227,203,24,171,32,2.75,2.09,203,0,31,140
7768,24826,16,8,8,8,0,-,-,8,8,0,8
7769,24827,527,496,31,452,44,2.60,3.30,496,23,67,385
7770,24828,333,248,85,233,15,3.19,1.40,248,33,3,230
7771,24830,97,51,46,32,19,1.59,2.21,51,0,0,32
7772,24831,159,96,63,85,11,4.42,1.36,96,19,11,74
7773,24834,298,298,0,298,0,3.05,-,298,0,136,162
7774,24836,367,232,135,197,35,2.19,5.26,232,11,26,171
7775,24839,403,356,47,331,25,2.75,3.48,356,98,49,282
7776,24843,42,31,11,31,0,2.32,-,31,0,0,31
7777,24844,663,394,269,347,47,2.52,3.94,394,56,18,329
7778,24845,203,116,87,96,20,1.94,9.30,116,0,18,78
7779,24846,160,104,56,56,48,3.93,2.00,104,0,0,56
7780,24847,65,51,14,51,0,3.20,-,51,16,16,35
7781,24848,72,47,25,37,10,1.95,1.90,47,9,0,37
7782,24849,225,142,83,142,0,1.94,-,142,0,32,110
7783,24850,10,0,10,0,0,-,-,0,0,0,0
7784,24851,232,183,49,155,28,2.80,1.43,183,0,0,155
7785,24853,335,150,185,93,57,2.66,1.47,150,25,25,68
7786,24854,357,263,94,176,87,1.81,4.75,263,53,63,113
7787,24855,62,53,9,17,36,2.29,2.81,53,36,0,17
7788,24857,503,347,156,284,63,3.35,2.10,347,44,128,156
7789,24860,129,48,81,16,32,2.44,-,48,0,6,10
7790,24861,112,48,64,16,32,8.25,1.72,48,18,0,16
7791,24862,264,219,45,201,18,2.24,3.89,219,36,0,201
7792,24866,319,258,61,241,17,2.66,3.59,258,17,58,183
7793,24867,138,58,80,58,0,5.84,-,58,0,0,58
7794,24868,864,464,400,427,37,2.24,5.11,464,81,19,408
7795,24869,211,161,50,150,11,1.87,-,161,11,10,140
7796,24870,668,564,104,477,87,2.30,2.78,564,76,180,297
7797,24871,245,177,68,138,39,4.04,4.72,177,45,38,100
7798,24872,391,292,99,193,99,2.18,2.03,292,18,12,181
7799,24873,234,197,37,188,9,3.37,3.56,197,0,17,171
7800,24874,1247,915,332,546,369,2.55,3.48,915,181,173,373
7801,24878,159,113,46,72,41,1.74,4.20,113,10,32,40
7802,24879,261,181,80,151,30,2.95,2.50,181,0,1,150
7803,24880,102,102,0,82,20,2.49,3.95,102,0,0,82
7804,24881,161,110,51,110,0,2.15,-,110,19,15,95
7805,24882,465,386,79,386,0,2.79,-,386,0,70,316
7806,24884,28,12,16,6,6,3.67,-,12,6,0,6
7807,24887,7,0,7,0,0,-,-,0,0,0,0
7808,24888,46,32,14,32,0,1.47,-,32,9,0,32
7809,24892,708,448,260,316,132,2.40,5.39,448,70,41,275
7810,24894,168,119,49,79,40,3.00,4.23,119,8,8,71
7811,24895,32,29,3,29,0,2.48,-,29,0,0,29
7812,24898,137,83,54,83,0,3.47,-,83,0,62,21
7813,24901,4737,4225,512,2540,1685,2.48,1.74,4225,524,1421,1119
7814,24910,2101,1665,436,1368,297,2.28,2.89,1665,98,562,806
7815,24915,392,192,200,169,23,2.16,3.70,192,0,41,128
7816,24916,302,261,41,243,18,2.09,3.11,261,0,136,107
7817,24918,777,534,243,365,169,1.98,4.25,534,27,125,240
7818,24920,219,83,136,75,8,3.55,-,83,8,32,43
7819,24924,427,278,149,260,18,2.05,1.78,278,29,99,161
7820,24925,433,276,157,204,72,2.23,2.42,276,51,107,97
7821,24927,383,133,250,103,30,3.18,1.30,133,12,18,85
7822,24931,668,473,195,398,75,2.62,1.81,473,0,204,194
7823,24934,366,156,210,117,39,1.71,2.49,156,0,9,108
7824,24935,374,170,204,148,22,1.43,4.32,170,0,47,101
7825,24938,725,609,116,476,133,3.15,1.66,609,48,203,273
7826,24941,787,382,405,304,78,2.71,2.47,382,38,69,235
7827,24943,39,39,0,39,0,2.54,-,39,0,19,20
7828,24944,333,153,180,138,15,2.50,4.33,153,0,44,94
7829,24945,178,124,54,124,0,1.90,-,124,0,14,110
7830,24946,828,362,466,302,60,2.45,1.55,362,25,73,229
7831,24951,735,630,105,589,41,2.31,3.61,630,46,255,334
7832,24954,1915,1142,773,971,171,2.88,3.47,1142,173,462,509
7833,24957,241,213,28,174,39,2.02,2.03,213,25,127,47
7834,24962,47,34,13,34,0,1.68,-,34,0,0,34
7835,24963,1602,1279,323,997,282,2.91,2.53,1279,48,483,514
7836,24966,744,512,232,489,23,2.08,2.22,512,0,240,249
7837,24970,2229,1897,332,1407,490,2.19,2.02,1897,127,493,914
7838,24974,121,101,20,101,0,3.78,-,101,11,60,41
7839,24976,447,407,40,360,47,2.31,2.83,407,45,213,147
7840,24977,193,193,0,162,31,2.45,2.06,193,0,96,66
7841,24981,305,249,56,123,126,3.14,1.91,249,0,59,64
7842,24983,1141,814,327,702,112,2.59,2.50,814,57,238,464
7843,24984,329,50,279,27,23,1.07,5.43,50,0,24,3
7844,24985,160,115,45,97,18,2.39,8.11,115,0,45,52
7845,24986,3166,2165,1001,1515,650,2.14,2.44,2165,131,562,953
7846,24991,331,282,49,282,0,1.79,-,282,8,119,163
7847,24993,28,28,0,28,0,2.29,-,28,28,0,28
7848,25002,22,0,22,0,0,-,-,0,0,0,0
7849,25003,1024,901,123,667,234,2.08,2.11,901,55,251,416
7850,25005,90,78,12,78,0,1.71,-,78,0,16,62
7851,25007,227,168,59,168,0,2.99,-,168,34,0,168
7852,25008,86,86,0,56,30,2.48,3.17,86,0,19,37
7853,25009,424,389,35,304,85,3.74,2.52,389,52,37,267
7854,25011,289,251,38,178,73,2.42,1.52,251,8,116,62
7855,25015,1877,1502,375,1143,359,2.19,1.93,1502,58,440,703
7856,25019,197,150,47,138,12,2.51,2.08,150,17,60,78
7857,25021,203,182,21,134,48,1.51,2.21,182,5,5,129
7858,25022,53,53,0,36,17,2.08,5.65,53,0,11,25
7859,25024,218,205,13,136,69,2.00,3.04,205,39,47,89
7860,25025,22,5,17,5,0,2.20,-,5,0,0,5
7861,25028,200,161,39,161,0,1.67,-,161,45,21,140
7862,25030,124,96,28,96,0,3.40,-,96,0,56,40
7863,25031,543,427,116,311,116,2.30,1.59,427,36,138,173
7864,25033,854,681,173,576,105,2.68,1.71,681,27,225,351
7865,25035,255,229,26,141,88,3.08,4.35,229,0,9,132
7866,25036,103,67,36,67,0,2.67,-,67,0,0,67
7867,25039,301,244,57,204,40,2.84,2.20,244,15,66,138
7868,25040,254,219,35,184,35,3.39,-,219,0,152,32
7869,25043,745,504,241,322,182,2.78,3.50,504,73,141,181
7870,25044,117,74,43,56,18,2.25,2.28,74,0,14,42
7871,25045,2037,1480,557,1050,430,3.06,2.44,1480,153,286,764
7872,25047,122,56,66,56,0,2.86,-,56,0,12,44
7873,25048,64,64,0,61,3,2.36,11.00,64,0,14,47
7874,25049,243,123,120,107,16,2.98,-,123,0,8,99
7875,25051,86,73,13,73,0,3.55,-,73,0,25,48
7876,25053,1945,1496,449,1079,417,2.81,1.99,1496,100,429,650
7877,25054,101,48,53,30,18,3.33,4.11,48,18,20,10
7878,25057,94,66,28,66,0,3.64,-,66,0,51,15
7879,25059,135,95,40,87,8,1.84,3.63,95,0,31,56
7880,25060,127,91,36,55,36,2.47,2.33,91,0,0,55
7881,25061,212,200,12,163,37,2.24,4.76,200,11,104,59
7882,25062,136,108,28,108,0,1.50,-,108,42,5,103
7883,25063,835,659,176,546,113,2.97,2.39,659,9,166,380
7884,25064,5233,4358,875,2710,1648,2.25,1.85,4358,452,1024,1686
7885,25067,394,340,54,269,71,2.85,2.13,340,15,141,128
7886,25070,736,665,71,539,126,2.56,2.12,665,21,330,209
7887,25071,4962,4406,556,3460,946,2.60,2.31,4406,296,1543,1917
7888,25075,353,335,18,177,158,2.53,3.47,335,146,0,177
7889,25076,71,71,0,59,12,2.81,3.33,71,0,24,35
7890,25081,619,541,78,510,31,2.55,5.26,541,0,228,282
7891,25082,804,686,118,649,37,2.60,2.11,686,16,316,333
7892,25083,192,150,42,137,13,3.29,-,150,22,50,87
7893,25085,414,290,124,163,127,2.63,2.61,290,39,60,103
7894,25086,363,302,61,241,61,2.33,2.57,302,26,94,147
7895,25088,104,93,11,93,0,1.69,-,93,0,54,39
7896,25090,140,99,41,65,34,2.34,1.94,99,10,20,45
7897,25093,92,56,36,28,28,3.50,2.82,56,0,0,28
7898,25102,152,116,36,114,2,4.15,5.00,116,7,34,80
7899,25103,110,53,57,40,13,2.10,-,53,0,0,40
7900,25106,328,312,16,232,80,1.71,3.75,312,34,54,178
7901,25107,332,183,149,166,17,2.40,-,183,33,27,139
7902,25108,237,146,91,126,20,2.98,-,146,6,40,86
7903,25109,377,258,119,258,0,2.91,-,258,0,41,217
7904,25110,240,240,0,219,21,2.53,3.05,240,0,13,206
7905,25111,244,163,81,136,27,2.61,2.70,163,0,13,123
7906,25112,0,0,0,0,0,-,-,0,0,0,0
7907,25113,269,185,84,174,11,1.91,3.18,185,25,52,122
7908,25114,138,92,46,57,35,2.89,3.29,92,7,6,51
7909,25115,57,57,0,57,0,2.91,-,57,0,18,39
7910,25118,288,206,82,154,52,3.19,1.02,206,23,30,124
7911,25119,202,143,59,110,33,3.30,-,143,22,11,99
7912,25121,428,367,61,316,51,2.96,4.35,367,11,91,225
7913,25123,1309,1128,181,993,135,2.25,3.79,1128,83,428,565
7914,25124,656,608,48,583,25,2.33,2.40,608,22,120,463
7915,25125,465,343,122,295,48,3.15,6.92,343,13,57,238
7916,25126,228,194,34,184,10,1.83,-,194,120,56,128
7917,25130,1597,1204,393,942,262,2.80,3.02,1204,101,320,622
7918,25132,190,137,53,74,63,1.85,3.63,137,63,21,53
7919,25133,380,284,96,239,45,2.76,2.27,284,24,80,159
7920,25134,210,104,106,104,0,1.20,-,104,63,0,104
7921,25136,899,670,229,257,413,2.19,2.11,670,203,89,168
7922,25139,79,66,13,66,0,4.09,-,66,0,13,53
7923,25140,438,392,46,287,105,2.31,4.92,392,75,67,220
7924,25141,70,70,0,70,0,2.40,-,70,14,7,63
7925,25142,98,98,0,98,0,4.78,-,98,0,82,16
7926,25143,4428,3744,684,2666,1078,2.57,2.48,3744,420,1421,1245
7927,25148,231,145,86,145,0,2.76,-,145,14,55,90
7928,25149,168,56,112,56,0,1.63,-,56,0,0,56
7929,25152,232,186,46,176,10,2.82,-,186,10,89,87
7930,25154,292,252,40,198,54,3.53,3.07,252,9,79,119
7931,25156,48,12,36,12,0,-,-,12,0,0,12
7932,25159,1896,1571,325,1337,234,2.57,2.98,1571,79,577,760
7933,25160,181,170,11,128,42,2.75,1.90,170,0,23,105
7934,25161,221,154,67,137,17,2.23,3.12,154,19,0,137
7935,25162,194,131,63,95,36,2.81,1.97,131,12,38,57
7936,25164,663,395,268,332,63,2.48,2.11,395,29,87,245
7937,25165,349,284,65,251,33,3.67,1.45,284,17,110,141
7938,25168,1543,1372,171,1194,178,2.64,2.78,1372,20,575,619
7939,25169,174,144,30,120,24,2.57,2.92,144,0,64,56
7940,25173,99,99,0,54,45,2.00,1.49,99,0,0,54
7941,25174,172,96,76,96,0,1.90,-,96,35,23,73
7942,25177,11218,9604,1614,6773,2831,2.46,2.49,9604,859,3361,3412
7943,25180,127,109,18,109,0,2.94,-,109,0,52,57
7944,25181,583,461,122,445,16,2.68,-,461,38,183,262
7945,25183,55,35,20,35,0,2.23,-,35,0,0,35
7946,25185,21,0,21,0,0,-,-,0,0,0,0
7947,25186,449,404,45,262,142,2.76,2.12,404,72,76,186
7948,25187,396,350,46,328,22,2.52,-,350,78,128,200
7949,25193,272,184,88,135,49,3.74,3.53,184,22,43,92
7950,25201,32,32,0,32,0,2.16,-,32,0,7,25
7951,25202,546,455,91,384,71,2.86,2.23,455,0,127,257
7952,25203,24,24,0,24,0,4.67,-,24,0,15,9
7953,25204,86,27,59,19,8,2.84,2.75,27,0,5,14
7954,25205,100,49,51,40,9,2.13,-,49,9,24,16
7955,25206,117,60,57,37,23,2.16,1.83,60,5,0,37
7956,25208,366,274,92,167,107,3.58,3.04,274,14,30,137
7957,25209,524,278,246,239,39,2.46,1.79,278,50,68,171
7958,25211,21,21,0,21,0,3.67,-,21,9,0,21
7959,25213,2598,2445,153,2124,321,2.61,2.84,2445,133,1357,767
7960,25214,238,238,0,217,21,3.89,-,238,21,123,94
7961,25231,0,0,0,0,0,-,-,0,0,0,0
7962,25234,461,351,110,296,55,2.54,3.15,351,26,82,214
7963,25235,521,411,110,303,108,1.88,5.28,411,0,119,184
7964,25239,717,580,137,502,78,3.10,4.79,580,19,155,347
7965,25241,660,603,57,557,46,2.98,3.46,603,0,213,344
7966,25243,481,252,229,199,53,2.64,1.85,252,0,74,125
7967,25244,224,198,26,172,26,3.29,1.54,198,0,114,58
7968,25245,446,350,96,350,0,1.65,-,350,0,85,265
7969,25247,243,196,47,162,34,2.51,2.29,196,0,29,133
7970,25248,1598,1456,142,1223,233,2.71,1.98,1456,152,420,803
7971,25251,243,214,29,192,22,4.17,-,214,0,143,49
7972,25252,719,460,259,394,66,2.31,2.48,460,0,109,285
7973,25253,926,803,123,687,116,2.76,2.50,803,42,257,430
7974,25259,375,258,117,237,21,3.18,2.90,258,24,130,107
7975,25260,851,614,237,498,116,2.07,2.62,614,102,111,387
7976,25261,51,27,24,27,0,1.78,-,27,0,12,15
7977,25262,470,444,26,413,31,2.96,1.74,444,0,278,135
7978,25264,212,194,18,123,71,2.63,2.77,194,16,11,112
7979,25265,764,665,99,575,90,2.44,1.70,665,68,259,316
7980,25266,291,230,61,169,61,3.58,2.16,230,0,73,96
7981,25267,354,241,113,224,17,2.00,1.41,241,0,34,190
7982,25268,362,239,123,189,50,2.72,2.94,239,0,54,135
7983,25270,429,312,117,234,78,3.01,1.49,312,10,107,127
7984,25271,3868,3528,340,2168,1360,2.67,1.85,3528,423,1085,1083
7985,25275,929,664,265,616,48,2.47,-,664,90,144,472
7986,25276,3920,3087,833,2119,968,2.55,2.15,3087,408,843,1276
7987,25285,275,215,60,152,63,3.16,2.33,215,0,41,111
7988,25286,788,570,218,477,93,2.62,1.12,570,118,195,282
7989,25287,359,271,88,213,58,2.50,-,271,0,109,104
7990,25301,1717,1365,352,258,1107,1.78,1.55,1365,609,147,111
7991,25302,7657,6343,1314,3591,2752,2.14,2.00,6343,1287,1661,1930
7992,25303,3654,3178,476,2164,1014,2.39,2.16,3178,267,1272,892
7993,25304,4105,3508,597,2272,1236,2.16,2.75,3508,243,1136,1136
7994,25305,0,0,0,0,0,-,-,0,0,0,0
7995,25306,3440,2812,628,1831,981,2.37,2.06,2812,269,898,933
7996,25309,5927,5527,400,3995,1532,2.25,2.12,5527,342,1735,2260
7997,25311,5600,4836,764,2857,1979,2.32,1.68,4836,940,1343,1514
7998,25312,4385,3979,406,3329,650,2.82,2.51,3979,238,1219,2110
7999,25313,6047,5051,996,3909,1142,2.27,2.01,5051,164,1879,2030
8000,25314,7146,6539,607,5493,1046,2.34,1.95,6539,276,3448,2045
8001,25315,1626,1438,188,1041,397,2.47,2.30,1438,189,401,640
8002,25320,2484,1968,516,1442,526,2.70,2.59,1968,156,473,969
8003,25387,3050,2210,840,1370,840,2.26,2.31,2210,286,577,793
8004,25401,6619,6095,524,3066,3029,2.39,2.55,6095,817,1830,1236
8005,25403,5789,5565,224,4538,1027,2.52,2.19,5565,75,3514,1024
8006,25404,9369,8821,548,5353,3468,2.64,2.23,8821,940,3671,1682
8007,25405,5632,5446,186,4530,916,2.65,3.11,5446,139,3113,1417
8008,25411,6133,4892,1241,4053,839,2.49,1.99,4892,176,2645,1408
8009,25413,3141,2951,190,2281,670,2.64,2.83,2951,98,1673,608
8010,25414,8045,7437,608,5637,1800,2.84,1.99,7437,600,4294,1343
8011,25419,5189,4748,441,3830,918,2.51,2.61,4748,154,2864,966
8012,25420,2072,2018,54,1556,462,2.60,1.92,2018,133,1101,455
8013,25421,34,34,0,34,0,3.47,-,34,0,20,14
8014,25422,1623,660,963,610,50,2.32,2.62,660,9,329,281
8015,25425,6111,5247,864,4489,758,2.58,2.43,5247,206,3247,1242
8016,25427,7204,6110,1094,5309,801,2.54,2.68,6110,83,3183,2126
8017,25428,5451,5288,163,4450,838,2.61,3.17,5288,300,3521,929
8018,25430,3011,2791,220,2268,523,2.85,2.64,2791,81,1529,739
8019,25431,198,155,43,141,14,3.83,8.93,155,0,96,45
8020,25432,51,38,13,28,10,3.29,3.20,38,0,5,23
8021,25434,1441,923,518,752,171,3.76,2.07,923,14,346,406
8022,25437,188,110,78,89,21,2.24,-,110,0,25,64
8023,25438,2784,2558,226,1761,797,2.53,3.19,2558,119,1303,458
8024,25442,875,841,34,741,100,3.22,3.53,841,35,541,200
8025,25443,2981,2625,356,2062,563,2.67,1.82,2625,156,1384,678
8026,25444,215,91,124,91,0,2.49,-,91,0,51,40
8027,25446,488,331,157,319,12,2.76,3.50,331,0,275,44
8028,25501,604,543,61,473,70,2.12,3.39,543,37,76,397
8029,25502,449,240,209,240,0,2.83,-,240,17,48,192
8030,25503,317,274,43,185,89,2.17,4.74,274,15,67,118
8031,25504,5710,5105,605,3934,1171,2.61,2.20,5105,208,2147,1787
8032,25505,154,139,15,127,12,3.59,3.08,139,28,34,93
8033,25506,2494,1904,590,1357,547,2.90,1.65,1904,395,373,984
8034,25507,520,402,118,360,42,2.55,1.93,402,11,109,251
8035,25508,4300,3639,661,2844,795,2.66,2.36,3639,303,1099,1745
8036,25510,2166,2026,140,1654,372,2.72,2.39,2026,180,950,704
8037,25511,392,229,163,177,52,3.07,1.21,229,13,44,133
8038,25512,614,408,206,360,48,2.43,3.38,408,51,93,267
8039,25514,1912,1480,432,1112,368,2.81,2.58,1480,141,219,893
8040,25515,942,639,303,531,108,2.82,2.15,639,69,168,363
8041,25517,843,642,201,437,205,2.41,1.72,642,43,47,390
8042,25520,1024,744,280,724,20,2.41,2.00,744,0,190,534
8043,25521,418,347,71,334,13,2.90,1.77,347,0,136,198
8044,25523,1164,1006,158,675,331,2.96,3.13,1006,69,231,444
8045,25524,1194,1016,178,900,116,2.72,2.88,1016,142,204,696
8046,25526,9837,8802,1035,6829,1973,2.78,1.88,8802,411,3720,3109
8047,25529,432,336,96,254,82,2.56,2.09,336,60,70,184
8048,25530,3046,2655,391,1805,850,2.56,2.39,2655,115,787,1018
8049,25534,185,98,87,53,45,1.58,2.09,98,28,24,29
8050,25535,1088,866,222,815,51,3.61,-,866,71,529,286
8051,25537,709,607,102,455,152,1.77,1.78,607,58,125,330
8052,25540,156,156,0,144,12,1.91,6.08,156,21,57,87
8053,25541,4921,4503,418,3319,1184,2.42,2.11,4503,306,1611,1708
8054,25544,31,31,0,31,0,3.84,-,31,0,0,31
8055,25545,1769,1550,219,1455,95,2.96,2.74,1550,139,833,622
8056,25547,231,168,63,168,0,2.80,-,168,0,9,159
8057,25550,4461,3775,686,3096,679,2.37,2.66,3775,307,1199,1897
8058,25555,926,716,210,531,185,3.65,3.15,716,10,151,380
8059,25557,932,691,241,556,135,2.29,1.94,691,68,104,452
8060,25559,786,696,90,557,139,2.69,1.29,696,0,281,276
8061,25560,3303,2979,324,2410,569,2.57,2.00,2979,185,1209,1201
8062,25564,507,393,114,393,0,3.21,-,393,28,279,114
8063,25565,359,291,68,217,74,2.27,2.54,291,19,50,167
8064,25567,387,295,92,223,72,3.24,-,295,14,68,155
8065,25570,2410,1654,756,1263,391,3.15,2.12,1654,180,385,878
8066,25571,933,752,181,664,88,3.25,2.33,752,32,326,338
8067,25573,310,165,145,131,34,2.81,3.79,165,0,39,92
8068,25601,2430,1964,466,1268,696,2.56,2.38,1964,290,410,858
8069,25606,424,398,26,263,135,3.13,1.94,398,60,131,132
8070,25607,369,345,24,200,145,2.88,2.74,345,46,51,149
8071,25608,448,309,139,252,57,2.33,2.53,309,9,15,237
8072,25611,451,406,45,377,29,2.66,-,406,0,147,230
8073,25612,225,197,28,130,67,2.01,2.30,197,0,67,63
8074,25617,69,63,6,59,4,2.98,-,63,4,10,49
8075,25621,946,724,222,575,149,2.52,1.83,724,59,79,496
8076,25624,212,212,0,212,0,1.50,-,212,206,33,179
8077,25625,412,350,62,290,60,2.07,2.60,350,24,70,220
8078,25628,261,200,61,126,74,1.67,1.77,200,36,43,83
8079,25630,153,124,29,104,20,2.33,1.60,124,29,20,84
8080,25632,271,192,79,148,44,3.30,7.02,192,10,41,107
8081,25634,624,566,58,441,125,2.10,2.50,566,39,161,280
8082,25635,568,465,103,320,145,3.49,3.19,465,36,137,183
8083,25637,628,530,98,341,189,2.47,2.49,530,95,24,317
8084,25638,332,227,105,216,11,3.05,-,227,11,70,146
8085,25639,256,174,82,134,40,2.51,2.65,174,0,26,108
8086,25644,241,191,50,142,49,2.50,3.86,191,34,13,129
8087,25646,355,284,71,248,36,2.89,6.53,284,0,82,166
8088,25647,166,114,52,64,50,2.03,1.78,114,7,30,34
8089,25649,727,523,204,375,148,2.61,2.45,523,40,144,231
8090,25650,27,15,12,15,0,1.80,-,15,0,0,15
8091,25651,368,244,124,192,52,2.02,2.58,244,41,37,155
8092,25652,505,469,36,349,120,2.64,2.56,469,55,91,258
8093,25653,54,54,0,54,0,3.24,-,54,0,19,35
8094,25654,37,37,0,11,26,4.00,4.12,37,0,0,11
8095,25661,2610,2150,460,1193,957,2.18,2.27,2150,464,304,889
8096,25666,105,71,34,71,0,2.99,-,71,0,8,63
8097,25667,213,195,18,141,54,3.48,4.65,195,30,58,83
8098,25669,438,359,79,297,62,3.44,1.52,359,66,20,277
8099,25670,1702,1378,324,1173,205,2.70,2.07,1378,134,296,877
8100,25671,720,528,192,372,156,3.77,3.28,528,53,30,342
8101,25672,171,171,0,145,26,2.32,-,171,86,0,145
8102,25674,949,734,215,484,250,2.40,2.44,734,92,188,296
8103,25676,611,397,214,324,73,2.76,1.82,397,16,51,273
8104,25678,769,577,192,398,179,2.42,1.81,577,95,114,284
8105,25685,193,179,14,137,42,3.64,5.38,179,13,22,115
8106,25688,135,111,24,47,64,2.11,2.14,111,6,30,17
8107,25690,230,198,32,178,20,4.93,2.35,198,11,64,114
8108,25692,636,542,94,443,99,3.13,3.83,542,0,103,340
8109,25696,694,512,182,426,86,2.47,2.17,512,21,94,332
8110,25699,61,24,37,24,0,3.13,-,24,0,0,24
8111,25701,12234,9710,2524,5476,4234,2.39,1.80,9710,1845,2399,3077
8112,25702,3998,3222,776,1768,1454,2.43,2.17,3222,389,763,1005
8113,25703,2727,2148,579,482,1666,2.16,2.06,2148,402,212,270
8114,25704,7145,6154,991,4098,2056,2.55,2.27,6154,553,1962,2136
8115,25705,9926,8939,987,6026,2913,2.44,2.04,8939,543,3303,2723
8116,25755,6,6,0,0,6,-,-,6,0,0,0
8117,25801,14925,12688,2237,8756,3932,2.41,2.47,12688,1525,3965,4791
8118,25810,71,28,43,28,0,-,-,28,0,0,28
8119,25811,15,15,0,15,0,1.93,-,15,0,15,0
8120,25812,722,563,159,426,137,2.38,3.42,563,38,124,302
8121,25813,2911,2652,259,2198,454,2.22,3.09,2652,69,1001,1197
8122,25817,140,140,0,140,0,2.11,-,140,0,91,49
8123,25818,237,196,41,38,158,3.74,2.22,196,0,20,18
8124,25820,265,187,78,166,21,2.48,2.00,187,0,41,125
8125,25823,342,245,97,138,107,1.86,1.49,245,51,39,99
8126,25825,1112,1057,55,1006,51,2.49,3.45,1057,0,647,359
8127,25826,122,122,0,122,0,3.84,-,122,0,44,78
8128,25827,948,776,172,681,95,2.53,1.84,776,22,342,339
8129,25831,744,626,118,527,99,2.80,2.37,626,84,265,262
8130,25832,1983,1757,226,1529,228,2.33,1.95,1757,51,898,631
8131,25836,477,434,43,434,0,2.88,-,434,0,226,208
8132,25837,163,140,23,140,0,2.16,-,140,0,42,98
8133,25839,323,305,18,167,138,2.83,-,305,0,51,116
8134,25840,3274,2989,285,2431,558,2.49,2.20,2989,146,1192,1239
8135,25841,230,152,78,127,25,4.23,3.40,152,0,52,75
8136,25843,440,397,43,287,110,2.32,1.47,397,29,225,62
8137,25844,524,524,0,333,191,2.39,2.24,524,107,68,265
8138,25845,131,131,0,113,18,2.61,5.50,131,18,15,98
8139,25846,87,41,46,41,0,1.88,-,41,0,0,41
8140,25848,109,35,74,35,0,3.26,-,35,11,11,24
8141,25849,316,262,54,108,154,1.11,-,262,0,0,108
8142,25851,0,0,0,0,0,-,-,0,0,0,0
8143,25853,42,42,0,25,17,1.96,-,42,0,25,0
8144,25854,515,431,84,337,94,2.45,2.87,431,23,91,246
8145,25855,46,46,0,46,0,3.24,-,46,0,0,46
8146,25857,115,15,100,15,0,1.93,-,15,0,0,15
8147,25862,109,85,24,85,0,1.41,-,85,0,19,66
8148,25864,24,0,24,0,0,-,-,0,0,0,0
8149,25865,669,548,121,485,63,2.65,2.27,548,22,202,283
8150,25866,146,121,25,79,42,3.04,2.79,121,0,28,51
8151,25868,191,178,13,169,9,2.50,2.00,178,5,43,126
8152,25870,91,52,39,52,0,1.88,-,52,0,0,52
8153,25871,472,429,43,264,165,2.32,2.53,429,47,77,187
8154,25873,434,434,0,401,33,1.64,3.09,434,33,252,149
8155,25875,299,266,33,250,16,4.48,-,266,16,79,171
8156,25876,26,26,0,26,0,2.42,-,26,0,0,26
8157,25878,559,539,20,398,141,2.30,1.76,539,0,122,276
8158,25879,77,40,37,24,16,4.04,2.56,40,16,24,0
8159,25880,2303,2093,210,1436,657,2.70,2.39,2093,332,738,698
8160,25882,1028,745,283,652,93,3.10,3.54,745,24,192,460
8161,25901,5131,4312,819,3263,1049,2.57,2.11,4312,623,1548,1715
8162,25902,102,102,0,102,0,1.95,-,102,0,38,64
8163,25904,393,281,112,221,60,2.07,1.50,281,16,52,169
8164,25907,44,21,23,21,0,7.90,-,21,0,0,21
8165,25908,20,20,0,20,0,1.70,-,20,0,0,20
8166,25909,248,248,0,133,115,2.18,2.96,248,0,72,61
8167,25911,140,96,44,96,0,1.85,-,96,14,25,71
8168,25913,121,121,0,121,0,1.99,-,121,0,0,121
8169,25915,145,84,61,70,14,2.33,1.21,84,21,9,61
8170,25916,61,61,0,61,0,3.44,-,61,0,0,61
8171,25917,796,627,169,506,121,2.81,1.74,627,61,198,308
8172,25918,2159,1896,263,1693,203,2.35,3.23,1896,43,943,750
8173,25920,82,82,0,82,0,5.99,-,82,0,34,48
8174,25921,1470,1242,228,755,487,2.26,2.02,1242,205,246,509
8175,25922,68,68,0,68,0,2.13,-,68,0,17,51
8176,25928,226,196,30,196,0,1.73,-,196,13,0,196
8177,25932,113,113,0,96,17,3.61,3.06,113,16,62,34
8178,25936,63,4,59,0,4,-,-,4,0,0,0
8179,25938,861,545,316,475,70,2.57,2.10,545,65,223,252
8180,25942,75,53,22,53,0,3.49,-,53,17,0,53
8181,25943,0,0,0,0,0,-,-,0,0,0,0
8182,25951,3358,2443,915,1730,713,2.25,2.29,2443,319,874,856
8183,25958,318,251,67,195,56,2.77,3.91,251,8,122,73
8184,25962,1595,1369,226,1015,354,2.04,1.87,1369,180,330,685
8185,25966,45,35,10,35,0,3.49,-,35,0,14,21
8186,25969,645,564,81,507,57,2.40,2.30,564,10,222,285
8187,25971,783,598,185,584,14,2.39,2.43,598,28,349,235
8188,25972,151,101,50,73,28,1.85,5.46,101,0,14,59
8189,25976,1138,997,141,853,144,2.29,1.95,997,96,358,495
8190,25977,37,0,37,0,0,-,-,0,0,0,0
8191,25978,229,174,55,165,9,2.96,-,174,8,116,49
8192,25979,405,285,120,229,56,2.03,1.79,285,29,43,186
8193,25981,304,254,50,208,46,2.05,2.11,254,52,78,130
8194,25984,743,665,78,471,194,2.34,3.49,665,35,210,261
8195,25985,228,154,74,66,88,2.59,3.49,154,0,18,48
8196,25986,148,113,35,113,0,2.57,-,113,0,40,73
8197,25989,94,62,32,62,0,4.11,-,62,0,41,21
8198,26003,20842,17383,3459,12157,5226,2.47,1.86,17383,1942,5789,6368
8199,26030,300,249,51,197,52,2.35,2.48,249,3,69,128
8200,26031,864,727,137,504,223,2.28,2.70,727,73,217,287
8201,26032,220,207,13,175,32,1.85,1.84,207,4,81,94
8202,26033,1411,695,716,631,64,2.52,2.05,695,31,192,439
8203,26034,2541,2206,335,1702,504,2.02,1.88,2206,47,689,1013
8204,26035,822,726,96,687,39,2.18,1.26,726,13,257,430
8205,26036,212,117,95,100,17,6.05,-,117,0,61,39
8206,26037,2915,2712,203,1975,737,2.39,1.63,2712,150,895,1080
8207,26038,1324,1281,43,1174,107,2.82,2.64,1281,24,500,674
8208,26039,340,182,158,148,34,2.47,2.76,182,8,64,84
8209,26040,862,628,234,443,185,3.01,2.23,628,68,220,223
8210,26041,7291,5989,1302,4542,1447,2.58,2.25,5989,565,1864,2678
8211,26047,2828,2390,438,1735,655,2.31,2.44,2390,92,720,1015
8212,26050,743,691,52,339,352,2.01,2.05,691,206,78,261
8213,26055,739,463,276,421,42,2.26,3.60,463,21,105,316
8214,26056,109,109,0,109,0,3.31,-,109,0,74,35
8215,26058,39,28,11,28,0,5.29,-,28,0,27,1
8216,26059,1333,1115,218,843,272,2.48,2.32,1115,100,392,451
8217,26060,813,652,161,576,76,2.99,4.42,652,9,285,291
8218,26062,9992,9382,610,6371,3011,2.35,2.03,9382,921,2979,3392
8219,26070,4150,3669,481,2867,802,2.38,2.07,3669,160,1328,1539
8220,26074,264,180,84,140,40,2.94,2.30,180,14,40,100
8221,26075,336,275,61,243,32,2.19,4.84,275,4,77,166
8222,26101,14067,11914,2153,7777,4137,2.43,2.22,11914,1609,3904,3873
8223,26104,8438,7488,950,5350,2138,2.28,1.87,7488,854,2990,2360
8224,26105,5734,5168,566,3817,1351,2.43,2.09,5168,315,1893,1924
8225,26133,565,457,108,423,34,2.79,2.26,457,9,180,243
8226,26134,271,271,0,195,76,2.40,2.47,271,13,70,125
8227,26136,234,134,100,128,6,2.52,3.00,134,12,51,77
8228,26137,356,248,108,208,40,3.00,2.30,248,11,23,185
8229,26138,91,91,0,52,39,1.63,-,91,39,12,40
8230,26141,198,117,81,114,3,3.44,-,117,13,52,62
8231,26142,938,914,24,823,91,2.46,3.90,914,0,450,373
8232,26143,2059,1574,485,1283,291,2.56,2.74,1574,143,571,712
8233,26146,597,344,253,342,2,2.80,4.00,344,5,82,260
8234,26147,959,701,258,527,174,2.15,3.37,701,91,295,232
8235,26148,160,88,72,88,0,2.40,-,88,0,5,83
8236,26149,1219,735,484,579,156,2.74,2.13,735,38,149,430
8237,26150,2671,2353,318,1839,514,2.61,2.43,2353,50,1028,811
8238,26151,362,281,81,214,67,2.64,2.67,281,18,48,166
8239,26152,83,16,67,9,7,-,-,16,0,0,9
8240,26155,3570,2809,761,2270,539,2.58,3.05,2809,235,833,1437
8241,26159,1132,946,186,745,201,2.60,2.63,946,43,311,434
8242,26160,564,396,168,380,16,2.29,1.50,396,27,120,260
8243,26161,325,221,104,221,0,2.95,-,221,0,62,159
8244,26162,35,0,35,0,0,-,-,0,0,0,0
8245,26164,3568,2997,571,2231,766,2.41,2.54,2997,372,916,1315
8246,26167,485,395,90,359,36,2.60,-,395,44,60,299
8247,26169,322,303,19,226,77,3.04,1.35,303,24,154,72
8248,26170,2672,2185,487,1845,340,2.71,2.63,2185,127,838,1007
8249,26175,1439,1198,241,1019,179,2.88,2.59,1198,130,346,673
8250,26178,300,86,214,73,13,2.30,4.54,86,0,8,65
8251,26180,939,791,148,616,175,2.75,1.65,791,24,222,394
8252,26181,2843,2473,370,2061,412,2.78,2.02,2473,108,987,1074
8253,26184,1028,862,166,756,106,3.00,3.70,862,15,358,398
8254,26187,2801,2590,211,2364,226,2.38,1.56,2590,133,1287,1077
8255,26201,8745,7777,968,5727,2050,2.42,2.07,7777,695,3142,2585
8256,26202,187,174,13,174,0,2.43,-,174,17,26,148
8257,26203,223,190,33,156,34,3.12,5.00,190,20,0,156
8258,26205,1575,1289,286,1008,281,2.71,2.13,1289,109,567,441
8259,26206,1233,928,305,681,247,2.94,3.31,928,105,231,450
8260,26208,459,308,151,259,49,2.37,3.45,308,56,121,138
8261,26209,1520,79,1441,55,24,1.47,5.00,79,10,23,32
8262,26210,0,0,0,0,0,-,-,0,0,0,0
8263,26215,67,44,23,44,0,2.00,-,44,0,18,26
8264,26217,80,36,44,12,24,5.42,1.96,36,0,0,12
8265,26218,1347,1065,282,935,130,2.94,2.24,1065,43,327,608
8266,26222,353,71,282,47,24,-,1.83,71,18,35,12
8267,26224,181,107,74,107,0,1.85,-,107,0,13,94
8268,26228,20,0,20,0,0,-,-,0,0,0,0
8269,26230,134,59,75,49,10,-,-,59,42,17,32
8270,26234,749,565,184,553,12,1.89,2.58,565,53,128,425
8271,26236,8,8,0,8,0,1.88,-,8,0,0,8
8272,26237,315,205,110,184,21,2.07,3.19,205,0,73,111
8273,26238,589,468,121,455,13,2.18,4.69,468,0,124,331
8274,26241,6406,5252,1154,3508,1744,2.76,2.00,5252,731,1505,2003
8275,26250,2030,1694,336,1332,362,2.92,3.40,1694,167,596,736
8276,26253,1604,1268,336,920,348,2.94,3.02,1268,73,389,531
8277,26254,214,56,158,50,6,2.00,6.33,56,0,5,45
8278,26257,328,298,30,275,23,3.17,2.65,298,26,171,104
8279,26259,75,51,24,51,0,2.14,-,51,0,0,51
8280,26260,1682,588,1094,483,105,2.24,2.06,588,77,205,278
8281,26261,1686,1183,503,959,224,2.65,2.28,1183,171,305,654
8282,26263,350,99,251,86,13,1.74,3.15,99,17,18,68
8283,26264,431,241,190,218,23,2.54,3.78,241,9,76,142
8284,26266,0,0,0,0,0,-,-,0,0,0,0
8285,26267,220,195,25,101,94,4.46,3.40,195,0,25,76
8286,26268,125,18,107,18,0,3.22,-,18,0,18,0
8287,26269,519,436,83,385,51,2.45,1.96,436,28,193,192
8288,26270,340,217,123,164,53,1.70,2.87,217,3,32,132
8289,26271,272,186,86,156,30,2.40,3.13,186,23,70,86
8290,26273,473,277,196,232,45,3.33,3.51,277,18,116,116
8291,26275,249,222,27,174,48,2.81,2.54,222,17,72,102
8292,26276,344,260,84,260,0,3.56,-,260,0,101,159
8293,26278,311,299,12,246,53,2.23,-,299,29,60,186
8294,26280,777,560,217,399,161,2.39,2.65,560,22,124,275
8295,26282,148,61,87,61,0,2.20,-,61,0,16,45
8296,26283,835,618,217,534,84,2.28,3.35,618,26,235,299
8297,26285,167,106,61,92,14,1.85,-,106,11,25,67
8298,26287,1482,1122,360,846,276,2.74,2.18,1122,77,424,422
8299,26288,2054,1337,717,964,373,2.98,2.09,1337,257,297,667
8300,26289,54,42,12,42,0,2.02,-,42,0,6,36
8301,26291,127,45,82,45,0,2.18,-,45,0,38,7
8302,26292,401,255,146,184,71,2.27,1.94,255,14,32,152
8303,26293,193,193,0,134,59,2.46,3.12,193,0,28,106
8304,26294,379,244,135,244,0,1.88,-,244,42,60,184
8305,26296,47,36,11,36,0,2.19,-,36,0,0,36
8306,26298,75,34,41,34,0,2.97,-,34,13,13,21
8307,26301,13579,11588,1991,7710,3878,2.65,2.07,11588,1509,3781,3929
8308,26320,480,253,227,248,5,2.48,3.20,253,4,42,206
8309,26321,150,100,50,72,28,1.89,-,100,12,12,60
8310,26323,266,231,35,122,109,1.76,1.54,231,38,30,92
8311,26325,139,86,53,75,11,1.84,2.91,86,13,15,60
8312,26327,66,42,24,42,0,2.26,-,42,0,6,36
8313,26330,6794,6108,686,4539,1569,2.58,2.19,6108,335,2390,2149
8314,26335,759,579,180,506,73,2.54,2.21,579,22,182,324
8315,26337,468,368,100,329,39,2.81,3.54,368,10,145,184
8316,26338,334,235,99,171,64,3.57,3.45,235,0,33,138
8317,26339,152,42,110,33,9,2.82,2.33,42,0,15,18
8318,26342,233,179,54,148,31,3.14,1.45,179,9,70,78
8319,26343,312,186,126,147,39,2.22,1.90,186,24,18,129
8320,26346,237,205,32,167,38,2.77,3.68,205,9,53,114
8321,26347,830,759,71,663,96,2.91,3.40,759,18,265,398
8322,26348,198,159,39,123,36,2.36,-,159,0,0,123
8323,26349,77,58,19,28,30,2.29,3.33,58,8,9,19
8324,26351,1410,1026,384,610,416,3.20,2.42,1026,53,314,296
8325,26354,4643,3965,678,3247,718,2.52,2.54,3965,298,1324,1923
8326,26361,49,11,38,11,0,-,-,11,0,11,0
8327,26362,1367,1080,287,820,260,2.43,3.14,1080,82,331,489
8328,26366,24,24,0,24,0,2.42,-,24,0,24,0
8329,26369,259,259,0,147,112,2.03,3.47,259,12,67,80
8330,26372,388,326,62,280,46,2.30,3.76,326,0,196,84
8331,26374,736,673,63,626,47,2.71,3.85,673,14,245,381
8332,26376,271,168,103,127,41,3.57,-,168,15,36,91
8333,26377,402,297,105,268,29,2.76,1.69,297,0,33,235
8334,26378,1917,1676,241,1520,156,2.42,2.14,1676,88,843,677
8335,26384,239,194,45,181,13,2.88,-,194,44,39,142
8336,26385,1574,1297,277,1183,114,2.46,2.67,1297,52,680,503
8337,26386,1224,1041,183,838,203,2.85,2.56,1041,66,414,424
8338,26404,196,120,76,120,0,1.94,-,120,0,21,99
8339,26405,587,392,195,363,29,2.73,5.66,392,32,95,268
8340,26408,1029,888,141,837,51,2.68,2.49,888,15,406,431
8341,26410,408,324,84,289,35,2.43,2.69,324,18,135,154
8342,26411,359,233,126,176,57,2.38,6.54,233,0,31,145
8343,26412,210,159,51,159,0,2.74,-,159,0,72,87
8344,26415,1339,946,393,844,102,3.26,2.49,946,31,251,593
8345,26416,3453,2915,538,1994,921,2.43,1.97,2915,171,738,1256
8346,26419,374,223,151,162,61,2.57,2.07,223,14,43,119
8347,26421,78,65,13,43,22,2.58,3.41,65,1,7,36
8348,26422,226,173,53,146,27,2.09,3.41,173,0,64,82
8349,26424,50,13,37,0,13,-,-,13,13,0,0
8350,26425,570,403,167,334,69,2.49,2.06,403,33,54,280
8351,26426,2962,2388,574,2109,279,2.69,2.61,2388,70,683,1426
8352,26430,141,115,26,68,47,2.07,2.91,115,22,9,59
8353,26431,2636,2268,368,1744,524,2.56,2.99,2268,132,787,957
8354,26435,32,32,0,32,0,4.06,-,32,0,10,22
8355,26436,82,82,0,82,0,2.88,-,82,0,16,66
8356,26437,239,170,69,149,21,3.48,1.14,170,11,72,77
8357,26438,63,63,0,63,0,1.19,-,63,0,25,38
8358,26440,540,472,68,375,97,2.79,2.54,472,27,143,232
8359,26443,208,101,107,101,0,4.38,-,101,0,53,48
8360,26444,1687,1383,304,1160,223,2.76,1.52,1383,184,314,846
8361,26447,652,502,150,284,218,2.77,1.94,502,106,101,183
8362,26448,559,463,96,445,18,2.88,3.00,463,56,102,343
8363,26451,252,194,58,173,21,2.31,2.71,194,0,106,67
8364,26452,4653,3772,881,2535,1237,2.67,2.21,3772,418,964,1571
8365,26456,1773,1130,643,990,140,2.89,3.25,1130,31,400,590
8366,26463,169,105,64,79,26,3.05,-,105,0,28,51
8367,26501,9633,8846,787,5063,3783,2.30,2.11,8846,790,2855,2208
8368,26505,18854,15859,2995,5211,10648,2.34,1.92,15859,1828,2888,2323
8369,26506,0,0,0,0,0,-,-,0,0,0,0
8370,26508,16339,15203,1136,11438,3765,2.60,2.43,15203,539,7025,4413
8371,26519,747,708,39,484,224,2.60,2.38,708,80,122,362
8372,26520,312,281,31,281,0,2.86,-,281,5,177,104
8373,26521,85,60,25,48,12,2.19,1.08,60,0,5,43
8374,26524,111,72,39,59,13,3.31,-,72,7,0,59
8375,26525,2465,2017,448,1818,199,2.42,2.31,2017,51,956,862
8376,26534,454,420,34,243,177,2.22,1.82,420,100,69,174
8377,26537,2831,2409,422,1755,654,2.46,2.06,2409,177,826,929
8378,26541,1765,1571,194,1437,134,2.42,2.02,1571,0,968,469
8379,26542,963,821,142,703,118,2.40,2.19,821,49,305,398
8380,26543,132,108,24,34,74,-,2.24,108,36,0,34
8381,26544,59,20,39,20,0,-,-,20,11,0,20
8382,26546,12,12,0,12,0,2.00,-,12,0,12,0
8383,26547,1216,1107,109,827,280,3.01,2.19,1107,73,429,398
8384,26554,19786,17687,2099,12430,5257,2.33,2.24,17687,1532,6151,6279
8385,26559,716,628,88,564,64,2.57,1.86,628,72,275,289
8386,26560,60,40,20,40,0,3.75,-,40,0,40,0
8387,26562,309,226,83,196,30,2.68,5.60,226,0,55,141
8388,26563,110,110,0,57,53,2.72,2.30,110,9,25,32
8389,26568,275,239,36,209,30,2.59,4.50,239,9,42,167
8390,26570,1460,1217,243,1045,172,2.68,2.22,1217,103,409,636
8391,26571,689,634,55,547,87,2.67,3.01,634,18,322,225
8392,26572,150,111,39,72,39,2.53,7.92,111,28,9,63
8393,26574,183,164,19,133,31,2.70,1.87,164,18,68,65
8394,26575,429,319,110,281,38,2.01,1.95,319,18,50,231
8395,26576,452,394,58,394,0,2.01,-,394,0,130,264
8396,26581,538,372,166,322,50,2.45,1.98,372,0,56,266
8397,26582,1878,1597,281,1347,250,2.52,2.02,1597,56,519,828
8398,26585,262,197,65,157,40,2.99,2.98,197,13,25,132
8399,26586,37,37,0,37,0,1.57,-,37,0,0,37
8400,26587,121,121,0,79,42,3.35,1.67,121,12,30,49
8401,26588,1448,1286,162,1048,238,2.40,2.42,1286,53,567,481
8402,26590,394,298,96,298,0,2.29,-,298,0,64,234
8403,26591,649,610,39,533,77,3.23,2.18,610,4,290,243
8404,26601,1974,1211,763,917,294,2.54,3.83,1211,112,392,525
8405,26610,370,276,94,213,63,2.39,1.35,276,0,59,154
8406,26611,79,48,31,41,7,3.59,2.00,48,11,0,41
8407,26615,27,15,12,0,15,-,-,15,0,0,0
8408,26617,60,40,20,40,0,3.30,-,40,0,37,3
8409,26619,216,156,60,156,0,2.89,-,156,0,43,113
8410,26621,306,263,43,240,23,3.14,3.17,263,11,66,174
8411,26623,530,412,118,392,20,3.08,-,412,46,144,248
8412,26624,1433,1108,325,877,231,2.42,1.79,1108,109,328,549
8413,26627,112,100,12,51,49,2.53,4.71,100,0,51,0
8414,26629,136,118,18,118,0,2.92,-,118,0,28,90
8415,26631,202,88,114,88,0,2.00,-,88,31,28,60
8416,26636,289,173,116,161,12,2.68,5.08,173,15,25,136
8417,26638,76,65,11,54,11,2.35,4.18,65,0,7,47
8418,26651,4227,3631,596,2658,973,2.55,2.53,3631,192,988,1670
8419,26656,158,121,37,121,0,2.56,-,121,17,59,62
8420,26660,217,175,42,152,23,2.55,-,175,28,102,50
8421,26662,325,220,105,220,0,2.38,-,220,0,180,40
8422,26667,50,29,21,20,9,1.70,-,29,0,0,20
8423,26671,217,198,19,198,0,1.92,-,198,0,38,160
8424,26676,382,128,254,128,0,3.01,-,128,0,25,103
8425,26678,695,510,185,510,0,2.95,-,510,74,220,290
8426,26679,1045,564,481,502,62,2.48,3.37,564,25,215,287
8427,26680,167,156,11,135,21,3.15,3.29,156,0,64,71
8428,26681,659,561,98,476,85,2.17,1.98,561,31,177,299
8429,26684,134,134,0,74,60,3.11,4.05,134,0,61,13
8430,26690,291,260,31,218,42,2.98,6.55,260,0,124,94
8431,26691,194,144,50,141,3,2.98,-,144,20,39,102
8432,26704,2575,1761,814,1558,203,2.62,3.14,1761,24,728,830
8433,26705,336,252,84,166,86,2.74,2.51,252,12,68,98
8434,26707,125,93,32,72,21,2.67,2.95,93,4,29,43
8435,26710,983,824,159,731,93,3.13,2.30,824,0,219,512
8436,26711,1240,943,297,773,170,2.65,3.49,943,57,436,337
8437,26714,432,167,265,137,30,3.48,4.03,167,0,66,71
8438,26716,332,318,14,231,87,3.08,1.94,318,7,92,139
8439,26717,459,357,102,333,24,3.90,3.75,357,15,108,225
8440,26719,1119,960,159,795,165,2.51,1.43,960,16,434,361
8441,26720,84,46,38,46,0,4.61,-,46,0,42,4
8442,26722,286,119,167,100,19,2.14,3.00,119,24,17,83
8443,26726,6203,5039,1164,3678,1361,2.60,1.96,5039,541,1926,1752
8444,26731,170,137,33,137,0,1.58,-,137,0,55,82
8445,26739,620,330,290,294,36,2.67,3.33,330,7,90,204
8446,26743,842,645,197,595,50,2.57,1.92,645,37,217,378
8447,26750,423,296,127,152,144,3.39,2.49,296,37,45,107
8448,26753,2475,2233,242,1876,357,2.43,2.78,2233,170,1023,853
8449,26755,326,170,156,162,8,2.35,5.25,170,0,30,132
8450,26757,3412,2442,970,1792,650,3.00,2.13,2442,200,863,929
8451,26761,428,325,103,307,18,2.03,6.94,325,0,62,245
8452,26763,1093,439,654,322,117,2.68,3.94,439,13,110,212
8453,26764,2498,1781,717,1433,348,2.52,2.49,1781,98,667,766
8454,26767,296,200,96,151,49,2.70,3.94,200,0,84,67
8455,26801,760,456,304,368,88,2.45,1.30,456,38,173,195
8456,26802,613,390,223,293,97,1.76,2.80,390,25,109,184
8457,26804,240,169,71,140,29,2.67,4.83,169,16,41,99
8458,26807,1291,845,446,701,144,2.76,1.99,845,52,292,409
8459,26808,287,232,55,201,31,1.76,5.00,232,0,116,85
8460,26810,493,227,266,219,8,2.31,8.75,227,20,45,174
8461,26812,1017,681,336,559,122,2.27,4.75,681,27,237,322
8462,26814,235,168,67,168,0,3.04,-,168,3,57,111
8463,26815,502,259,243,233,26,2.55,1.73,259,23,69,164
8464,26817,259,196,63,196,0,3.31,-,196,0,58,138
8465,26818,494,428,66,247,181,3.30,3.66,428,54,132,115
8466,26823,94,58,36,27,31,2.07,-,58,0,0,27
8467,26833,1127,888,239,824,64,2.58,2.50,888,51,418,406
8468,26836,3279,2629,650,1867,762,2.15,2.90,2629,168,665,1202
8469,26838,32,20,12,20,0,4.10,-,20,0,20,0
8470,26845,319,280,39,247,33,2.23,4.45,280,0,175,72
8471,26847,2925,2249,676,1645,604,2.69,2.13,2249,252,762,883
8472,26851,1406,825,581,702,123,2.06,1.63,825,28,400,302
8473,26852,551,358,193,299,59,2.88,3.76,358,10,179,120
8474,26855,381,257,124,218,39,2.72,4.23,257,0,105,113
8475,26865,311,143,168,119,24,2.96,5.46,143,0,63,56
8476,26866,526,262,264,250,12,3.01,3.58,262,6,57,193
8477,26884,206,98,108,79,19,2.80,2.89,98,5,17,62
8478,26886,120,84,36,66,18,1.86,2.22,84,13,5,61
8479,27006,6684,6176,508,5632,544,2.54,2.54,6176,379,3291,2341
8480,27007,958,819,139,687,132,2.96,1.95,819,16,449,238
8481,27009,1324,1191,133,1135,56,2.92,3.79,1191,0,685,450
8482,27011,2562,2273,289,1705,568,2.36,1.75,2273,173,876,829
8483,27012,11907,11171,736,9163,2008,2.57,1.96,11171,172,6268,2895
8484,27013,2835,2307,528,1808,499,2.59,2.66,2307,45,981,827
8485,27014,369,301,68,195,106,2.29,2.78,301,24,112,83
8486,27016,984,761,223,614,147,2.12,2.12,761,0,305,309
8487,27017,4073,3328,745,2505,823,2.79,2.19,3328,93,1223,1282
8488,27018,3516,3018,498,2511,507,2.65,2.32,3018,44,1174,1337
8489,27019,1834,1668,166,1332,336,2.39,2.05,1668,113,597,735
8490,27020,2829,2373,456,1741,632,2.46,2.84,2373,175,892,849
8491,27021,7895,7243,652,5361,1882,2.26,2.36,7243,91,3627,1734
8492,27022,668,473,195,356,117,2.26,2.79,473,25,161,195
8493,27023,5066,4766,300,4046,720,2.66,3.40,4766,27,2653,1393
8494,27024,1373,1085,288,935,150,2.56,2.05,1085,50,461,474
8495,27025,5103,4357,746,3548,809,2.30,3.16,4357,170,1794,1754
8496,27027,2006,1872,134,1154,718,2.40,1.84,1872,150,586,568
8497,27028,11286,9757,1529,7541,2216,2.54,2.85,9757,329,4054,3487
8498,27030,17200,14784,2416,10223,4561,2.41,2.33,14784,953,5316,4907
8499,27040,5294,4653,641,4310,343,2.68,3.16,4653,68,2956,1354
8500,27041,3699,3294,405,2408,886,2.54,2.26,3294,110,1000,1408
8501,27042,132,96,36,96,0,1.95,-,96,7,7,89
8502,27043,2711,2532,179,2167,365,2.70,2.19,2532,59,1275,892
8503,27045,4349,4102,247,3279,823,2.43,2.40,4102,81,2163,1116
8504,27046,1285,1148,137,915,233,1.91,2.20,1148,41,672,243
8505,27047,480,459,21,406,53,3.35,2.28,459,31,184,222
8506,27048,3663,3227,436,2686,541,2.54,2.54,3227,114,1284,1402
8507,27050,1855,1609,246,1457,152,2.41,2.24,1609,0,1036,421
8508,27051,3577,3021,556,2090,931,2.39,2.58,3021,114,1292,798
8509,27052,4591,4110,481,2971,1139,2.54,2.70,4110,219,1564,1407
8510,27053,1657,1365,292,1178,187,2.41,1.38,1365,44,414,764
8511,27054,1035,876,159,775,101,2.37,2.53,876,66,472,303
8512,27055,6068,5223,845,4037,1186,2.65,2.64,5223,199,2162,1875
8513,27101,11308,9266,2042,3049,6217,2.60,1.79,9266,1625,1940,1109
8514,27103,18074,16075,1999,8484,7591,2.33,2.03,16075,1328,5526,2958
8515,27104,14595,13310,1285,8150,5160,2.49,1.69,13310,885,5009,3141
8516,27105,18005,14900,3105,7479,7421,2.76,2.61,14900,2552,4435,3044
8517,27106,21863,19076,2787,10512,8564,2.73,1.97,19076,1213,6617,3895
8518,27107,20311,18438,1873,12782,5656,2.63,2.85,18438,1447,7892,4890
8519,27109,0,0,0,0,0,-,-,0,0,0,0
8520,27110,0,0,0,0,0,-,-,0,0,0,0
8521,27127,17402,16190,1212,10141,6049,2.65,2.52,16190,529,7066,3075
8522,27201,39,39,0,27,12,2.63,2.50,39,4,14,13
8523,27202,26,26,0,26,0,-,-,26,0,26,0
8524,27203,10069,9025,1044,3964,5061,2.57,2.27,9025,781,2023,1941
8525,27205,15044,13886,1158,11033,2853,2.52,2.62,13886,366,5771,5262
8526,27207,1587,1338,249,1071,267,2.86,2.51,1338,13,559,512
8527,27208,841,612,229,537,75,2.55,3.36,612,0,232,305
8528,27209,1694,1386,308,842,544,3.13,3.68,1386,67,367,475
8529,27212,569,459,110,337,122,3.00,1.41,459,39,146,191
8530,27213,52,52,0,43,9,1.65,-,52,0,11,32
8531,27214,5684,5042,642,3510,1532,3.01,2.50,5042,18,2283,1227
8532,27215,20609,19186,1423,11679,7507,2.48,2.11,19186,958,7117,4562
8533,27217,16173,14131,2042,8928,5203,2.75,2.58,14131,883,5038,3890
8534,27229,1125,918,207,747,171,3.50,2.73,918,28,376,371
8535,27231,1097,992,105,780,212,2.49,1.48,992,28,491,289
8536,27233,1283,1193,90,1016,177,2.77,3.02,1193,8,671,345
8537,27235,1910,1894,16,1594,300,2.46,1.87,1894,64,899,695
8538,27239,3965,3362,603,2662,700,2.31,2.59,3362,152,1313,1349
8539,27242,954,611,343,353,258,2.60,1.72,611,130,108,245
8540,27243,2305,2042,263,1788,254,2.77,1.96,2042,25,1263,525
8541,27244,5488,4942,546,3670,1272,2.60,2.52,4942,202,2306,1364
8542,27247,79,64,15,26,38,4.19,2.18,64,0,0,26
8543,27248,1473,1197,276,911,286,2.95,2.87,1197,15,490,421
8544,27249,5932,5173,759,4183,990,2.57,2.01,5173,95,2339,1844
8545,27252,803,644,159,466,178,2.09,2.96,644,11,297,169
8546,27253,14231,13127,1104,9055,4072,2.47,2.25,13127,617,5605,3450
8547,27256,67,67,0,67,0,-,-,67,0,67,0
8548,27258,3089,2713,376,2263,450,2.67,2.91,2713,77,1301,962
8549,27259,92,35,57,22,13,4.36,4.77,35,0,22,0
8550,27260,11218,9407,1811,3637,5770,2.73,2.45,9407,1925,1749,1888
8551,27262,10198,9010,1188,5404,3606,2.54,2.60,9010,358,3627,1777
8552,27263,9239,8580,659,5956,2624,2.56,2.68,8580,247,3303,2653
8553,27265,21877,20559,1318,14141,6418,2.55,2.25,20559,607,9644,4497
8554,27268,0,0,0,0,0,-,-,0,0,0,0
8555,27278,12378,11338,1040,8788,2550,2.53,1.89,11338,299,6067,2721
8556,27281,1561,1303,258,1098,205,2.51,3.17,1303,28,640,458
8557,27282,6385,6089,296,4642,1447,2.47,2.42,6089,71,3206,1436
8558,27283,1372,1212,160,1029,183,2.57,2.52,1212,65,649,380
8559,27284,24629,22910,1719,16261,6649,2.59,2.11,22910,744,10502,5759
8560,27288,11601,9866,1735,5955,3911,2.57,2.15,9866,714,3077,2878
8561,27291,904,628,276,549,79,2.22,3.73,628,18,368,181
8562,27292,19262,16550,2712,10789,5761,2.40,2.46,16550,1159,5740,5049
8563,27295,16849,15647,1202,11450,4197,2.52,2.35,15647,737,5863,5587
8564,27298,4418,4094,324,2826,1268,2.68,2.74,4094,195,1329,1497
8565,27299,1950,1706,244,1339,367,2.92,3.13,1706,28,861,478
8566,27301,4098,3811,287,3313,498,2.66,2.99,3811,80,2457,856
8567,27302,13937,12915,1022,9092,3823,2.73,2.19,12915,260,6390,2702
8568,27305,892,779,113,572,207,2.33,2.73,779,32,265,307
8569,27306,4278,2304,1974,1827,477,2.37,2.59,2304,138,804,1023
8570,27310,2921,2824,97,2721,103,2.99,2.55,2824,0,2139,582
8571,27311,1576,1261,315,847,414,2.39,2.51,1261,72,294,553
8572,27312,10400,9505,895,7680,1825,2.39,2.29,9505,303,4866,2814
8573,27313,2939,2582,357,2219,363,2.58,1.83,2582,143,1547,672
8574,27314,405,304,101,264,40,2.63,2.08,304,0,184,80
8575,27315,851,751,100,649,102,2.50,2.55,751,64,297,352
8576,27316,3266,2738,528,1884,854,2.63,3.12,2738,157,1027,857
8577,27317,7342,6686,656,5157,1529,2.59,3.15,6686,140,2996,2161
8578,27320,18262,16033,2229,11406,4627,2.32,2.19,16033,1310,6095,5311
8579,27325,3047,2538,509,1890,648,2.76,3.36,2538,110,542,1348
8580,27326,1570,1311,259,946,365,2.58,2.64,1311,57,360,586
8581,27330,16780,15002,1778,9357,5645,2.72,2.46,15002,710,6066,3291
8582,27332,13756,12181,1575,8372,3809,2.63,3.09,12181,509,4903,3469
8583,27340,15,15,0,7,8,-,1.63,15,0,7,0
8584,27341,2308,1764,544,1506,258,2.28,1.90,1764,52,775,731
8585,27342,22,22,0,18,4,3.44,1.75,22,0,15,3
8586,27343,1129,549,580,501,48,2.28,5.23,549,0,163,338
8587,27344,7619,6718,901,4383,2335,2.63,2.89,6718,354,1925,2458
8588,27349,2709,2492,217,2044,448,2.50,2.40,2492,130,1227,817
8589,27350,2689,2424,265,2092,332,2.50,2.19,2424,48,1215,877
8590,27351,68,68,0,68,0,3.09,-,68,0,0,68
8591,27355,1051,886,165,551,335,3.05,1.74,886,5,349,202
8592,27356,1348,875,473,623,252,2.94,3.79,875,9,285,338
8593,27357,3895,3551,344,2966,585,2.66,2.81,3551,245,2083,883
8594,27358,5570,5328,242,4663,665,2.94,2.45,5328,157,3196,1467
8595,27360,20007,18108,1899,12131,5977,2.52,2.59,18108,790,7472,4659
8596,27370,5925,5392,533,4742,650,2.61,2.59,5392,276,2769,1973
8597,27371,3878,2873,1005,1998,875,2.52,2.28,2873,151,900,1098
8598,27374,153,115,38,29,86,2.93,1.40,115,45,0,29
8599,27376,4258,3480,778,3094,386,2.38,2.65,3480,34,1589,1505
8600,27377,3995,3738,257,2868,870,2.55,2.47,3738,54,2131,737
8601,27379,2421,1887,534,1229,658,2.48,2.18,1887,255,567,662
8602,27401,9383,7590,1793,2585,5005,2.48,2.04,7590,1399,1444,1141
8603,27403,9022,7815,1207,4138,3677,2.27,2.41,7815,586,2589,1549
8604,27405,21875,19497,2378,8865,10632,2.80,2.48,19497,2423,6045,2820
8605,27406,27355,24710,2645,13623,11087,2.65,2.34,24710,2005,8674,4949
8606,27407,23462,21662,1800,10257,11405,2.58,2.26,21662,1202,7264,2993
8607,27408,8199,7575,624,5321,2254,2.24,2.21,7575,264,3532,1789
8608,27409,9317,8076,1241,2882,5194,2.01,1.98,8076,662,1902,980
8609,27410,26179,24349,1830,15461,8888,2.40,2.06,24349,960,10281,5180
8610,27411,0,0,0,0,0,-,-,0,0,0,0
8611,27412,0,0,0,0,0,-,-,0,0,0,0
8612,27455,12627,11726,901,8560,3166,2.56,2.06,11726,287,6260,2300
8613,27501,8577,8076,501,6380,1696,2.76,2.63,8076,375,4748,1632
8614,27502,16921,15795,1126,12691,3104,2.94,2.51,15795,330,9960,2731
8615,27503,1548,1385,163,1202,183,2.21,2.12,1385,24,680,522
8616,27504,6603,5867,736,4305,1562,2.47,2.46,5867,329,2866,1439
8617,27505,3311,2915,396,2173,742,2.43,2.88,2915,82,1162,1011
8618,27506,51,0,51,0,0,-,-,0,0,0,0
8619,27507,956,689,267,473,216,2.48,2.73,689,53,223,250
8620,27508,944,864,80,669,195,2.39,2.31,864,14,142,527
8621,27509,1687,1547,140,978,569,2.70,2.98,1547,78,671,307
8622,27510,7296,6571,725,1954,4617,2.32,2.11,6571,625,1134,820
8623,27511,14023,13201,822,8911,4290,2.52,2.41,13201,772,6147,2764
8624,27513,20316,19076,1240,12040,7036,2.67,2.21,19076,384,8606,3434
8625,27514,11071,9883,1188,4972,4911,2.67,2.15,9883,530,2941,2031
8626,27516,17759,16400,1359,11247,5153,2.73,2.33,16400,616,7445,3802
8627,27517,12144,11222,922,7675,3547,2.50,1.97,11222,435,4874,2801
8628,27518,9039,8245,794,5327,2918,2.64,1.88,8245,167,3649,1678
8629,27519,22400,21393,1007,15055,6338,3.00,2.74,21393,449,11487,3568
8630,27520,17233,16241,992,12265,3976,2.81,2.67,16241,419,8691,3574
8631,27521,2887,2581,306,1760,821,2.62,2.43,2581,36,929,831
8632,27522,5384,4768,616,4034,734,2.67,2.51,4768,69,2714,1320
8633,27523,5967,5509,458,3857,1652,2.81,2.39,5509,140,2656,1201
8634,27524,5806,5027,779,3259,1768,2.80,2.59,5027,365,1893,1366
8635,27525,6403,5512,891,4240,1272,2.67,2.14,5512,286,2690,1550
8636,27526,20382,19654,728,15305,4349,2.78,2.82,19654,750,11786,3519
8637,27527,11541,10959,582,9185,1774,2.93,2.26,10959,185,7241,1944
8638,27529,20783,19786,997,14094,5692,2.73,2.40,19786,1014,10426,3668
8639,27530,17544,15530,2014,9284,6246,2.38,2.34,15530,1794,5435,3849
8640,27531,42,42,0,0,42,-,-,42,0,0,0
8641,27533,0,0,0,0,0,-,-,0,0,0,0
8642,27534,14392,13130,1262,7200,5930,2.33,2.09,13130,976,3941,3259
8643,27536,7193,5923,1270,2416,3507,2.80,2.43,5923,876,1022,1394
8644,27537,10455,8662,1793,6180,2482,2.63,2.76,8662,311,3483,2697
8645,27539,9152,8801,351,7258,1543,3.06,2.66,8801,122,5398,1860
8646,27540,14606,13875,731,11452,2423,3.21,2.54,13875,195,9314,2138
8647,27541,1588,1475,113,1355,120,2.37,2.78,1475,0,960,395
8648,27542,4337,3883,454,2535,1348,2.53,2.60,3883,146,1522,1013
8649,27544,1940,1725,215,1131,594,2.32,2.96,1725,123,512,619
8650,27545,12325,11911,414,8777,3134,2.68,2.74,11911,385,6544,2233
8651,27546,7644,6880,764,4651,2229,2.81,2.69,6880,302,2875,1776
8652,27549,10795,9258,1537,6535,2723,2.54,2.34,9258,481,3798,2737
8653,27551,1560,837,723,708,129,2.18,3.12,837,50,294,414
8654,27553,1058,640,418,436,204,2.80,2.13,640,42,284,152
8655,27555,262,216,46,92,124,2.66,2.27,216,3,72,20
8656,27556,94,87,7,69,18,2.39,3.94,87,2,12,57
8657,27557,3156,2595,561,1729,866,3.04,3.02,2595,121,953,776
8658,27559,1260,1183,77,971,212,2.15,3.05,1183,17,608,363
8659,27560,15994,14806,1188,6866,7940,2.87,2.15,14806,435,5692,1174
8660,27562,1528,1287,241,1144,143,3.24,1.49,1287,15,862,282
8661,27563,2581,2119,462,1324,795,2.43,2.21,2119,278,434,890
8662,27565,10819,9308,1511,6104,3204,2.75,2.62,9308,649,3276,2828
8663,27568,629,560,69,392,168,2.99,1.99,560,13,251,141
8664,27569,3709,3342,367,2279,1063,2.71,2.55,3342,168,1549,730
8665,27570,30,30,0,30,0,-,-,30,0,0,30
8666,27571,2854,2751,103,2386,365,3.16,2.45,2751,15,2082,304
8667,27572,3066,2876,190,2657,219,2.46,1.61,2876,66,1757,900
8668,27573,5305,4627,678,2444,2183,2.39,2.22,4627,696,1305,1139
8669,27574,6601,5945,656,5141,804,2.44,2.42,5945,113,2566,2575
8670,27576,7558,7017,541,4781,2236,2.81,2.66,7017,533,2352,2429
8671,27577,10359,9333,1026,6241,3092,2.73,2.55,9333,818,4295,1946
8672,27581,1474,1244,230,1111,133,3.00,2.51,1244,0,744,367
8673,27582,135,101,34,65,36,2.54,2.42,101,5,34,31
8674,27583,3050,2767,283,2460,307,2.62,1.81,2767,31,1645,815
8675,27584,100,100,0,42,58,2.02,2.62,100,49,11,31
8676,27587,28871,27840,1031,21848,5992,2.87,2.48,27840,662,16951,4897
8677,27589,3441,2628,813,1804,824,2.28,2.49,2628,273,779,1025
8678,27591,8831,8378,453,6263,2115,2.90,2.66,8378,228,4203,2060
8679,27592,6304,6017,287,5181,836,3.03,3.10,6017,59,4152,1029
8680,27593,0,0,0,0,0,-,-,0,0,0,0
8681,27594,111,55,56,55,0,1.89,-,55,0,55,0
8682,27596,7319,6978,341,5734,1244,2.74,2.39,6978,138,4350,1384
8683,27597,10826,9981,845,7895,2086,2.75,3.02,9981,387,5471,2424
8684,27599,0,0,0,0,0,-,-,0,0,0,0
8685,27601,4946,4371,575,1154,3217,2.31,1.95,4371,750,896,258
8686,27603,22896,21127,1769,12576,8551,2.59,2.37,21127,781,9340,3236
8687,27604,20123,18100,2023,10188,7912,2.40,2.51,18100,705,7842,2346
8688,27605,4028,3624,404,1176,2448,1.91,1.34,3624,271,755,421
8689,27606,20619,18835,1784,6917,11918,2.49,2.25,18835,1065,4853,2064
8690,27607,9880,8861,1019,4120,4741,2.44,2.13,8861,472,2997,1123
8691,27608,5561,5113,448,3900,1213,2.53,1.71,5113,95,2650,1250
8692,27609,19099,16399,2700,8597,7802,2.29,2.00,16399,1101,6084,2513
8693,27610,27555,26086,1469,16006,10080,2.81,3.12,26086,1824,13093,2913
8694,27612,20917,18460,2457,9908,8552,2.38,1.81,18460,1245,6665,3243
8695,27613,19555,17505,2050,12587,4918,2.70,2.02,17505,275,9559,3028
8696,27614,14312,12785,1527,9233,3552,2.73,2.01,12785,401,7085,2148
8697,27615,20233,18865,1368,13404,5461,2.45,2.19,18865,638,9197,4207
8698,27616,22191,20907,1284,12328,8579,2.80,2.51,20907,823,9748,2580
8699,27617,9995,9500,495,4121,5379,2.43,1.78,9500,282,3308,813
8700,27695,0,0,0,0,0,-,-,0,0,0,0
8701,27697,0,0,0,0,0,-,-,0,0,0,0
8702,27701,12278,10712,1566,3239,7473,2.31,2.03,10712,1749,2342,897
8703,27703,25303,23944,1359,15383,8561,2.46,2.43,23944,1108,11722,3661
8704,27704,16607,15865,742,8988,6877,2.58,2.58,15865,1434,6341,2647
8705,27705,23173,21130,2043,9523,11607,2.39,1.86,21130,2027,6032,3491
8706,27707,22901,21279,1622,10148,11131,2.34,2.26,21279,1857,7082,3066
8707,27708,0,0,0,0,0,-,-,0,0,0,0
8708,27709,0,0,0,0,0,-,-,0,0,0,0
8709,27712,9348,9103,245,8145,958,2.45,2.39,9103,188,5612,2533
8710,27713,24882,23585,1297,14154,9431,2.50,2.13,23585,800,10901,3253
8711,27801,8892,6893,1999,3408,3485,2.80,2.86,6893,836,1754,1654
8712,27803,10179,8534,1645,5371,3163,2.23,2.14,8534,1056,2958,2413
8713,27804,13578,12195,1383,6821,5374,2.41,2.31,12195,653,3959,2862
8714,27805,1507,1354,153,1111,243,2.39,2.58,1354,42,543,568
8715,27806,1345,933,412,794,139,2.42,2.96,933,60,303,491
8716,27807,2508,2194,314,1504,690,2.81,2.78,2194,97,825,679
8717,27808,1483,934,549,832,102,2.18,2.22,934,7,519,313
8718,27809,1933,1781,152,1384,397,2.42,2.28,1781,72,789,595
8719,27810,2650,1693,957,1223,470,2.10,2.61,1693,81,508,715
8720,27812,1394,1146,248,729,417,2.28,2.24,1146,160,328,401
8721,27813,347,301,46,180,121,2.88,2.45,301,32,108,72
8722,27814,1270,613,657,582,31,2.49,1.71,613,33,262,320
8723,27815,0,0,0,0,0,-,-,0,0,0,0
8724,27816,1491,1298,193,927,371,2.45,2.51,1298,2,384,543
8725,27817,3560,3023,537,2300,723,2.37,2.53,3023,245,1119,1181
8726,27818,703,559,144,448,111,2.06,3.33,559,61,192,256
8727,27819,148,128,20,50,78,2.40,5.88,128,12,9,41
8728,27820,1405,859,546,677,182,2.52,2.23,859,42,344,333
8729,27821,141,64,77,64,0,1.63,-,64,0,15,49
8730,27822,3479,3259,220,2662,597,2.45,2.69,3259,147,1448,1214
8731,27823,3400,2651,749,1719,932,2.46,2.55,2651,349,670,1049
8732,27824,680,537,143,380,157,2.02,3.43,537,17,203,177
8733,27825,40,33,7,5,28,-,2.71,33,3,4,1
8734,27826,369,232,137,193,39,2.37,1.05,232,0,82,111
8735,27827,81,81,0,81,0,2.11,-,81,5,8,73
8736,27828,4128,3697,431,2475,1222,2.32,2.72,3697,313,1370,1105
8737,27829,903,758,145,548,210,1.65,2.01,758,91,114,434
8738,27830,2101,1730,371,972,758,2.35,2.42,1730,63,509,463
8739,27831,1720,1423,297,997,426,2.02,2.16,1423,192,294,703
8740,27832,1107,919,188,673,246,2.45,2.56,919,67,234,439
8741,27834,27786,24304,3482,9362,14942,2.42,2.16,24304,2911,6441,2921
8742,27837,2707,2379,328,1882,497,2.67,2.31,2379,128,1156,726
8743,27839,1817,1420,397,1033,387,2.16,1.99,1420,153,383,650
8744,27840,186,125,61,101,24,1.91,2.88,125,32,25,76
8745,27841,27,15,12,0,15,-,1.60,15,0,0,0
8746,27842,1999,790,1209,723,67,2.18,2.45,790,25,423,300
8747,27843,456,324,132,217,107,2.72,2.55,324,65,90,127
8748,27844,1603,1269,334,874,395,2.54,2.32,1269,130,250,624
8749,27845,995,838,157,527,311,2.58,2.21,838,58,201,326
8750,27846,1303,1162,141,867,295,2.33,2.59,1162,28,440,427
8751,27847,449,355,94,220,135,1.63,4.84,355,30,67,153
8752,27849,591,506,85,380,126,2.08,2.26,506,96,144,236
8753,27850,5254,3040,2214,2524,516,2.42,2.19,3040,202,1074,1450
8754,27851,2099,1857,242,1303,554,2.58,1.96,1857,97,679,624
8755,27852,1312,1148,164,1002,146,2.19,2.38,1148,41,382,620
8756,27853,185,185,0,160,25,3.36,4.48,185,29,122,38
8757,27855,2534,2136,398,1342,794,1.99,2.44,2136,300,537,805
8758,27856,6948,6104,844,4368,1736,2.75,2.47,6104,284,2688,1680
8759,27857,651,545,106,377,168,2.05,2.14,545,8,177,200
8760,27858,25598,22504,3094,9792,12712,2.48,2.08,22504,1409,6539,3253
8761,27860,854,493,361,382,111,3.53,2.42,493,22,180,202
8762,27861,55,44,11,34,10,2.56,1.90,44,0,20,14
8763,27862,444,319,125,269,50,1.99,2.44,319,14,83,186
8764,27863,4900,4512,388,3620,892,2.83,2.70,4512,51,2594,1026
8765,27864,2186,1834,352,1149,685,2.42,2.79,1834,83,513,636
8766,27865,900,805,95,760,45,2.92,1.64,805,0,359,401
8767,27866,289,229,60,188,41,2.52,4.90,229,23,125,63
8768,27869,1074,716,358,567,149,2.25,2.06,716,59,333,234
8769,27870,11564,10227,1337,5917,4310,2.38,2.53,10227,1056,3479,2438
8770,27871,2208,1766,442,1156,610,2.17,2.41,1766,223,543,613
8771,27872,158,147,11,97,50,2.23,1.48,147,7,13,84
8772,27873,161,135,26,98,37,2.41,1.30,135,26,53,45
8773,27874,2506,1861,645,1238,623,1.95,2.33,1861,185,409,829
8774,27875,165,105,60,73,32,1.58,-,105,0,27,46
8775,27876,746,527,219,354,173,1.80,2.51,527,49,71,283
8776,27877,5,5,0,5,0,2.40,-,5,0,0,5
8777,27878,629,497,132,197,300,2.04,2.18,497,69,58,139
8778,27879,153,125,28,108,17,2.28,2.41,125,20,47,61
8779,27880,1665,1591,74,1274,317,2.42,2.63,1591,28,740,534
8780,27881,8,8,0,8,0,2.13,-,8,0,0,8
8781,27882,3806,3081,725,2111,970,2.51,2.97,3081,194,1007,1104
8782,27883,1541,1304,237,852,452,2.69,2.52,1304,71,299,553
8783,27884,427,412,15,330,82,2.43,6.55,412,82,143,187
8784,27885,719,518,201,271,247,1.67,2.01,518,0,26,245
8785,27886,8922,7799,1123,5125,2674,2.34,2.28,7799,874,2626,2499
8786,27888,959,749,210,553,196,2.72,2.93,749,40,301,252
8787,27889,12683,10532,2151,6863,3669,2.35,2.22,10532,900,3590,3273
8788,27890,1051,883,168,391,492,2.19,2.94,883,114,117,274
8789,27891,2300,1754,546,1365,389,2.97,2.18,1754,134,746,619
8790,27892,6612,5494,1118,3642,1852,2.43,2.51,5494,441,1838,1804
8791,27893,18274,15756,2518,6834,8922,2.42,2.46,15756,2338,3853,2981
8792,27896,8652,8042,610,5929,2113,2.38,2.28,8042,169,3784,2145
8793,27897,924,565,359,279,286,3.01,2.45,565,88,94,185
8794,27909,17360,15079,2281,9525,5554,2.52,2.53,15079,1023,5832,3693
8795,27910,5333,4526,807,2983,1543,2.46,2.52,4526,463,1399,1584
8796,27915,1869,299,1570,256,43,1.24,-,299,32,70,186
8797,27916,475,400,75,339,61,2.34,2.33,400,0,184,155
8798,27917,268,236,32,131,105,1.78,2.32,236,0,106,25
8799,27919,514,392,122,287,105,2.39,1.62,392,0,219,68
8800,27920,868,603,265,466,137,2.60,2.47,603,0,289,177
8801,27921,2075,1852,223,1362,490,2.50,2.45,1852,45,1070,292
8802,27922,385,285,100,213,72,2.37,2.76,285,8,141,72
8803,27923,274,274,0,243,31,1.89,-,274,0,163,80
8804,27924,1336,1171,165,925,246,2.66,2.03,1171,50,454,471
8805,27925,1758,1281,477,912,369,1.95,1.88,1281,98,374,538
8806,27926,780,621,159,445,176,3.04,1.81,621,43,196,249
8807,27927,4638,609,4029,527,82,2.06,1.61,609,10,333,194
8808,27928,957,813,144,646,167,2.24,1.57,813,131,176,470
8809,27929,1106,1055,51,966,89,2.58,3.12,1055,31,623,343
8810,27932,6392,5583,809,3438,2145,2.36,1.93,5583,633,1844,1594
8811,27935,730,643,87,484,159,2.37,4.03,643,17,257,227
8812,27936,964,381,583,298,83,1.53,2.84,381,0,134,164
8813,27937,1309,1239,70,973,266,2.83,2.70,1239,66,696,277
8814,27938,782,651,131,586,65,2.54,1.82,651,6,200,386
8815,27939,1349,1168,181,909,259,2.21,2.51,1168,21,656,253
8816,27941,340,243,97,223,20,1.60,1.55,243,17,82,141
8817,27942,347,259,88,179,80,2.41,1.33,259,26,79,100
8818,27943,648,243,405,148,95,1.59,3.12,243,19,70,78
8819,27944,6078,5059,1019,3838,1221,2.21,2.23,5059,225,2238,1600
8820,27946,752,630,122,553,77,1.89,2.68,630,77,218,335
8821,27947,511,445,66,423,22,2.93,-,445,0,294,129
8822,27948,9688,5365,4323,3954,1411,2.36,2.01,5365,35,2805,1149
8823,27949,9066,3288,5778,2863,425,2.44,2.13,3288,73,1946,917
8824,27950,954,817,137,730,87,2.30,2.55,817,8,335,395
8825,27953,509,385,124,333,52,2.02,1.35,385,0,179,154
8826,27954,3433,2742,691,2006,736,2.61,2.40,2742,96,1251,755
8827,27956,58,47,11,47,0,2.09,-,47,0,16,31
8828,27957,778,555,223,368,187,2.14,1.52,555,109,243,125
8829,27958,4362,4106,256,3733,373,2.95,2.41,4106,5,2993,740
8830,27959,5111,1521,3590,1185,336,2.10,1.61,1521,71,786,399
8831,27960,775,352,423,279,73,2.05,3.22,352,15,182,97
8832,27962,3622,3018,604,1819,1199,2.38,2.18,3018,479,819,1000
8833,27964,352,283,69,228,55,2.68,2.95,283,0,100,128
8834,27965,221,221,0,100,121,1.81,3.09,221,2,17,83
8835,27966,470,361,109,238,123,3.34,2.01,361,2,174,64
8836,27967,333,268,65,256,12,1.97,2.75,268,28,126,130
8837,27968,465,99,366,86,13,1.34,1.54,99,0,36,50
8838,27969,75,69,6,33,36,3.12,2.00,69,5,33,0
8839,27970,1724,1320,404,973,347,2.32,2.03,1320,237,417,556
8840,27972,555,76,479,42,34,2.24,2.88,76,0,23,19
8841,27973,548,520,28,371,149,2.25,2.24,520,0,253,118
8842,27974,342,320,22,303,17,2.49,2.53,320,21,207,96
8843,27976,1604,1519,85,1356,163,3.18,2.44,1519,21,1022,334
8844,27978,172,98,74,50,48,3.28,2.79,98,0,30,20
8845,27979,435,333,102,276,57,2.28,1.30,333,0,80,196
8846,27980,902,827,75,725,102,2.19,2.11,827,0,320,405
8847,27981,802,719,83,521,198,2.39,3.50,719,50,296,225
8848,27982,60,13,47,13,0,2.85,-,13,0,13,0
8849,27983,3999,2987,1012,2141,846,2.29,2.42,2987,331,1207,934
8850,27985,117,95,22,66,29,2.88,2.10,95,11,44,22
8851,27986,590,442,148,280,162,2.18,2.64,442,25,179,101
8852,28001,12456,10512,1944,6888,3624,2.42,2.36,10512,693,3844,3044
8853,28006,528,483,45,461,22,2.34,3.05,483,25,222,239
8854,28007,407,337,70,229,108,2.67,2.65,337,20,106,123
8855,28009,504,410,94,273,137,2.73,2.64,410,27,132,141
8856,28012,10633,9973,660,6974,2999,2.64,2.16,9973,531,4690,2284
8857,28016,5891,5100,791,3333,1767,2.69,2.55,5100,230,1666,1667
8858,28017,0,0,0,0,0,-,-,0,0,0,0
8859,28018,2506,1855,651,1533,322,2.21,2.50,1855,93,683,850
8860,28019,0,0,0,0,0,-,-,0,0,0,0
8861,28020,1028,754,274,560,194,3.48,3.85,754,53,272,288
8862,28021,6102,5501,601,4015,1486,2.53,2.65,5501,292,2220,1795
8863,28023,6464,6097,367,4718,1379,2.69,2.21,6097,493,2825,1893
8864,28024,0,0,0,0,0,-,-,0,0,0,0
8865,28025,22969,19802,3167,13967,5835,2.78,2.67,19802,920,9060,4907
8866,28027,29957,26077,3880,18655,7422,3.00,2.72,26077,819,13286,5369
8867,28031,13323,12479,844,8922,3557,2.51,2.06,12479,333,6446,2476
8868,28032,1570,1407,163,1001,406,1.91,2.86,1407,34,606,395
8869,28033,1288,1239,49,1032,207,2.06,2.80,1239,0,514,518
8870,28034,7475,7011,464,5163,1848,2.61,2.52,7011,299,3335,1828
8871,28036,8137,7435,702,6123,1312,2.76,2.24,7435,170,4488,1635
8872,28037,10205,9315,890,7767,1548,2.54,2.11,9315,223,5238,2529
8873,28039,18,11,7,11,0,1.55,-,11,0,0,11
8874,28040,3471,2876,595,2400,476,2.46,2.12,2876,224,851,1549
8875,28041,7,0,7,0,0,-,-,0,0,0,0
8876,28042,110,110,0,59,51,2.27,4.22,110,0,36,23
8877,28043,9080,7944,1136,4902,3042,2.64,2.51,7944,484,2340,2562
8878,28052,15296,13267,2029,7223,6044,2.61,2.72,13267,1219,4007,3216
8879,28054,18010,16468,1542,7508,8960,2.52,2.17,16468,1546,4965,2543
8880,28056,14216,13321,895,10449,2872,2.68,2.41,13321,428,6650,3799
8881,28071,1442,1193,249,967,226,2.48,2.29,1193,139,465,502
8882,28072,307,271,36,217,54,2.82,3.80,271,0,169,48
8883,28073,2720,2301,419,1596,705,2.82,2.98,2301,126,996,600
8884,28074,0,0,0,0,0,-,-,0,0,0,0
8885,28075,6541,6247,294,5700,547,3.38,3.79,6247,54,4485,1215
8886,28076,90,54,36,54,0,3.24,-,54,0,0,54
8887,28077,240,187,53,82,105,2.17,2.61,187,21,23,59
8888,28078,25771,24667,1104,18126,6541,2.84,2.38,24667,682,14464,3662
8889,28079,13722,13265,457,11200,2065,2.97,3.22,13265,186,8820,2380
8890,28080,3069,2805,264,2229,576,2.63,2.79,2805,216,1603,626
8891,28081,11517,10269,1248,6802,3467,2.82,2.78,10269,631,4429,2373
8892,28083,10869,9129,1740,5253,3876,2.86,2.71,9129,563,3623,1630
8893,28086,11041,9923,1118,7267,2656,2.71,2.88,9923,498,3507,3760
8894,28088,1130,943,187,728,215,2.73,3.85,943,90,416,312
8895,28089,31,19,12,19,0,4.26,-,19,0,4,15
8896,28090,3401,2631,770,2068,563,2.87,2.89,2631,224,571,1497
8897,28091,932,758,174,569,189,2.35,2.39,758,82,297,272
8898,28092,17301,16008,1293,11207,4801,2.62,2.25,16008,603,6828,4379
8899,28097,3003,2801,202,2347,454,2.54,2.41,2801,189,1460,887
8900,28098,1614,1546,68,1098,448,2.50,1.98,1546,40,749,349
8901,28101,454,437,17,402,35,2.16,2.34,437,13,256,146
8902,28102,42,27,15,27,0,2.41,-,27,0,7,20
8903,28103,4545,3994,551,3314,680,2.55,2.83,3994,102,1654,1660
8904,28104,11907,11445,462,10641,804,2.96,3.05,11445,170,8035,2606
8905,28105,17307,16483,824,11451,5032,2.81,2.37,16483,642,8424,3027
8906,28107,3094,2795,299,2437,358,3.01,3.20,2795,59,1859,578
8907,28108,56,40,16,40,0,1.88,-,40,0,40,0
8908,28109,176,155,21,151,4,1.10,7.25,155,0,4,147
8909,28110,19543,17949,1594,13460,4489,2.96,3.03,17949,758,9625,3835
8910,28112,10445,9940,505,7175,2765,2.77,2.63,9940,570,4867,2308
8911,28114,3724,2821,903,2134,687,2.90,2.86,2821,132,1035,1099
8912,28115,16732,15567,1165,11274,4293,2.68,2.59,15567,488,7885,3389
8913,28117,19722,17736,1986,12226,5510,2.71,2.22,17736,384,9102,3124
8914,28119,1226,933,293,586,347,2.25,2.41,933,58,135,451
8915,28120,9954,9291,663,6732,2559,2.60,2.20,9291,231,4567,2165
8916,28124,2483,2087,396,1747,340,2.94,3.26,2087,73,1014,733
8917,28125,1196,991,205,811,180,3.05,2.14,991,7,549,262
8918,28127,4932,2644,2288,2210,434,2.49,2.73,2644,107,1341,869
8919,28128,3545,2694,851,2020,674,2.57,3.20,2694,135,1011,1009
8920,28129,2602,2311,291,1957,354,2.55,2.14,2311,89,1338,619
8921,28133,1168,929,239,695,234,2.66,1.95,929,37,374,321
8922,28134,4908,4781,127,2973,1808,2.61,2.47,4781,542,2345,628
8923,28135,1317,1213,104,914,299,2.70,3.03,1213,36,365,549
8924,28136,36,24,12,0,24,-,2.63,24,0,0,0
8925,28137,1382,1074,308,929,145,2.70,3.22,1074,7,447,482
8926,28138,4133,3819,314,2767,1052,2.69,2.09,3819,196,1632,1135
8927,28139,9114,7851,1263,6061,1790,2.42,2.28,7851,474,2979,3082
8928,28144,12083,10254,1829,5549,4705,2.36,2.32,10254,1372,3341,2208
8929,28146,13945,12498,1447,10045,2453,2.56,2.46,12498,470,5523,4522
8930,28147,10048,9032,1016,5934,3098,2.73,2.40,9032,379,3549,2385
8931,28150,13336,10975,2361,7383,3592,2.35,2.46,10975,1083,3957,3426
8932,28152,11014,9381,1633,5988,3393,2.81,2.30,9381,511,3317,2671
8933,28159,1329,1086,243,583,503,2.55,2.83,1086,96,380,203
8934,28160,2163,1887,276,867,1020,2.14,1.74,1887,207,483,384
8935,28163,1999,1913,86,1561,352,2.98,2.92,1913,6,1023,538
8936,28164,6320,5875,445,4855,1020,2.62,2.48,5875,209,3107,1748
8937,28166,4276,3800,476,3091,709,2.74,2.86,3800,144,1948,1143
8938,28167,1197,955,242,860,95,2.53,2.24,955,20,380,480
8939,28168,4502,3991,511,3348,643,2.74,2.75,3991,150,1852,1496
8940,28169,97,70,27,49,21,2.94,2.05,70,0,21,28
8941,28170,5066,4279,787,2739,1540,2.30,2.71,4279,361,1561,1178
8942,28173,19629,18899,730,16850,2049,3.22,2.85,18899,265,12986,3864
8943,28174,2836,2666,170,1914,752,2.86,2.82,2666,89,1131,783
8944,28202,10256,8231,2025,2289,5942,1.67,1.56,8231,813,1925,364
8945,28203,11228,9821,1407,2984,6837,2.14,1.59,9821,643,2346,638
8946,28204,5803,5070,733,1197,3873,2.38,1.42,5070,424,998,199
8947,28205,23870,21826,2044,9238,12588,2.39,2.30,21826,1822,6881,2357
8948,28206,6113,5690,423,1883,3807,2.63,1.98,5690,913,1258,625
8949,28207,4420,4134,286,3387,747,2.42,1.76,4134,116,2231,1156
8950,28208,17327,15641,1686,6163,9478,2.68,2.55,15641,2337,4267,1896
8951,28209,12639,11339,1300,5991,5348,2.30,1.73,11339,778,4671,1320
8952,28210,22426,20838,1588,11394,9444,2.35,2.25,20838,1270,8298,3096
8953,28211,14650,13019,1631,7261,5758,2.63,2.09,13019,618,5087,2174
8954,28212,17718,16443,1275,6136,10307,2.69,2.76,16443,1558,4602,1534
8955,28213,19412,17674,1738,8701,8973,2.73,2.30,17674,848,6593,2108
8956,28214,15243,14430,813,11032,3398,2.77,2.97,14430,465,8421,2611
8957,28215,23163,21754,1409,13713,8041,2.83,3.04,21754,1327,10195,3518
8958,28216,24137,22067,2070,11252,10815,2.36,2.21,22067,1822,8227,3025
8959,28217,12377,11513,864,3727,7786,2.79,2.68,11513,1038,2544,1183
8960,28223,0,0,0,0,0,-,-,0,0,0,0
8961,28226,16821,15871,950,11153,4718,2.61,1.92,15871,542,7949,3204
8962,28227,23013,21672,1341,14893,6779,2.73,2.63,21672,651,11002,3891
8963,28244,0,0,0,0,0,-,-,0,0,0,0
8964,28262,21037,19395,1642,6476,12919,2.62,2.01,19395,1273,5056,1420
8965,28269,31989,29853,2136,19221,10632,2.64,2.45,29853,842,15819,3402
8966,28270,13000,12623,377,9333,3290,2.80,2.57,12623,263,6963,2370
8967,28273,17030,16199,831,8602,7597,2.93,2.47,16199,546,7144,1458
8968,28274,0,0,0,0,0,-,-,0,0,0,0
8969,28277,29189,27899,1290,17780,10119,2.80,2.13,27899,1290,13847,3933
8970,28278,12303,11695,608,8726,2969,3.02,2.68,11695,143,7392,1334
8971,28280,0,0,0,0,0,-,-,0,0,0,0
8972,28282,0,0,0,0,0,-,-,0,0,0,0
8973,28301,8769,7082,1687,2517,4565,1.93,2.13,7082,1843,1272,1245
8974,28303,15394,13628,1766,5992,7636,2.35,2.05,13628,1345,3692,2300
8975,28304,16423,14405,2018,7722,6683,2.39,2.56,14405,556,4967,2755
8976,28305,3408,2908,500,1627,1281,2.07,1.91,2908,330,1019,608
8977,28306,17598,15767,1831,9534,6233,2.84,2.72,15767,852,6631,2903
8978,28307,4998,4253,745,34,4219,3.03,2.87,4253,21,0,34
8979,28308,0,0,0,0,0,-,-,0,0,0,0
8980,28310,0,0,0,0,0,-,-,0,0,0,0
8981,28311,16047,14139,1908,6774,7365,2.54,2.22,14139,844,4762,2012
8982,28312,8655,7670,985,5346,2324,2.59,2.43,7670,464,3458,1888
8983,28314,24907,22089,2818,9855,12234,2.67,2.60,22089,1169,6983,2872
8984,28315,5781,5072,709,3685,1387,2.69,2.30,5072,233,2665,1020
8985,28318,1811,1547,264,1296,251,2.29,2.71,1547,0,543,753
8986,28320,4023,3348,675,2454,894,2.80,2.55,3348,79,920,1534
8987,28323,1666,1539,127,1111,428,2.76,2.62,1539,36,679,432
8988,28325,195,183,12,103,80,1.89,2.58,183,7,38,65
8989,28326,8863,7987,876,4811,3176,2.83,3.57,7987,234,3275,1536
8990,28327,7910,7079,831,5783,1296,2.64,2.39,7079,240,3467,2316
8991,28328,10602,9072,1530,6051,3021,2.63,2.80,9072,535,3088,2963
8992,28330,139,139,0,106,33,4.88,-,139,0,93,13
8993,28331,16,16,0,8,8,2.00,1.63,16,0,0,8
8994,28332,272,243,29,201,42,2.90,3.86,243,18,127,74
8995,28333,4274,3674,600,2470,1204,2.75,2.90,3674,238,1130,1340
8996,28334,10242,8669,1573,5963,2706,2.55,2.27,8669,570,2917,3046
8997,28337,5142,3524,1618,2300,1224,2.44,2.25,3524,374,1001,1299
8998,28338,1854,1566,288,1228,338,2.54,2.35,1566,102,717,511
8999,28339,2919,2620,299,1881,739,2.48,2.53,2620,198,1167,714
9000,28340,4204,3561,643,2160,1401,2.59,2.68,3561,345,649,1511
9001,28341,1602,1181,421,787,394,3.21,3.45,1181,66,343,444
9002,28342,35,26,9,22,4,3.05,-,26,0,12,10
9003,28343,702,602,100,381,221,2.79,3.14,602,48,151,230
9004,28344,1489,1379,110,1113,266,3.60,3.30,1379,8,341,772
9005,28345,5512,4387,1125,2691,1696,2.62,2.46,4387,534,1257,1434
9006,28347,518,431,87,319,112,2.75,2.88,431,24,84,235
9007,28348,14390,13126,1264,9394,3732,3.01,2.69,13126,526,7099,2295
9008,28349,1567,1350,217,932,418,2.44,2.86,1350,58,568,364
9009,28350,208,107,101,107,0,2.64,-,107,0,35,72
9010,28351,2040,1727,313,1185,542,2.54,2.93,1727,104,439,746
9011,28352,9924,8453,1471,4721,3732,2.59,2.76,8453,1059,2464,2257
9012,28355,0,0,0,0,0,-,-,0,0,0,0
9013,28356,2467,2085,382,1626,459,2.70,1.58,2085,145,1003,623
9014,28357,1157,1025,132,784,241,2.29,2.51,1025,38,276,508
9015,28358,14894,12576,2318,7085,5491,2.64,2.77,12576,1155,2957,4128
9016,28359,0,0,0,0,0,-,-,0,0,0,0
9017,28360,5201,4696,505,3270,1426,3.19,2.76,4696,255,1410,1860
9018,28362,27,20,7,18,2,2.11,2.50,20,2,7,11
9019,28363,463,389,74,209,180,2.11,2.96,389,52,79,130
9020,28364,5639,4860,779,3588,1272,2.79,2.72,4860,441,1142,2446
9021,28365,6764,5868,896,4030,1838,2.38,2.56,5868,509,1666,2364
9022,28366,2418,1942,476,1448,494,2.62,2.81,1942,156,436,1012
9023,28367,64,50,14,14,36,3.50,3.92,50,6,7,7
9024,28368,42,42,0,31,11,3.10,3.27,42,0,24,7
9025,28369,1009,845,164,601,244,2.64,2.47,845,51,209,392
9026,28371,2344,2044,300,1410,634,2.67,2.34,2044,125,872,538
9027,28372,4371,3909,462,2486,1423,2.80,2.56,3909,318,972,1514
9028,28373,1180,1043,137,800,243,2.44,2.43,1043,66,599,201
9029,28374,10363,8517,1846,7235,1282,2.15,2.16,8517,268,4373,2862
9030,28375,84,64,20,44,20,2.93,4.40,64,0,19,25
9031,28376,16468,14450,2018,9910,4540,2.97,2.85,14450,676,7105,2805
9032,28377,4802,4133,669,2762,1371,2.79,2.87,4133,452,970,1792
9033,28378,40,40,0,19,21,2.16,-,40,0,0,19
9034,28379,11428,9524,1904,6193,3331,2.67,2.34,9524,976,3087,3106
9035,28382,3250,2652,598,2126,526,2.77,2.99,2652,124,913,1213
9036,28383,3014,2658,356,2079,579,2.51,2.75,2658,210,733,1346
9037,28384,4042,3376,666,2342,1034,2.79,2.97,3376,278,943,1399
9038,28385,1239,803,436,705,98,2.41,2.18,803,26,347,358
9039,28386,2235,1954,281,1523,431,2.75,2.34,1954,189,380,1143
9040,28387,8032,7120,912,4256,2864,2.33,1.68,7120,683,2695,1561
9041,28390,10230,8774,1456,4194,4580,2.83,2.69,8774,410,2956,1238
9042,28391,2463,2256,207,1744,512,2.83,2.65,2256,61,1227,517
9043,28392,789,778,11,536,242,2.07,2.93,778,126,178,358
9044,28393,809,751,58,635,116,2.40,4.28,751,8,157,478
9045,28394,2364,1906,458,1419,487,2.69,2.54,1906,37,712,707
9046,28395,939,822,117,665,157,2.59,2.36,822,36,331,334
9047,28396,1153,890,263,615,275,2.73,2.17,890,92,311,304
9048,28398,3212,2620,592,1452,1168,2.49,2.54,2620,189,507,945
9049,28399,861,642,219,417,225,2.82,2.09,642,62,176,241
9050,28401,12337,10529,1808,3959,6570,1.94,2.03,10529,2206,2514,1445
9051,28403,20177,18092,2085,6424,11668,2.06,1.89,18092,1356,4360,2064
9052,28405,16247,14638,1609,8461,6177,2.42,2.16,14638,962,5549,2912
9053,28409,14140,13476,664,11097,2379,2.57,2.42,13476,413,7479,3618
9054,28411,16455,15156,1299,11588,3568,2.48,1.94,15156,484,8346,3242
9055,28412,19401,17972,1429,10500,7472,2.38,2.03,17972,707,6950,3550
9056,28420,1484,1197,287,794,403,2.53,2.91,1197,31,320,474
9057,28421,876,599,277,462,137,3.27,3.70,599,5,231,231
9058,28422,3946,3082,864,2555,527,2.40,2.91,3082,46,1231,1324
9059,28423,1071,889,182,781,108,2.95,3.00,889,78,281,500
9060,28424,107,28,79,14,14,1.43,1.50,28,0,2,12
9061,28425,4592,3821,771,2829,992,2.33,2.96,3821,285,1487,1342
9062,28428,6025,3092,2933,2129,963,2.29,1.94,3092,93,1305,824
9063,28429,3565,3366,199,2772,594,2.32,2.50,3366,156,1800,972
9064,28430,1018,807,211,536,271,2.59,2.07,807,34,186,350
9065,28431,3333,2716,617,1933,783,2.08,2.53,2716,142,634,1299
9066,28432,713,534,179,442,92,2.39,3.41,534,35,138,304
9067,28433,2171,1617,554,1084,533,2.67,2.89,1617,151,456,628
9068,28434,361,300,61,257,43,2.12,1.60,300,36,118,139
9069,28435,943,792,151,672,120,2.51,3.23,792,49,188,484
9070,28436,603,520,83,364,156,3.33,3.33,520,7,146,218
9071,28438,689,518,171,455,63,2.49,2.35,518,61,59,396
9072,28439,622,365,257,251,114,2.72,2.82,365,9,85,166
9073,28441,1303,1102,201,770,332,3.23,3.19,1102,83,369,401
9074,28442,808,567,241,485,82,2.56,2.52,567,35,221,264
9075,28443,10305,8930,1375,7252,1678,2.81,2.33,8930,227,4926,2326
9076,28444,1293,872,421,693,179,2.33,3.44,872,51,299,394
9077,28445,8327,3815,4512,2774,1041,2.35,2.54,3815,79,1751,1023
9078,28447,598,451,147,396,55,3.81,-,451,6,105,291
9079,28448,664,346,318,161,185,1.98,2.17,346,61,52,109
9080,28449,1932,899,1033,645,254,2.32,2.68,899,0,399,246
9081,28450,1257,817,440,632,185,2.10,2.57,817,52,343,289
9082,28451,17354,16081,1273,13029,3052,2.37,2.51,16081,444,8941,4088
9083,28452,176,142,34,103,39,3.45,1.85,142,0,67,36
9084,28453,1675,1409,266,1042,367,2.77,2.49,1409,144,316,726
9085,28454,1153,1019,134,916,103,2.22,4.42,1019,36,497,419
9086,28455,965,893,72,657,236,2.91,2.01,893,77,244,413
9087,28456,1877,1462,415,1252,210,2.70,2.10,1462,77,648,604
9088,28457,4636,3996,640,3280,716,2.49,2.53,3996,62,2168,1112
9089,28458,2557,2114,443,1448,666,2.54,2.86,2114,156,521,927
9090,28460,8108,4755,3353,3701,1054,2.20,2.29,4755,128,2812,889
9091,28461,13741,9886,3855,8442,1444,2.19,2.33,9886,147,5041,3401
9092,28462,11361,5084,6277,4051,1033,2.34,2.49,5084,51,1960,2091
9093,28463,3070,2490,580,1783,707,2.38,2.39,2490,179,794,989
9094,28464,960,877,83,505,372,2.40,3.42,877,25,152,353
9095,28465,9611,3572,6039,3125,447,2.17,2.19,3572,102,2022,1103
9096,28466,4385,3588,797,2621,967,2.20,1.91,3588,105,1455,1166
9097,28467,7669,5913,1756,5308,605,2.05,2.00,5913,218,2905,2403
9098,28468,5209,2407,2802,2017,390,1.95,2.02,2407,29,811,1206
9099,28469,8196,3642,4554,3066,576,2.10,1.97,3642,57,1705,1361
9100,28470,5845,4317,1528,3156,1161,2.41,2.44,4317,216,1727,1429
9101,28472,7851,6712,1139,4334,2378,2.55,2.67,6712,460,2282,2052
9102,28478,2350,2023,327,1726,297,2.37,3.39,2023,112,826,900
9103,28479,2600,2312,288,1935,377,2.87,2.31,2312,96,1234,701
9104,28480,2860,1260,1600,900,360,2.01,2.10,1260,4,487,413
9105,28501,9839,7623,2216,3441,4182,2.33,2.39,7623,1203,1282,2159
9106,28504,9291,8625,666,5378,3247,2.32,2.18,8625,571,2663,2715
9107,28508,847,763,84,517,246,2.48,2.99,763,0,155,362
9108,28509,6,0,6,0,0,-,-,0,0,0,0
9109,28510,1031,682,349,523,159,2.05,2.56,682,7,299,224
9110,28511,469,264,205,206,58,2.53,2.26,264,0,42,164
9111,28512,8797,1666,7131,1360,306,1.99,1.66,1666,23,612,748
9112,28513,4421,3952,469,2701,1251,2.47,2.14,3952,334,1569,1132
9113,28515,1579,1152,427,793,359,2.29,1.85,1152,163,387,406
9114,28516,7162,5263,1899,3427,1836,2.19,1.95,5263,310,1499,1928
9115,28518,3607,2884,723,2322,562,2.61,2.27,2884,90,1179,1143
9116,28519,205,161,44,116,45,1.81,4.91,161,10,42,74
9117,28520,238,163,75,131,32,1.65,-,163,0,66,65
9118,28521,970,648,322,511,137,2.37,2.65,648,6,189,322
9119,28523,1166,1022,144,678,344,2.54,2.45,1022,39,256,422
9120,28524,135,92,43,92,0,2.42,-,92,7,60,32
9121,28525,1283,1227,56,929,298,2.24,1.98,1227,114,374,555
9122,28526,1367,1194,173,767,427,2.02,2.78,1194,113,130,637
9123,28527,606,554,52,426,128,1.88,2.13,554,10,97,329
9124,28528,295,233,62,196,37,2.32,3.92,233,0,78,118
9125,28529,1008,760,248,598,162,2.12,2.25,760,26,249,349
9126,28530,3626,3114,512,1917,1197,2.07,2.07,3114,282,646,1271
9127,28531,1138,516,622,432,84,2.13,3.56,516,22,229,203
9128,28532,8731,7544,1187,3773,3771,2.65,2.62,7544,178,2473,1300
9129,28533,0,0,0,0,0,-,-,0,0,0,0
9130,28537,64,20,44,20,0,1.95,-,20,0,9,11
9131,28538,966,855,111,470,385,2.74,2.68,855,47,157,313
9132,28539,8067,6910,1157,4616,2294,2.47,2.38,6910,234,3105,1511
9133,28540,21272,18704,2568,10109,8595,2.65,2.51,18704,1101,7053,3056
9134,28542,74,74,0,0,74,-,5.64,74,0,0,0
9135,28543,2298,1891,407,49,1842,1.45,2.81,1891,8,0,49
9136,28544,2697,2364,333,584,1780,2.68,2.31,2364,16,402,182
9137,28546,20614,18171,2443,9884,8287,2.98,2.36,18171,695,7294,2590
9138,28547,2077,1810,267,0,1810,-,3.58,1810,3,0,0
9139,28551,6208,5259,949,3487,1772,2.90,2.28,5259,214,1648,1839
9140,28552,174,87,87,87,0,2.97,-,87,11,10,77
9141,28553,318,180,138,147,33,2.16,1.94,180,0,91,56
9142,28554,74,47,27,47,0,1.45,-,47,0,24,23
9143,28555,2422,2095,327,1482,613,2.61,1.95,2095,152,658,824
9144,28556,582,388,194,286,102,1.97,1.93,388,0,192,94
9145,28557,8951,7223,1728,4561,2662,2.21,1.75,7223,554,2682,1879
9146,28560,13777,11276,2501,7282,3994,2.50,2.62,11276,717,4170,3112
9147,28562,18367,16453,1914,11754,4699,2.31,2.08,16453,1056,7385,4369
9148,28570,10411,8481,1930,6413,2068,2.44,2.33,8481,218,3768,2645
9149,28571,1808,1219,589,1048,171,2.19,1.35,1219,48,503,545
9150,28572,3022,2690,332,1856,834,2.36,2.75,2690,75,876,980
9151,28573,888,721,167,523,198,2.29,1.82,721,72,260,263
9152,28574,8037,6765,1272,4751,2014,2.63,3.34,6765,225,3302,1449
9153,28575,354,75,279,69,6,2.83,-,75,0,38,31
9154,28577,216,83,133,53,30,2.36,2.23,83,0,23,30
9155,28578,2154,1754,400,1222,532,3.35,2.99,1754,31,304,918
9156,28579,414,330,84,197,133,2.39,2.67,330,0,160,37
9157,28580,4314,3832,482,2555,1277,2.60,2.51,3832,312,1335,1220
9158,28581,127,52,75,45,7,2.47,3.57,52,0,25,20
9159,28582,793,697,96,532,165,2.48,2.61,697,0,288,244
9160,28584,7403,5864,1539,4420,1444,2.39,2.53,5864,215,2844,1576
9161,28585,1876,1470,406,1126,344,2.34,3.07,1470,94,378,748
9162,28586,3493,2925,568,2153,772,2.30,2.38,2925,298,962,1191
9163,28587,151,107,44,101,6,1.94,5.83,107,12,33,68
9164,28589,17,17,0,17,0,2.24,-,17,0,0,17
9165,28590,10575,10234,341,7656,2578,2.45,2.33,10234,293,6232,1424
9166,28594,6795,1764,5031,1478,286,2.14,2.38,1764,18,778,700
9167,28601,23372,21040,2332,13857,7183,2.46,2.37,21040,1208,8652,5205
9168,28602,12685,11579,1106,7742,3837,2.58,2.38,11579,701,4614,3128
9169,28604,8978,3044,5934,2368,676,2.25,2.21,3044,40,1377,991
9170,28605,4384,1840,2544,1269,571,2.10,1.91,1840,19,599,670
9171,28606,845,661,184,536,125,2.50,2.56,661,38,172,364
9172,28607,15936,11820,4116,5986,5834,2.42,2.33,11820,567,3298,2688
9173,28609,2886,2425,461,2047,378,2.38,2.03,2425,150,1162,885
9174,28610,4881,4231,650,3181,1050,2.67,2.47,4231,140,1716,1465
9175,28611,476,164,312,164,0,1.53,-,164,0,29,135
9176,28612,5490,4759,731,3822,937,2.58,2.23,4759,112,2113,1709
9177,28613,9824,9098,726,6482,2616,2.54,2.59,9098,296,3624,2858
9178,28615,1237,832,405,652,180,2.10,1.97,832,76,206,446
9179,28616,48,21,27,21,0,2.81,-,21,0,12,9
9180,28617,1129,825,304,557,268,2.20,2.16,825,47,256,301
9181,28618,1419,965,454,697,268,2.58,2.80,965,29,420,277
9182,28619,211,184,27,107,77,2.09,1.47,184,15,48,59
9183,28621,4683,4017,666,2816,1201,2.33,2.57,4017,287,1270,1546
9184,28622,1685,1179,506,971,208,2.21,2.21,1179,108,251,720
9185,28623,971,642,329,586,56,2.76,1.50,642,8,309,277
9186,28624,844,591,253,517,74,2.38,2.42,591,36,175,342
9187,28625,16364,14956,1408,11209,3747,2.54,2.32,14956,450,6540,4669
9188,28626,1998,1279,719,1151,128,2.21,2.91,1279,0,694,457
9189,28627,1103,616,487,463,153,2.10,1.82,616,113,220,243
9190,28628,18,18,0,15,3,2.87,2.00,18,0,15,0
9191,28629,0,0,0,0,0,-,-,0,0,0,0
9192,28630,9218,8033,1185,6106,1927,2.44,3.01,8033,362,3590,2516
9193,28631,601,331,270,205,126,3.34,2.74,331,0,19,186
9194,28634,2204,1764,440,1484,280,2.69,2.83,1764,14,866,618
9195,28635,1572,1342,230,1243,99,2.32,3.64,1342,51,406,837
9196,28636,1970,1655,315,1255,400,2.33,3.00,1655,62,511,744
9197,28637,744,675,69,471,204,2.41,2.14,675,16,215,256
9198,28638,5125,4470,655,3409,1061,2.63,2.69,4470,191,1940,1469
9199,28640,2805,2075,730,1406,669,2.32,1.79,2075,207,733,673
9200,28641,23,23,0,0,23,-,-,23,0,0,0
9201,28642,2702,2327,375,1578,749,2.37,2.08,2327,182,854,724
9202,28643,2168,1626,542,1396,230,2.45,3.53,1626,101,426,970
9203,28644,1191,616,575,452,164,1.98,1.77,616,15,169,283
9204,28645,21204,18366,2838,13219,5147,2.49,2.43,18366,1131,6242,6977
9205,28646,1250,175,1075,133,42,2.17,3.00,175,1,91,42
9206,28649,537,409,128,267,142,2.99,2.72,409,0,96,171
9207,28650,4973,4499,474,3696,803,2.56,2.71,4499,106,2139,1557
9208,28651,2985,2409,576,2033,376,2.46,1.89,2409,43,854,1179
9209,28652,79,61,18,22,39,2.18,2.72,61,0,0,22
9210,28653,21,21,0,21,0,-,-,21,0,0,21
9211,28654,1841,1344,497,1144,200,2.21,1.59,1344,108,509,635
9212,28655,24640,21382,3258,15608,5774,2.52,2.47,21382,1284,8250,7358
9213,28657,6466,3614,2852,2933,681,2.27,2.16,3614,180,1339,1594
9214,28658,11301,10524,777,7548,2976,2.43,2.51,10524,596,4374,3174
9215,28659,9736,8849,887,6042,2807,2.40,2.40,8849,453,2944,3098
9216,28660,1079,879,200,739,140,2.49,2.82,879,0,362,377
9217,28662,55,30,25,0,30,-,1.73,30,0,0,0
9218,28663,660,298,362,271,27,2.27,1.74,298,17,185,86
9219,28664,81,74,7,74,0,2.26,-,74,0,45,29
9220,28665,1515,1098,417,889,209,2.31,2.86,1098,32,424,465
9221,28666,55,55,0,30,25,2.17,-,55,25,0,30
9222,28667,142,88,54,35,53,2.23,2.30,88,3,19,16
9223,28668,565,97,468,97,0,1.80,-,97,0,72,25
9224,28669,1461,1263,198,1038,225,2.29,1.51,1263,0,389,649
9225,28670,1071,972,99,787,185,3.17,2.56,972,25,305,482
9226,28671,142,121,21,87,34,2.10,2.74,121,4,19,68
9227,28672,64,64,0,64,0,2.38,-,64,0,48,16
9228,28673,3415,2839,576,2448,391,2.21,2.59,2839,51,1264,1184
9229,28675,3723,2849,874,2157,692,2.17,2.53,2849,134,1092,1065
9230,28676,1514,1295,219,1154,141,2.32,3.09,1295,24,614,540
9231,28677,15452,13841,1611,9091,4750,2.57,2.38,13841,738,5785,3306
9232,28678,2409,2171,238,1865,306,2.63,2.63,2171,0,958,907
9233,28679,1308,891,417,810,81,2.59,2.64,891,19,504,306
9234,28681,11194,9420,1774,7778,1642,2.54,3.27,9420,333,3618,4160
9235,28682,704,540,164,412,128,2.27,3.19,540,30,223,189
9236,28683,756,570,186,455,115,2.46,2.03,570,9,178,277
9237,28684,1631,859,772,788,71,1.92,2.72,859,0,229,559
9238,28685,813,746,67,575,171,2.59,2.89,746,20,183,392
9239,28689,915,763,152,573,190,3.32,4.12,763,80,264,309
9240,28690,4378,3928,450,3123,805,2.31,2.45,3928,95,1412,1711
9241,28692,3209,2102,1107,1581,521,2.06,2.31,2102,172,861,720
9242,28693,790,655,135,564,91,2.16,3.29,655,0,166,398
9243,28694,4478,3148,1330,2513,635,2.13,2.23,3148,146,1344,1169
9244,28697,6560,5771,789,3811,1960,2.48,2.02,5771,275,2163,1648
9245,28698,1405,1072,333,920,152,2.45,2.14,1072,71,316,604
9246,28701,1816,1494,322,1198,296,3.67,1.98,1494,22,804,394
9247,28702,427,249,178,224,25,2.61,1.80,249,0,102,122
9248,28704,10182,7799,2383,4808,2991,2.97,2.40,7799,367,3379,1429
9249,28705,3947,2921,1026,2348,573,2.19,2.59,2921,207,1006,1342
9250,28707,421,227,194,180,47,2.76,1.79,227,0,63,117
9251,28708,212,110,102,103,7,1.55,1.14,110,0,79,24
9252,28709,1369,1075,294,755,320,2.53,2.12,1075,18,271,484
9253,28710,46,0,46,0,0,-,-,0,0,0,0
9254,28711,7438,5540,1898,3755,1785,2.33,1.77,5540,634,2006,1749
9255,28712,10591,8588,2003,6208,2380,2.22,2.00,8588,399,2998,3210
9256,28713,5576,3390,2186,2666,724,2.47,2.71,3390,199,1325,1341
9257,28714,9812,6775,3037,5142,1633,2.43,2.35,6775,272,2357,2785
9258,28715,12159,10234,1925,7528,2706,2.72,2.67,10234,246,4193,3335
9259,28716,8805,7432,1373,5715,1717,2.44,2.09,7432,419,3089,2626
9260,28717,2268,637,1631,533,104,1.93,2.15,637,53,344,189
9261,28718,312,192,120,146,46,2.35,1.09,192,0,83,63
9262,28719,3295,2796,499,2004,792,2.40,2.46,2796,326,487,1517
9263,28720,188,72,116,47,25,2.11,2.00,72,2,28,19
9264,28721,5198,4365,833,3024,1341,2.41,1.92,4365,147,1641,1383
9265,28722,3257,2759,498,1897,862,2.40,1.94,2759,142,1137,760
9266,28723,4909,3208,1701,1357,1851,2.36,2.28,3208,85,659,698
9267,28725,58,44,14,17,27,2.35,1.59,44,0,6,11
9268,28726,1322,1311,11,736,575,2.89,3.10,1311,40,369,367
9269,28729,1649,1471,178,1245,226,2.22,2.27,1471,12,920,325
9270,28730,4070,3140,930,2671,469,2.71,2.53,3140,78,1598,1073
9271,28731,4299,3525,774,2812,713,2.25,3.20,3525,124,1298,1514
9272,28732,7911,7084,827,5951,1133,2.64,2.12,7084,38,3754,2197
9273,28733,247,45,202,26,19,1.42,1.89,45,0,18,8
9274,28734,18138,13268,4870,9790,3478,2.16,2.09,13268,942,4826,4964
9275,28735,179,121,58,121,0,1.85,-,121,0,69,52
9276,28736,1334,444,890,383,61,1.63,4.13,444,2,210,173
9277,28739,11083,9309,1774,7410,1899,2.29,2.25,9309,259,4304,3106
9278,28740,1265,755,510,635,120,2.26,1.71,755,46,182,453
9279,28741,5906,2163,3743,1505,658,1.93,1.41,2163,106,770,735
9280,28742,1258,1258,0,1074,184,2.50,2.04,1258,18,704,370
9281,28743,1377,970,407,721,249,2.41,2.67,970,64,273,448
9282,28745,561,147,414,139,8,2.60,4.13,147,0,117,22
9283,28746,3093,1195,1898,1007,188,2.09,2.94,1195,22,500,507
9284,28747,1862,863,999,704,159,2.45,2.97,863,22,246,458
9285,28748,4844,4242,602,3002,1240,2.53,3.43,4242,163,1444,1558
9286,28749,187,48,139,48,0,2.31,-,48,0,0,48
9287,28751,3902,1791,2111,1519,272,2.04,3.17,1791,21,760,759
9288,28752,14311,12345,1966,8838,3507,2.43,2.46,12345,736,4536,4302
9289,28753,5353,3904,1449,3123,781,2.52,1.84,3904,162,1272,1851
9290,28754,4590,3461,1129,2536,925,2.54,2.60,3461,134,1212,1324
9291,28755,0,0,0,0,0,-,-,0,0,0,0
9292,28756,2114,1520,594,1197,323,2.48,2.04,1520,57,483,714
9293,28757,710,2,708,2,0,3.50,-,2,0,2,0
9294,28758,0,0,0,0,0,-,-,0,0,0,0
9295,28759,3393,3065,328,2562,503,2.44,2.55,3065,95,1422,1140
9296,28761,3446,2938,508,2344,594,2.33,2.19,2938,151,1093,1251
9297,28762,3394,2871,523,2133,738,2.34,2.00,2871,213,877,1256
9298,28763,1640,1081,559,725,356,2.46,2.32,1081,79,366,359
9299,28766,495,448,47,349,99,2.50,2.26,448,0,232,117
9300,28768,3835,2950,885,2565,385,2.48,2.41,2950,139,1072,1493
9301,28770,0,0,0,0,0,-,-,0,0,0,0
9302,28771,4740,2917,1823,2348,569,2.60,2.24,2917,215,770,1578
9303,28772,855,538,317,386,152,1.89,2.16,538,11,275,111
9304,28773,2089,1227,862,1062,165,2.43,1.96,1227,34,577,485
9305,28774,2422,683,1739,531,152,1.66,2.27,683,21,306,225
9306,28775,508,215,293,144,71,2.43,3.13,215,0,51,93
9307,28777,4712,3588,1124,2758,830,2.19,2.49,3588,224,1371,1387
9308,28778,4478,3626,852,2724,902,2.74,2.66,3626,131,1597,1127
9309,28779,9464,7784,1680,5151,2633,2.33,2.35,7784,301,2354,2797
9310,28781,1009,541,468,433,108,1.66,2.31,541,0,113,320
9311,28782,3714,3061,653,2374,687,2.17,1.62,3061,131,1167,1207
9312,28783,1060,500,560,294,206,2.31,4.15,500,58,109,185
9313,28785,4796,3219,1577,2564,655,2.67,2.05,3219,112,1251,1313
9314,28786,11616,9426,2190,6662,2764,2.34,2.07,9426,594,3139,3523
9315,28787,10171,8680,1491,6666,2014,2.77,2.29,8680,299,3588,3078
9316,28788,89,57,32,39,18,3.15,1.56,57,2,23,16
9317,28789,4209,2723,1486,1793,930,2.29,3.05,2723,140,639,1154
9318,28790,1813,1361,452,1193,168,2.42,2.39,1361,0,835,358
9319,28791,7367,6588,779,5108,1480,2.41,1.75,6588,145,3078,2030
9320,28792,17484,14968,2516,9360,5608,2.29,2.36,14968,1020,4958,4402
9321,28801,8351,6544,1807,2461,4083,2.37,1.86,6544,1262,1551,910
9322,28803,17817,14256,3561,7533,6723,2.46,2.24,14256,961,4353,3180
9323,28804,11734,9496,2238,6526,2970,2.53,2.25,9496,210,3733,2793
9324,28805,10582,8885,1697,5517,3368,2.26,2.24,8885,603,2874,2643
9325,28806,20374,17058,3316,9726,7332,2.64,2.54,17058,748,5815,3911
9326,28901,3245,2372,873,1880,492,2.04,2.39,2372,29,837,1043
9327,28902,717,395,322,342,53,2.60,3.89,395,0,83,259
9328,28904,6223,4489,1734,3405,1084,2.27,1.73,4489,408,1713,1692
9329,28905,1641,1220,421,983,237,2.91,3.18,1220,93,407,576
9330,28906,12845,8701,4144,7175,1526,2.24,2.04,8701,364,3174,4001
9331,28909,473,346,127,290,56,1.70,1.98,346,8,74,216
9332,29001,777,633,144,488,145,3.23,3.14,633,25,196,292
9333,29003,2879,2272,607,1720,552,2.48,2.11,2272,349,634,1086
9334,29006,4355,3643,712,2579,1064,2.43,2.72,3643,217,1069,1510
9335,29009,1107,851,256,709,142,2.48,1.97,851,44,204,505
9336,29010,5255,4389,866,3006,1383,2.45,2.27,4389,626,1253,1753
9337,29014,756,638,118,576,62,2.30,1.35,638,34,337,239
9338,29015,663,512,151,439,73,2.61,2.05,512,35,197,242
9339,29016,11134,10373,761,8448,1925,2.81,1.82,10373,120,6044,2404
9340,29018,1575,1221,354,1005,216,3.00,2.23,1221,83,293,712
9341,29020,10898,8956,1942,6783,2173,2.45,2.16,8956,459,3427,3356
9342,29030,1056,840,216,788,52,2.56,1.46,840,40,297,491
9343,29031,732,645,87,468,177,2.81,2.89,645,73,120,348
9344,29032,2111,1799,312,1456,343,2.62,3.95,1799,89,704,752
9345,29033,6553,6092,461,3392,2700,2.04,2.17,6092,245,1838,1554
9346,29036,10137,9446,691,8766,680,2.60,2.55,9446,182,5912,2854
9347,29037,490,301,189,292,9,2.84,3.89,301,23,56,236
9348,29038,1302,1054,248,833,221,2.36,1.69,1054,50,252,581
9349,29039,1794,1554,240,1252,302,2.13,2.04,1554,23,370,882
9350,29040,3799,3474,325,2488,986,2.93,2.50,3474,226,1525,963
9351,29042,2071,1139,932,711,428,3.03,4.34,1139,228,197,514
9352,29044,2695,2128,567,1654,474,2.46,2.66,2128,152,821,833
9353,29045,11143,10440,703,8444,1996,2.80,2.63,10440,208,5919,2525
9354,29046,18,18,0,18,0,2.00,-,18,0,0,18
9355,29047,1890,1498,392,1266,232,2.15,2.63,1498,253,217,1049
9356,29048,2431,1914,517,1519,395,2.48,3.17,1914,152,438,1081
9357,29051,291,153,138,139,14,2.38,1.93,153,6,60,79
9358,29052,666,566,100,541,25,2.87,6.64,566,60,144,397
9359,29053,8704,7738,966,5486,2252,2.55,2.85,7738,263,2908,2578
9360,29054,4582,3599,983,3219,380,2.49,2.15,3599,68,1792,1427
9361,29055,1912,1542,370,1356,186,2.49,2.22,1542,70,386,970
9362,29056,1094,925,169,729,196,2.27,2.98,925,62,178,551
9363,29058,2212,1791,421,1289,502,3.00,2.95,1791,108,701,588
9364,29059,2706,1966,740,1486,480,2.66,2.81,1966,161,638,848
9365,29061,5528,4721,807,3483,1238,2.50,3.03,4721,329,2051,1432
9366,29062,10,10,0,10,0,-,-,10,0,0,10
9367,29063,14597,13848,749,11115,2733,2.83,2.66,13848,188,8356,2759
9368,29065,410,267,143,235,32,1.70,2.06,267,12,85,150
9369,29067,4392,3792,600,2755,1037,2.49,2.98,3792,286,1048,1707
9370,29069,2051,1862,189,1366,496,2.31,2.31,1862,193,573,793
9371,29070,7586,5894,1692,4814,1080,2.59,3.44,5894,296,2534,2280
9372,29072,25590,24004,1586,19746,4258,2.76,2.17,24004,945,14175,5571
9373,29073,19313,18349,964,15083,3266,2.65,2.64,18349,603,11111,3972
9374,29074,376,114,262,105,9,1.88,-,114,0,55,50
9375,29075,1327,1225,102,1163,62,2.48,1.29,1225,36,540,623
9376,29078,6476,5958,518,5184,774,2.70,2.18,5958,111,3229,1955
9377,29079,12,12,0,12,0,-,-,12,0,12,0
9378,29080,1247,970,277,834,136,3.26,2.24,970,91,183,651
9379,29081,722,511,211,420,91,2.33,1.79,511,60,74,346
9380,29082,274,199,75,193,6,2.12,9.33,199,18,73,120
9381,29101,1313,1093,220,878,215,2.67,2.77,1093,28,318,560
9382,29102,8389,6248,2141,4480,1768,2.65,2.48,6248,809,2099,2381
9383,29104,629,464,165,397,67,2.92,1.84,464,7,141,256
9384,29105,430,388,42,327,61,2.66,2.18,388,7,100,227
9385,29107,1341,1072,269,851,221,2.94,1.65,1072,63,262,589
9386,29108,9159,7831,1328,5255,2576,2.44,2.57,7831,552,2352,2903
9387,29111,654,507,147,455,52,3.33,2.13,507,45,168,287
9388,29112,1968,1514,454,1237,277,2.24,2.50,1514,157,365,872
9389,29113,840,610,230,503,107,3.69,2.54,610,19,163,340
9390,29114,761,601,160,508,93,2.32,2.33,601,25,255,253
9391,29115,14261,10334,3927,5013,5321,2.39,2.42,10334,1109,1479,3534
9392,29117,0,0,0,0,0,-,-,0,0,0,0
9393,29118,6806,5932,874,3915,2017,2.56,3.04,5932,191,1784,2131
9394,29122,52,36,16,20,16,2.55,2.06,36,0,8,12
9395,29123,3171,2741,430,2169,572,2.67,2.89,2741,111,1043,1126
9396,29125,1381,1123,258,870,253,2.75,2.60,1123,129,407,463
9397,29126,1109,925,184,834,91,2.58,2.76,925,47,413,421
9398,29127,4515,3628,887,2924,704,2.24,2.49,3628,79,1486,1438
9399,29128,2042,1502,540,1190,312,2.21,1.82,1502,151,332,858
9400,29129,1932,1638,294,1313,325,2.50,2.81,1638,158,428,885
9401,29130,3529,2884,645,2393,491,2.22,2.35,2884,60,1203,1190
9402,29133,386,294,92,241,53,2.66,2.04,294,69,53,188
9403,29135,3985,3347,638,2511,836,2.55,2.66,3347,153,874,1637
9404,29137,1235,893,342,729,164,2.37,1.71,893,52,303,426
9405,29138,4753,3905,848,2826,1079,2.66,2.76,3905,315,921,1905
9406,29142,2238,1927,311,1543,384,2.88,1.70,1927,186,620,923
9407,29145,503,313,190,268,45,2.51,1.33,313,43,48,220
9408,29146,614,456,158,360,96,2.67,2.65,456,51,153,207
9409,29148,4093,2390,1703,1764,626,2.52,1.99,2390,231,780,984
9410,29150,17982,15584,2398,8863,6721,2.53,2.25,15584,1817,4443,4420
9411,29152,803,728,75,12,716,3.42,2.66,728,42,12,0
9412,29153,7191,6220,971,4606,1614,2.47,2.76,6220,577,2252,2354
9413,29154,12261,11030,1231,7904,3126,2.56,2.60,11030,503,4698,3206
9414,29160,3570,2974,596,2282,692,2.25,2.50,2974,96,967,1315
9415,29161,5057,4289,768,3079,1210,2.66,2.44,4289,254,1224,1855
9416,29162,1054,922,132,697,225,2.64,3.02,922,106,296,401
9417,29163,851,445,406,336,109,2.91,5.73,445,50,117,219
9418,29164,2235,2040,195,1419,621,2.68,2.36,2040,236,930,489
9419,29166,368,238,130,200,38,2.95,3.55,238,22,44,156
9420,29168,1565,1446,119,953,493,2.68,2.60,1446,150,427,526
9421,29169,11541,10460,1081,5646,4814,1.99,2.09,10460,1107,3224,2422
9422,29170,9219,8769,450,6819,1950,2.48,2.54,8769,371,4759,2060
9423,29172,4109,3777,332,2924,853,2.44,2.52,3777,155,1728,1196
9424,29175,179,167,12,137,30,2.66,1.83,167,0,64,73
9425,29177,0,0,0,0,0,-,-,0,0,0,0
9426,29178,1898,1480,418,1208,272,2.21,3.01,1480,139,464,744
9427,29180,6323,5021,1302,3450,1571,2.49,2.24,5021,410,1353,2097
9428,29201,11713,8863,2850,2406,6457,2.00,2.07,8863,970,1738,668
9429,29203,18611,16179,2432,7430,8749,2.39,2.43,16179,2408,3708,3722
9430,29204,8245,7144,1101,4384,2760,2.18,2.19,7144,1026,2742,1642
9431,29205,12402,10771,1631,5600,5171,2.20,1.93,10771,907,3819,1781
9432,29206,9426,8346,1080,5374,2972,2.36,2.30,8346,335,3303,2071
9433,29207,46,4,42,4,0,2.00,-,4,0,4,0
9434,29208,0,0,0,0,0,-,-,0,0,0,0
9435,29209,16130,14599,1531,8691,5908,2.49,2.47,14599,887,5705,2986
9436,29210,19142,17139,2003,6354,10785,2.14,2.07,17139,1331,4220,2134
9437,29212,13374,12325,1049,8494,3831,2.29,2.16,12325,581,5634,2860
9438,29223,23792,21702,2090,11903,9799,2.40,2.24,21702,1321,8336,3567
9439,29225,0,0,0,0,0,-,-,0,0,0,0
9440,29229,20163,18305,1858,12616,5689,2.64,2.81,18305,220,10524,2092
9441,29301,15660,13581,2079,7770,5811,2.70,2.51,13581,986,4600,3170
9442,29302,7710,7216,494,5248,1968,2.52,2.14,7216,238,3001,2247
9443,29303,10631,9093,1538,4375,4718,2.58,2.48,9093,835,2399,1976
9444,29306,7985,6882,1103,3028,3854,2.65,2.36,6882,1106,1743,1285
9445,29307,8988,8010,978,5439,2571,2.41,2.30,8010,473,3153,2286
9446,29316,11335,11094,241,8756,2338,2.74,2.08,11094,429,6240,2516
9447,29320,222,222,0,177,45,3.42,-,222,0,100,77
9448,29321,1319,1095,224,890,205,2.32,4.57,1095,132,255,635
9449,29322,4040,3703,337,3145,558,2.59,2.58,3703,227,1549,1596
9450,29323,5976,5540,436,4513,1027,2.76,2.41,5540,135,2311,2202
9451,29324,60,37,23,37,0,2.46,-,37,0,27,10
9452,29325,6352,5025,1327,3347,1678,2.72,2.17,5025,330,1636,1711
9453,29329,170,75,95,66,9,2.20,2.89,75,6,18,48
9454,29330,3693,3380,313,2617,763,2.81,2.61,3380,88,1151,1466
9455,29331,79,51,28,51,0,-,-,51,0,0,51
9456,29332,1958,1112,846,947,165,2.77,2.47,1112,68,383,564
9457,29333,102,102,0,48,54,2.42,1.50,102,29,0,48
9458,29334,6385,5710,675,4174,1536,2.82,2.67,5710,164,2763,1411
9459,29335,2255,1917,338,1550,367,2.46,1.69,1917,73,797,753
9460,29338,25,25,0,25,0,1.96,-,25,0,0,25
9461,29340,9496,7748,1748,5619,2129,2.66,2.33,7748,636,2219,3400
9462,29341,8561,7677,884,5012,2665,2.50,2.54,7677,642,2870,2142
9463,29346,99,99,0,81,18,2.62,3.50,99,5,51,30
9464,29349,13985,12877,1108,11183,1694,2.61,2.73,12877,495,7462,3721
9465,29351,767,556,211,431,125,2.92,1.66,556,7,115,316
9466,29353,1899,1488,411,1195,293,2.51,2.00,1488,51,491,704
9467,29355,309,301,8,266,35,2.63,4.46,301,0,114,152
9468,29356,4330,3737,593,2966,771,2.35,1.85,3737,240,1473,1493
9469,29360,9610,8139,1471,5478,2661,2.63,2.71,8139,693,2822,2656
9470,29364,337,299,38,242,57,1.77,3.40,299,19,26,216
9471,29365,4987,4673,314,4158,515,2.91,3.60,4673,36,2908,1250
9472,29368,122,82,40,49,33,2.06,3.21,82,0,0,49
9473,29369,6373,6151,222,5461,690,2.45,2.71,6151,92,3512,1949
9474,29370,420,289,131,204,85,2.28,2.27,289,0,87,117
9475,29372,2202,1698,504,1397,301,2.45,2.44,1698,28,526,871
9476,29373,133,114,19,77,37,2.64,2.27,114,19,16,61
9477,29374,1457,1352,105,1117,235,2.47,1.94,1352,109,507,610
9478,29375,49,34,15,12,22,1.67,2.32,34,0,8,4
9479,29376,3155,3031,124,2612,419,2.86,3.04,3031,43,1510,1102
9480,29377,310,220,90,24,196,2.63,2.59,220,0,24,0
9481,29378,109,60,49,0,60,-,1.13,60,8,0,0
9482,29379,8872,7462,1410,4668,2794,2.30,2.32,7462,700,1900,2768
9483,29384,2300,1493,807,1316,177,2.30,2.34,1493,64,606,710
9484,29385,3119,2759,360,1985,774,2.72,2.65,2759,96,1365,620
9485,29388,7072,6070,1002,4924,1146,2.51,2.53,6070,225,3135,1789
9486,29401,5796,3910,1886,2267,1643,2.01,1.82,3910,301,1195,1072
9487,29403,12251,9451,2800,3491,5960,2.26,2.29,9451,1794,2474,1017
9488,29404,655,571,84,0,571,-,3.19,571,0,0,0
9489,29405,13137,11156,1981,5110,6046,2.26,2.41,11156,1595,2784,2326
9490,29406,14388,12490,1898,5209,7281,2.53,2.56,12490,1031,3135,2074
9491,29407,18761,16630,2131,9269,7361,2.27,2.05,16630,1083,5238,4031
9492,29409,35,35,0,5,30,3.60,1.97,35,0,5,0
9493,29410,7989,7399,590,4950,2449,2.80,2.61,7399,305,3342,1608
9494,29412,18441,16397,2044,11691,4706,2.60,2.22,16397,525,8070,3621
9495,29414,19932,18920,1012,11732,7188,2.45,1.91,18920,654,9254,2478
9496,29418,11797,10586,1211,5847,4739,2.13,2.09,10586,429,3861,1986
9497,29420,9426,8684,742,5323,3361,2.55,2.42,8684,176,4085,1238
9498,29424,48,48,0,0,48,-,2.06,48,0,0,0
9499,29425,0,0,0,0,0,-,-,0,0,0,0
9500,29426,839,683,156,549,134,2.40,1.54,683,51,219,330
9501,29429,1662,1590,72,1506,84,2.61,2.80,1590,83,733,773
9502,29431,2696,2374,322,1886,488,2.65,2.91,2374,109,639,1247
9503,29432,1422,1075,347,637,438,2.89,1.76,1075,48,216,421
9504,29434,413,316,97,269,47,2.19,1.72,316,0,32,237
9505,29435,2187,1680,507,1515,165,2.97,2.57,1680,24,916,599
9506,29436,2279,1830,449,1452,378,2.41,2.58,1830,107,513,939
9507,29437,1039,910,129,791,119,2.47,2.18,910,47,277,514
9508,29438,3464,1167,2297,1013,154,1.93,3.14,1167,49,448,565
9509,29439,2116,571,1545,414,157,1.79,1.30,571,16,203,211
9510,29440,13270,10113,3157,8153,1960,2.59,2.70,10113,790,3554,4599
9511,29445,22825,21360,1465,14899,6461,2.69,2.68,21360,665,10663,4236
9512,29446,630,423,207,364,59,2.07,7.58,423,5,123,241
9513,29448,1117,1020,97,774,246,2.66,2.88,1020,65,285,489
9514,29449,3690,3002,688,2536,466,2.73,2.11,3002,261,1136,1400
9515,29450,1310,1117,193,961,156,2.25,2.60,1117,58,439,522
9516,29451,4459,1930,2529,1694,236,2.26,2.35,1930,29,1089,605
9517,29452,166,99,67,99,0,2.06,-,99,5,23,76
9518,29453,649,538,111,295,243,1.96,2.56,538,11,154,141
9519,29455,16060,10610,5450,8843,1767,2.19,2.76,10610,205,5516,3327
9520,29456,13481,12282,1199,7996,4286,2.62,2.63,12282,417,5512,2484
9521,29458,1271,934,337,767,167,3.07,1.63,934,96,309,458
9522,29461,16366,15326,1040,12123,3203,2.70,2.56,15326,498,7989,4134
9523,29464,25643,23241,2402,14936,8305,2.44,1.81,23241,1051,10211,4725
9524,29466,16111,15098,1013,12875,2223,2.89,1.91,15098,219,9864,3011
9525,29468,1045,840,205,485,355,2.35,2.29,840,93,168,317
9526,29469,353,353,0,353,0,1.97,-,353,0,163,190
9527,29470,1931,1718,213,1358,360,2.64,3.18,1718,77,793,565
9528,29471,645,562,83,325,237,2.11,2.83,562,0,127,198
9529,29472,3724,3235,489,2777,458,2.86,3.60,3235,147,1102,1675
9530,29474,1007,854,153,610,244,1.96,2.11,854,104,220,390
9531,29475,1117,889,228,766,123,2.26,3.99,889,7,298,468
9532,29477,3622,3022,600,2300,722,2.21,2.56,3022,164,810,1490
9533,29479,3213,2659,554,1802,857,2.34,2.81,2659,224,639,1163
9534,29481,820,601,219,506,95,2.73,2.74,601,6,97,409
9535,29482,1095,832,263,688,144,2.59,3.03,832,17,483,205
9536,29483,22371,20566,1805,15778,4788,2.80,2.34,20566,1121,10713,5065
9537,29485,23143,21364,1779,14890,6474,2.80,2.85,21364,505,11557,3333
9538,29486,15694,14569,1125,11325,3244,2.77,2.68,14569,429,8330,2995
9539,29487,1283,1080,203,920,160,2.38,1.87,1080,64,421,499
9540,29488,9512,8311,1201,5678,2633,2.69,2.20,8311,1033,2842,2836
9541,29492,8787,8054,733,5158,2896,2.58,1.91,8054,200,3544,1614
9542,29493,75,66,9,59,7,2.71,5.00,66,6,19,40
9543,29501,20677,18606,2071,11486,7120,2.67,2.20,18606,1043,7348,4138
9544,29505,11032,9776,1256,6725,3051,2.50,2.75,9776,400,4356,2369
9545,29506,8227,6826,1401,3676,3150,2.75,2.90,6826,983,1859,1817
9546,29510,4442,3535,907,2721,814,2.64,2.87,3535,391,1160,1561
9547,29511,2294,1973,321,1638,335,2.91,2.62,1973,213,752,886
9548,29512,7751,6005,1746,3576,2429,2.82,2.32,6005,928,1254,2322
9549,29516,359,222,137,170,52,4.09,4.48,222,18,54,116
9550,29518,511,408,103,291,117,2.25,1.74,408,4,89,202
9551,29519,134,111,23,50,61,2.46,3.36,111,43,27,23
9552,29520,6413,5198,1215,3563,1635,2.42,2.51,5198,580,1548,2015
9553,29525,890,706,184,468,238,2.80,2.53,706,119,115,353
9554,29526,18173,15983,2190,11929,4054,2.57,2.98,15983,607,6139,5790
9555,29527,10897,9365,1532,6931,2434,2.74,3.04,9365,458,3864,3067
9556,29530,1168,884,284,647,237,2.80,2.19,884,68,271,376
9557,29532,9454,7903,1551,4908,2995,2.51,2.29,7903,897,2361,2547
9558,29536,7332,5829,1503,2991,2838,2.64,2.79,5829,995,1116,1875
9559,29540,2068,1948,120,1641,307,2.15,3.19,1948,86,675,966
9560,29541,3861,3241,620,2626,615,2.68,3.03,3241,301,1276,1350
9561,29543,176,117,59,87,30,2.29,4.43,117,0,29,58
9562,29544,2668,2274,394,1797,477,2.56,3.56,2274,50,879,918
9563,29545,756,648,108,392,256,2.58,3.00,648,35,80,312
9564,29546,1363,1054,309,796,258,2.65,2.77,1054,50,255,541
9565,29547,1031,903,128,595,308,2.54,2.38,903,17,214,381
9566,29550,13679,11627,2052,8324,3303,2.51,2.40,11627,1038,3809,4515
9567,29554,4490,3429,1061,2504,925,2.66,2.34,3429,444,919,1585
9568,29555,2524,2016,508,1555,461,2.60,4.16,2016,164,629,926
9569,29556,5589,4793,796,3253,1540,2.63,2.15,4793,924,1529,1724
9570,29560,6145,5065,1080,2899,2166,2.53,2.32,5065,602,1029,1870
9571,29563,922,738,184,430,308,2.73,2.00,738,27,93,337
9572,29564,531,458,73,354,104,2.77,1.96,458,48,165,189
9573,29565,3068,2500,568,1615,885,2.70,2.94,2500,208,809,806
9574,29566,11891,8584,3307,6880,1704,2.19,2.55,8584,212,3762,3118
9575,29567,330,150,180,102,48,2.70,3.54,150,22,18,84
9576,29568,7654,6104,1550,5040,1064,2.39,3.15,6104,206,2954,2086
9577,29569,7306,6257,1049,4116,2141,2.68,2.62,6257,371,1465,2651
9578,29570,1746,1363,383,720,643,3.25,2.34,1363,183,208,512
9579,29571,6333,4896,1437,2592,2304,2.80,3.01,4896,732,1289,1303
9580,29572,15520,4923,10597,3741,1182,2.04,2.36,4923,254,1743,1998
9581,29574,5085,3738,1347,2381,1357,2.58,2.36,3738,515,759,1622
9582,29575,17371,8032,9339,6079,1953,2.41,2.23,8032,424,2995,3084
9583,29576,21375,15047,6328,12939,2108,2.11,2.37,15047,434,6818,6121
9584,29577,22013,14413,7600,8340,6073,2.20,2.58,14413,1170,4561,3779
9585,29579,21762,17557,4205,12063,5494,2.76,2.51,17557,483,8290,3773
9586,29580,726,554,172,416,138,2.88,2.81,554,43,82,334
9587,29581,2241,1607,634,1219,388,2.96,2.48,1607,51,480,739
9588,29582,27085,8925,18160,7011,1914,2.09,2.30,8925,426,3369,3642
9589,29583,2385,1881,504,1375,506,2.88,2.13,1881,127,564,811
9590,29584,1269,1069,200,915,154,2.51,2.15,1069,158,296,619
9591,29585,11764,7455,4309,6229,1226,2.09,2.54,7455,178,3430,2799
9592,29588,20738,18199,2539,14050,4149,2.82,3.01,18199,713,8905,5145
9593,29589,44,44,0,0,44,-,-,44,0,0,0
9594,29590,1110,908,202,704,204,2.61,2.62,908,83,277,427
9595,29591,2253,1803,450,1356,447,2.71,2.66,1803,80,499,857
9596,29592,348,274,74,215,59,2.72,2.27,274,26,86,129
9597,29593,1042,810,232,510,300,2.47,2.36,810,93,154,356
9598,29594,113,105,8,39,66,2.44,1.05,105,0,7,32
9599,29596,1126,931,195,765,166,2.13,1.84,931,60,390,375
9600,29601,7666,6590,1076,2089,4501,1.88,1.61,6590,994,1274,815
9601,29605,16836,15446,1390,10299,5147,2.57,2.61,15446,1592,6002,4297
9602,29607,20688,18947,1741,8662,10285,2.38,1.96,18947,1576,5853,2809
9603,29609,14218,12920,1298,8000,4920,2.31,2.21,12920,875,5011,2989
9604,29611,13678,12487,1191,6813,5674,2.61,2.44,12487,860,3980,2833
9605,29613,0,0,0,0,0,-,-,0,0,0,0
9606,29614,4,4,0,0,4,-,2.00,4,0,0,0
9607,29615,19686,18036,1650,9534,8502,2.40,1.82,18036,1059,5678,3856
9608,29617,11574,11056,518,7140,3916,2.51,2.39,11056,591,3841,3299
9609,29620,5696,4841,855,3782,1059,2.58,2.43,4841,329,1784,1998
9610,29621,18472,16931,1541,12514,4417,2.67,2.15,16931,1157,7740,4774
9611,29624,7045,6003,1042,2873,3130,2.39,2.26,6003,1296,1344,1529
9612,29625,13505,12254,1251,8177,4077,2.25,2.32,12254,858,4770,3407
9613,29626,6111,5339,772,4177,1162,2.45,2.84,5339,280,2269,1908
9614,29627,7151,6200,951,4864,1336,2.53,2.76,6200,220,2100,2764
9615,29628,1359,1086,273,669,417,2.57,1.83,1086,104,264,405
9616,29630,7834,7073,761,3108,3965,2.51,1.96,7073,541,1525,1583
9617,29631,7004,6127,877,2634,3493,2.51,2.69,6127,493,1627,1007
9618,29634,40,27,13,0,27,-,1.96,27,0,0,0
9619,29635,788,426,362,395,31,2.92,3.00,426,9,202,193
9620,29638,1621,1451,170,1097,354,2.73,2.32,1451,36,378,719
9621,29639,671,414,257,294,120,2.36,2.08,414,41,176,118
9622,29640,13592,12248,1344,8849,3399,2.71,2.33,12248,791,4875,3974
9623,29642,14317,13417,900,11320,2097,2.62,2.21,13417,1014,7108,4212
9624,29643,1809,1116,693,1008,108,2.23,2.91,1116,9,577,431
9625,29644,8629,7976,653,5901,2075,2.65,2.41,7976,374,3662,2239
9626,29645,4855,4244,611,3348,896,2.39,2.87,4244,157,1292,2056
9627,29646,12106,10864,1242,6459,4405,2.58,2.35,10864,1277,3444,3015
9628,29649,12240,10822,1418,6606,4216,2.46,2.09,10822,687,3705,2901
9629,29650,15449,14300,1149,10655,3645,2.66,2.46,14300,334,7347,3308
9630,29651,20521,19182,1339,15336,3846,2.63,2.79,19182,852,9653,5683
9631,29653,1887,1653,234,1361,292,2.31,2.80,1653,64,636,725
9632,29654,4049,3613,436,2817,796,2.68,2.94,3613,89,1093,1724
9633,29655,3719,2950,769,2461,489,2.65,2.38,2950,195,1013,1448
9634,29657,6657,6001,656,4903,1098,2.67,2.85,6001,47,2415,2488
9635,29658,177,122,55,122,0,1.85,-,122,0,51,71
9636,29659,71,54,17,38,16,2.08,2.31,54,3,4,34
9637,29661,3003,2376,627,2081,295,2.48,2.28,2376,145,932,1149
9638,29662,6172,5988,184,4210,1778,2.51,2.31,5988,395,2998,1212
9639,29664,1328,813,515,645,168,2.40,2.49,813,20,418,227
9640,29665,122,82,40,82,0,2.09,-,82,0,17,65
9641,29666,2982,2403,579,1940,463,2.49,2.81,2403,46,978,962
9642,29667,94,79,15,66,13,2.74,2.92,79,0,37,29
9643,29669,5327,4697,630,3816,881,2.43,2.93,4697,202,1698,2118
9644,29670,4623,4242,381,3062,1180,2.53,2.06,4242,332,1751,1311
9645,29671,8368,7074,1294,5560,1514,2.67,2.24,7074,363,2748,2812
9646,29672,6405,5207,1198,4135,1072,2.30,2.16,5207,257,1945,2190
9647,29673,12132,11179,953,8209,2970,2.73,2.59,11179,515,4770,3439
9648,29676,3592,2521,1071,2394,127,2.30,2.54,2521,12,1258,1136
9649,29678,11380,9694,1686,6320,3374,2.40,2.25,9694,820,3279,3041
9650,29680,12521,12164,357,9568,2596,2.78,2.42,12164,248,7090,2478
9651,29681,24240,23157,1083,20156,3001,2.87,2.60,23157,487,14677,5479
9652,29682,2049,1549,500,1451,98,2.42,2.45,1549,50,910,541
9653,29683,227,151,76,133,18,3.10,3.89,151,0,91,42
9654,29684,2217,1999,218,1627,372,2.64,3.22,1999,98,956,671
9655,29685,1357,910,447,868,42,2.25,4.12,910,42,453,415
9656,29686,527,378,149,251,127,3.04,1.53,378,94,114,137
9657,29687,17701,16295,1406,12521,3774,2.56,2.58,16295,468,7413,5108
9658,29689,2667,1686,981,1341,345,2.49,1.68,1686,156,704,637
9659,29690,10159,9101,1058,7367,1734,2.60,2.36,9101,376,4186,3181
9660,29691,5353,4697,656,3394,1303,2.62,2.44,4697,193,1213,2181
9661,29692,2453,1884,569,1390,494,2.44,3.19,1884,216,731,659
9662,29693,7658,5749,1909,4217,1532,2.38,2.23,5749,154,1598,2619
9663,29696,2405,1991,414,1665,326,2.72,2.71,1991,138,1006,659
9664,29697,6202,5624,578,4024,1600,2.66,2.40,5624,217,2098,1926
9665,29702,4191,3397,794,2444,953,2.88,2.56,3397,131,1023,1421
9666,29704,1438,1395,43,1202,193,2.44,2.48,1395,120,786,416
9667,29706,8847,7671,1176,5748,1923,2.49,2.74,7671,670,2577,3171
9668,29707,13560,12818,742,11837,981,2.47,2.15,12818,118,8374,3463
9669,29708,15587,15199,388,11600,3599,2.74,2.51,15199,367,8759,2841
9670,29709,2779,2402,377,1845,557,2.35,2.19,2402,126,729,1116
9671,29710,15439,14369,1070,11199,3170,2.63,2.56,14369,339,7175,4024
9672,29712,1010,851,159,766,85,2.41,2.12,851,104,440,326
9673,29714,1360,1181,179,972,209,2.78,2.70,1181,43,524,448
9674,29715,14474,13913,561,11350,2563,2.89,2.39,13913,404,8526,2824
9675,29717,636,556,80,379,177,2.59,2.32,556,6,146,233
9676,29718,1425,1292,133,957,335,2.84,2.98,1292,57,332,625
9677,29720,21311,19335,1976,14215,5120,2.51,2.66,19335,1013,7462,6753
9678,29724,20,20,0,0,20,-,-,20,0,0,0
9679,29726,697,674,23,472,202,2.50,1.87,674,36,206,266
9680,29727,980,854,126,613,241,2.94,1.71,854,56,246,367
9681,29728,4311,3679,632,2125,1554,2.58,2.53,3679,543,879,1246
9682,29729,1023,839,184,702,137,2.61,2.34,839,44,216,486
9683,29730,25237,23440,1797,13091,10349,2.42,2.32,23440,1558,8063,5028
9684,29732,24025,22870,1155,16388,6482,2.60,2.19,22870,573,11615,4773
9685,29733,0,0,0,0,0,-,-,0,0,0,0
9686,29741,989,784,205,705,79,2.13,3.65,784,6,258,447
9687,29742,1100,1010,90,856,154,2.34,2.87,1010,23,326,530
9688,29743,807,735,72,569,166,2.66,3.26,735,27,359,210
9689,29745,13354,12609,745,10035,2574,2.57,2.72,12609,451,6970,3065
9690,29801,13136,11062,2074,6527,4535,2.62,2.22,11062,1014,3236,3291
9691,29803,17520,16000,1520,13340,2660,2.40,2.41,16000,509,7418,5922
9692,29805,2292,2163,129,1955,208,2.52,2.41,2163,94,955,1000
9693,29809,1110,968,142,708,260,2.51,2.62,968,81,280,428
9694,29810,2280,1690,590,1154,536,2.14,2.20,1690,311,332,822
9695,29812,4994,4178,816,3121,1057,2.54,2.38,4178,598,1260,1861
9696,29816,560,387,173,185,202,2.76,2.23,387,28,86,99
9697,29817,2177,1541,636,1061,480,2.72,2.80,1541,184,210,851
9698,29819,695,626,69,511,115,2.76,2.17,626,74,154,357
9699,29821,662,429,233,397,32,2.60,3.75,429,25,180,217
9700,29824,3273,2770,503,1966,804,2.48,2.13,2770,240,1082,884
9701,29826,119,113,6,104,9,2.04,2.33,113,20,25,79
9702,29827,1516,1167,349,760,407,2.42,3.07,1167,174,175,585
9703,29828,368,258,110,129,129,2.95,2.02,258,71,49,80
9704,29829,4515,4124,391,3067,1057,2.90,2.20,4124,296,1996,1071
9705,29831,2053,1926,127,1567,359,2.28,2.40,1926,191,830,737
9706,29832,2507,2031,476,1246,785,2.57,2.31,2031,232,502,744
9707,29834,382,250,132,105,145,3.10,2.21,250,46,43,62
9708,29835,3508,2651,857,2215,436,2.23,2.24,2651,163,907,1308
9709,29836,173,121,52,111,10,2.25,-,121,0,45,66
9710,29838,381,189,192,176,13,2.98,3.54,189,0,69,107
9711,29840,227,153,74,153,0,1.71,-,153,0,0,153
9712,29841,15720,13774,1946,9462,4312,2.48,2.10,13774,613,5696,3766
9713,29842,3542,2959,583,2229,730,2.59,2.59,2959,72,1094,1135
9714,29843,658,454,204,384,70,2.45,5.27,454,7,91,293
9715,29844,69,64,5,43,21,2.05,2.00,64,6,10,33
9716,29845,848,549,299,384,165,2.24,1.90,549,16,142,242
9717,29847,2111,1688,423,1266,422,2.53,3.23,1688,130,622,644
9718,29848,382,290,92,258,32,2.73,2.13,290,2,71,187
9719,29849,155,114,41,46,68,3.57,3.32,114,3,13,33
9720,29851,3759,3084,675,2337,747,2.82,3.18,3084,126,1290,1047
9721,29853,3184,2676,508,1647,1029,2.43,2.21,2676,366,835,812
9722,29856,1113,1024,89,963,61,3.14,2.43,1024,0,354,609
9723,29860,7018,6158,860,5456,702,2.52,2.64,6158,243,3361,2095
9724,29899,0,0,0,0,0,-,-,0,0,0,0
9725,29902,6685,5794,891,3589,2205,2.35,2.59,5794,340,2180,1409
9726,29904,0,0,0,0,0,-,-,0,0,0,0
9727,29905,0,0,0,0,0,-,-,0,0,0,0
9728,29906,9818,8860,958,4309,4551,2.78,3.04,8860,243,2396,1913
9729,29907,6084,5483,601,4542,941,2.62,2.96,5483,88,2881,1661
9730,29909,11744,10556,1188,9959,597,1.99,2.65,10556,297,5233,4726
9731,29910,19673,17184,2489,13052,4132,2.73,2.65,17184,317,9358,3694
9732,29911,609,487,122,329,158,2.85,2.89,487,30,139,190
9733,29912,0,0,0,0,0,-,-,0,0,0,0
9734,29915,788,329,459,328,1,1.61,4.00,329,29,272,56
9735,29916,877,711,166,571,140,2.55,3.79,711,0,325,246
9736,29918,2095,1622,473,1336,286,2.71,2.91,1622,171,200,1136
9737,29920,7033,4197,2836,3627,570,2.50,3.09,4197,233,1694,1933
9738,29921,182,144,38,117,27,3.96,1.78,144,12,30,87
9739,29922,458,297,161,291,6,3.54,1.83,297,76,97,194
9740,29923,104,79,25,64,15,2.23,2.20,79,12,10,54
9741,29924,2264,1872,392,1410,462,2.60,2.22,1872,109,618,792
9742,29926,12649,10787,1862,8182,2605,2.23,2.76,10787,516,4370,3812
9743,29927,4088,3775,313,2667,1108,2.33,2.92,3775,188,1627,1040
9744,29928,19543,7554,11989,6494,1060,1.96,1.97,7554,309,3457,3037
9745,29929,593,412,181,369,43,2.59,1.98,412,0,145,224
9746,29932,69,60,9,42,18,3.26,2.61,60,11,3,39
9747,29934,384,194,190,167,27,2.81,5.30,194,35,53,114
9748,29935,1965,1691,274,484,1207,3.14,1.88,1691,223,139,345
9749,29936,5343,4649,694,3113,1536,2.62,2.65,4649,194,1741,1372
9750,29939,115,96,19,95,1,1.86,3.00,96,0,41,54
9751,29940,2043,1672,371,1435,237,2.62,2.48,1672,44,525,910
9752,29941,221,68,153,62,6,2.10,2.17,68,0,30,32
9753,29943,226,194,32,194,0,3.11,-,194,31,106,88
9754,29944,1969,1490,479,1075,415,2.71,2.81,1490,167,353,722
9755,29945,2461,2157,304,1651,506,1.97,2.32,2157,180,542,1109
9756,30002,3149,2810,339,1588,1222,2.42,1.78,2810,245,1171,417
9757,30004,24391,23933,458,18287,5646,2.90,2.36,23933,438,13933,4354
9758,30005,14248,13498,750,9709,3789,3.18,2.47,13498,197,7571,2138
9759,30008,12420,11648,772,7014,4634,2.86,2.72,11648,743,5699,1315
9760,30009,8278,7563,715,4815,2748,2.83,2.20,7563,782,3487,1328
9761,30011,6266,5836,430,4529,1307,3.05,3.49,5836,122,3288,1241
9762,30012,12305,11562,743,6303,5259,3.05,2.51,11562,492,4085,2218
9763,30013,10299,9389,910,5704,3685,2.82,2.47,9389,536,4178,1526
9764,30014,15930,14933,997,9467,5466,2.74,2.35,14933,991,6090,3377
9765,30016,20081,19625,456,15424,4201,2.88,3.19,19625,648,12095,3329
9766,30017,7814,7502,312,6359,1143,3.42,2.64,7502,258,4986,1373
9767,30018,30,27,3,19,8,3.74,2.25,27,0,15,4
9768,30019,15113,14742,371,12450,2292,3.18,3.31,14742,158,9701,2749
9769,30021,8050,6563,1487,1293,5270,3.13,4.16,6563,813,888,405
9770,30022,24627,23465,1162,16891,6574,2.81,2.70,23465,616,12625,4266
9771,30024,28357,27369,988,22141,5228,3.19,2.52,27369,363,18057,4084
9772,30025,3980,3691,289,3154,537,2.93,2.78,3691,23,2200,954
9773,30028,10600,10423,177,9287,1136,3.10,3.06,10423,178,7167,2120
9774,30030,14237,12617,1620,7809,4808,2.71,2.04,12617,1198,5675,2134
9775,30032,20678,16657,4021,8176,8481,2.58,2.56,16657,2264,5488,2688
9776,30033,14611,13112,1499,8707,4405,2.27,2.10,13112,699,5983,2724
9777,30034,19952,16929,3023,11314,5615,2.65,2.53,16929,1580,8065,3249
9778,30035,8756,7588,1168,3852,3736,3.01,2.97,7588,848,2906,946
9779,30038,16753,14393,2360,7926,6467,2.85,2.83,14393,254,6582,1344
9780,30039,16310,15744,566,13135,2609,3.02,3.35,15744,210,10007,3128
9781,30040,26294,25461,833,20987,4474,2.97,2.74,25461,444,16230,4757
9782,30041,25937,24705,1232,21128,3577,2.98,2.68,24705,446,15530,5598
9783,30043,29144,28151,993,19782,8369,3.23,2.66,28151,531,14967,4815
9784,30044,31964,30289,1675,19281,11008,3.41,3.06,30289,663,14672,4609
9785,30045,13681,13514,167,11360,2154,3.30,3.68,13514,350,8908,2452
9786,30046,14488,13865,623,7076,6789,2.97,2.74,13865,1580,4817,2259
9787,30047,22223,21533,690,16041,5492,3.06,3.37,21533,547,10637,5404
9788,30052,25115,24082,1033,19446,4636,2.99,3.25,24082,536,14053,5393
9789,30054,4763,4296,467,3575,721,2.75,2.88,4296,29,2103,1472
9790,30055,1599,1392,207,1249,143,2.75,2.93,1392,55,575,674
9791,30056,860,786,74,662,124,3.02,2.83,786,44,388,274
9792,30058,22975,21719,1256,12550,9169,2.87,2.88,21719,2080,9980,2570
9793,30060,15112,13536,1576,6133,7403,2.51,2.87,13536,1578,3794,2339
9794,30062,24094,23232,862,18752,4480,2.75,2.63,23232,312,13555,5197
9795,30064,18727,18038,689,15108,2930,2.83,2.15,18038,626,10893,4215
9796,30066,23114,21998,1116,16938,5060,2.74,2.45,21998,448,11995,4943
9797,30067,20904,19107,1797,7669,11438,2.49,2.31,19107,1190,5444,2225
9798,30068,13233,12667,566,10912,1755,2.73,2.12,12667,251,7293,3619
9799,30070,48,48,0,43,5,1.70,7.00,48,11,35,8
9800,30071,8767,8438,329,4417,4021,2.81,3.27,8438,514,3115,1302
9801,30072,400,325,75,192,133,2.03,2.00,325,7,135,57
9802,30075,22326,21172,1154,17295,3877,2.69,2.22,21172,464,12423,4872
9803,30076,18035,17237,798,11302,5935,2.77,2.66,17237,877,9162,2140
9804,30078,13376,12934,442,10427,2507,3.16,3.17,12934,250,7188,3239
9805,30079,1651,1357,294,588,769,2.56,3.30,1357,206,449,139
9806,30080,26480,24527,1953,11831,12696,2.23,2.11,24527,907,8745,3086
9807,30082,12020,10757,1263,7547,3210,2.44,2.37,10757,373,5712,1835
9808,30083,24072,20719,3353,10324,10395,3.21,2.70,20719,2493,7499,2825
9809,30084,16305,15188,1117,9925,5263,2.52,2.55,15188,762,6167,3758
9810,30087,14207,13249,958,11044,2205,2.81,3.11,13249,379,8066,2978
9811,30088,11575,10683,892,5946,4737,3.03,2.67,10683,965,4415,1531
9812,30090,0,0,0,0,0,-,-,0,0,0,0
9813,30092,15970,15135,835,7171,7964,2.71,2.15,15135,555,4775,2396
9814,30093,20275,18995,1280,5415,13580,3.06,2.61,18995,859,3485,1930
9815,30094,12547,11759,788,9111,2648,2.85,3.10,11759,165,6312,2799
9816,30096,28004,27057,947,12100,14957,2.72,2.39,27057,1224,8091,4009
9817,30097,17749,16839,910,12031,4808,2.95,2.12,16839,243,8635,3396
9818,30101,21451,20710,741,16255,4455,3.00,3.06,20710,430,12613,3642
9819,30102,15713,15034,679,11260,3774,2.91,3.07,15034,334,8181,3079
9820,30103,5669,4881,788,3909,972,2.89,3.15,4881,63,2319,1590
9821,30104,1835,1609,226,1137,472,3.25,2.93,1609,63,801,336
9822,30105,997,839,158,672,167,2.70,2.04,839,14,340,332
9823,30106,9331,8796,535,4617,4179,2.55,2.69,8796,340,3269,1348
9824,30107,6218,5916,302,5199,717,2.75,2.50,5916,31,3761,1438
9825,30108,3166,2938,228,2123,815,2.67,2.35,2938,235,950,1173
9826,30110,5813,5391,422,3825,1566,2.75,2.41,5391,229,2339,1486
9827,30111,0,0,0,0,0,-,-,0,0,0,0
9828,30113,2168,1884,284,1565,319,2.66,2.97,1884,51,794,771
9829,30114,21366,20205,1161,13519,6686,2.79,2.78,20205,866,9064,4455
9830,30115,17226,16552,674,13633,2919,2.99,2.82,16552,304,10579,3054
9831,30116,9557,9181,376,6805,2376,2.60,2.42,9181,305,4138,2667
9832,30117,14490,13142,1348,6883,6259,2.69,2.57,13142,561,3588,3295
9833,30118,0,0,0,0,0,-,-,0,0,0,0
9834,30120,15923,14309,1614,10048,4261,2.80,3.00,14309,596,6477,3571
9835,30121,10440,9529,911,5827,3702,2.79,2.21,9529,457,3820,2007
9836,30122,11124,10325,799,4642,5683,2.92,2.13,10325,344,3320,1322
9837,30124,1474,1248,226,866,382,2.48,1.98,1248,79,515,351
9838,30125,9448,8527,921,5353,3174,2.64,2.87,8527,560,2875,2478
9839,30126,16890,15905,985,11552,4353,2.59,3.02,15905,554,8617,2935
9840,30127,24781,23774,1007,19257,4517,3.01,3.34,23774,346,14639,4618
9841,30132,16416,15927,489,12484,3443,2.92,2.70,15927,720,9860,2624
9842,30134,16062,14666,1396,9480,5186,3.05,2.79,14666,1044,6880,2600
9843,30135,23528,22315,1213,17352,4963,2.99,2.92,22315,507,13075,4277
9844,30137,788,757,31,559,198,2.95,2.46,757,10,246,313
9845,30139,1911,1704,207,1280,424,2.47,3.43,1704,79,751,529
9846,30141,8606,7960,646,5960,2000,2.99,2.86,7960,256,4400,1560
9847,30143,11962,9728,2234,7940,1788,2.42,2.91,9728,247,4559,3381
9848,30144,22245,21225,1020,12967,8258,2.73,2.40,21225,458,9277,3690
9849,30145,3293,3136,157,2812,324,2.72,3.40,3136,30,1816,996
9850,30147,1917,1759,158,1239,520,2.72,3.13,1759,60,707,532
9851,30148,442,308,134,296,12,2.99,1.58,308,0,176,120
9852,30149,32,32,0,0,32,-,1.91,32,0,0,0
9853,30152,16763,15772,991,12794,2978,2.90,2.28,15772,414,9316,3478
9854,30153,7372,6613,759,3969,2644,2.70,2.69,6613,308,2238,1731
9855,30157,18192,16642,1550,13392,3250,2.90,3.37,16642,305,9981,3411
9856,30161,14877,12946,1931,8045,4901,2.59,2.46,12946,1300,3998,4047
9857,30165,16933,15168,1765,8776,6392,2.72,2.67,15168,1614,5116,3660
9858,30168,10220,8993,1227,4372,4621,2.82,2.68,8993,569,3220,1152
9859,30170,1151,1111,40,940,171,2.61,3.31,1111,62,470,470
9860,30171,1080,922,158,768,154,2.62,3.85,922,0,605,163
9861,30173,2817,2584,233,1748,836,2.56,2.78,2584,45,852,896
9862,30175,2504,2200,304,1742,458,2.49,2.50,2200,108,1066,676
9863,30176,3271,3018,253,1904,1114,2.70,2.26,3018,97,690,1214
9864,30177,530,530,0,475,55,2.56,3.24,530,0,256,219
9865,30178,1441,1362,79,1145,217,2.83,1.89,1362,50,514,631
9866,30179,6894,6450,444,5598,852,2.82,3.02,6450,83,3801,1797
9867,30180,14605,13692,913,9909,3783,3.03,2.59,13692,204,7224,2685
9868,30182,1425,1355,70,1036,319,2.68,2.19,1355,21,463,573
9869,30183,2513,2228,285,1850,378,2.60,2.92,2228,25,1340,510
9870,30184,2627,2408,219,2051,357,2.86,2.80,2408,20,1403,648
9871,30185,1631,1446,185,1245,201,2.65,2.65,1446,72,580,665
9872,30187,2959,2828,131,2457,371,2.62,2.93,2828,121,1747,710
9873,30188,25717,24491,1226,18945,5546,2.73,2.35,24491,434,13783,5162
9874,30189,15471,15093,378,11607,3486,2.71,2.57,15093,219,8853,2754
9875,30204,5801,5235,566,3854,1381,2.58,1.96,5235,206,2181,1673
9876,30205,1309,1199,110,1110,89,2.79,2.57,1199,17,668,442
9877,30206,1328,1162,166,1049,113,3.11,2.73,1162,68,649,400
9878,30213,15306,14918,388,8854,6064,3.04,2.74,14918,276,7057,1797
9879,30214,12227,11609,618,9331,2278,2.66,2.71,11609,167,6603,2728
9880,30215,13089,12780,309,10996,1784,2.92,3.17,12780,166,7716,3280
9881,30216,897,865,32,606,259,2.23,2.49,865,14,212,394
9882,30217,3900,3450,450,2434,1016,2.65,2.65,3450,231,1291,1143
9883,30218,593,495,98,442,53,2.98,1.72,495,12,339,103
9884,30220,2024,1888,136,1403,485,2.52,3.06,1888,78,883,520
9885,30222,2272,1905,367,1263,642,3.10,2.02,1905,183,716,547
9886,30223,15448,14408,1040,8991,5417,2.47,2.52,14408,1085,5315,3676
9887,30224,11195,10521,674,6958,3563,2.59,2.69,10521,517,4532,2426
9888,30228,16763,15728,1035,11636,4092,3.14,2.89,15728,830,8744,2892
9889,30229,22,20,2,20,0,1.95,-,20,0,1,19
9890,30230,4175,3492,683,2108,1384,2.65,3.01,3492,261,1328,780
9891,30233,9461,8417,1044,5974,2443,2.73,2.79,8417,317,3313,2661
9892,30234,844,778,66,696,82,2.02,3.04,778,3,347,349
9893,30236,18945,17234,1711,9223,8011,2.78,3.03,17234,871,6448,2775
9894,30238,14989,13754,1235,8074,5680,2.95,3.18,13754,644,5277,2797
9895,30240,12547,11208,1339,6825,4383,2.93,2.42,11208,1111,4568,2257
9896,30241,9793,8680,1113,4295,4385,2.74,2.54,8680,591,2460,1835
9897,30248,10606,9861,745,8279,1582,3.14,3.01,9861,135,6939,1340
9898,30250,0,0,0,0,0,-,-,0,0,0,0
9899,30251,876,725,151,512,213,2.90,2.63,725,6,174,338
9900,30252,16181,15580,601,13474,2106,3.05,3.23,15580,207,10811,2663
9901,30253,20801,19653,1148,12150,7503,3.08,2.79,19653,479,8860,3290
9902,30256,960,811,149,695,116,3.17,3.38,811,2,477,218
9903,30257,1623,1477,146,1108,369,3.08,1.59,1477,4,671,437
9904,30258,1095,967,128,791,176,2.98,2.78,967,43,412,379
9905,30259,1399,1383,16,1227,156,2.78,2.06,1383,72,952,275
9906,30260,9531,8301,1230,3779,4522,3.77,2.78,8301,779,2044,1735
9907,30263,23034,21821,1213,14413,7408,2.76,2.56,21821,1074,9877,4536
9908,30265,14182,13612,570,10220,3392,2.74,2.33,13612,286,7603,2617
9909,30268,4624,4151,473,2914,1237,2.73,2.35,4151,503,1690,1224
9910,30269,15732,14655,1077,10814,3841,2.72,2.43,14655,941,7568,3246
9911,30272,0,0,0,0,0,-,-,0,0,0,0
9912,30273,6407,6162,245,4721,1441,2.61,3.58,6162,337,3900,821
9913,30274,13604,12472,1132,5632,6840,2.82,2.52,12472,934,3996,1636
9914,30275,77,77,0,17,60,-,3.83,77,0,0,17
9915,30276,6625,6235,390,5624,611,2.89,2.71,6235,84,4145,1479
9916,30277,8319,8078,241,7406,672,2.77,2.42,8078,43,4878,2528
9917,30281,28817,26750,2067,15633,11117,2.80,2.45,26750,624,11308,4325
9918,30284,2,2,0,0,2,-,3.00,2,0,0,0
9919,30285,244,189,55,164,25,3.60,2.60,189,0,87,77
9920,30286,10673,9023,1650,5643,3380,2.48,2.78,9023,1248,2516,3127
9921,30288,3608,3432,176,2581,851,2.83,2.66,3432,103,2059,522
9922,30289,0,0,0,0,0,-,-,0,0,0,0
9923,30290,3428,3199,229,2836,363,2.88,1.92,3199,44,2097,739
9924,30291,11205,10331,874,4103,6228,2.66,2.04,10331,822,3070,1033
9925,30292,2275,2064,211,1644,420,2.95,2.38,2064,17,1032,612
9926,30293,1072,824,248,709,115,2.48,2.40,824,50,268,441
9927,30294,16177,14862,1315,11603,3259,2.68,3.03,14862,386,9183,2420
9928,30295,1801,1602,199,1253,349,3.19,2.45,1602,66,753,500
9929,30296,10599,9971,628,6533,3438,2.45,3.32,9971,307,4918,1615
9930,30297,11336,10349,987,3610,6739,2.85,2.65,10349,1382,1611,1999
9931,30303,1262,1019,243,314,705,1.31,1.59,1019,480,184,130
9932,30305,16519,14045,2474,7598,6447,2.13,1.55,14045,1063,4670,2928
9933,30306,12545,11766,779,6916,4850,2.27,1.79,11766,454,5199,1717
9934,30307,10264,9329,935,5589,3740,2.47,1.84,9329,550,4181,1408
9935,30308,15438,14082,1356,4522,9560,1.57,1.48,14082,2490,3417,1105
9936,30309,19533,16758,2775,7746,9012,1.71,1.52,16758,1886,5682,2064
9937,30310,14377,11867,2510,5759,6108,2.15,2.31,11867,2811,3869,1890
9938,30311,17240,14940,2300,6490,8450,2.06,2.36,14940,3787,4136,2354
9939,30312,14403,13207,1196,4961,8246,1.93,1.69,13207,2924,3893,1068
9940,30313,3547,3293,254,1316,1977,1.53,1.47,3293,613,1189,127
9941,30314,10342,7726,2616,2705,5021,2.20,2.41,7726,2541,1236,1469
9942,30315,15435,13126,2309,4776,8350,2.48,2.49,13126,3167,3108,1668
9943,30316,17003,14768,2235,9135,5633,2.42,2.10,14768,1401,6778,2357
9944,30317,6836,5997,839,4203,1794,2.47,2.11,5997,867,3503,700
9945,30318,28005,24206,3799,9358,14848,2.28,2.16,24206,3513,6757,2601
9946,30319,22206,20064,2142,11560,8504,2.36,1.75,20064,1588,8475,3085
9947,30322,0,0,0,0,0,-,-,0,0,0,0
9948,30324,18086,16631,1455,6052,10579,2.10,1.64,16631,1614,4511,1541
9949,30326,5787,4929,858,1884,3045,1.50,1.44,4929,394,1214,670
9950,30327,10583,9778,805,7655,2123,2.47,1.85,9778,209,4909,2746
9951,30328,18588,17215,1373,9752,7463,2.33,1.95,17215,1623,6634,3118
9952,30329,13268,11045,2223,2859,8186,2.59,2.35,11045,1370,1917,942
9953,30331,27214,24808,2406,12346,12462,2.68,2.42,24808,3371,8963,3383
9954,30332,0,0,0,0,0,-,-,0,0,0,0
9955,30334,0,0,0,0,0,-,-,0,0,0,0
9956,30336,193,193,0,56,137,1.23,1.18,193,0,26,30
9957,30337,6080,5315,765,1534,3781,2.51,2.30,5315,1136,1051,483
9958,30338,16817,15672,1145,9898,5774,2.70,2.05,15672,674,6796,3102
9959,30339,19797,17759,2038,5717,12042,2.05,1.79,17759,470,4236,1481
9960,30340,11621,10573,1048,4942,5631,2.84,2.90,10573,1235,3292,1650
9961,30341,15434,13852,1582,6663,7189,2.43,2.31,13852,1151,4906,1757
9962,30342,15433,14491,942,7166,7325,2.51,1.93,14491,373,5356,1810
9963,30344,17368,14947,2421,6056,8891,2.33,2.34,14947,1926,4584,1472
9964,30345,11137,10491,646,5402,5089,2.44,2.28,10491,358,3561,1841
9965,30346,3704,3149,555,217,2932,2.26,1.44,3149,13,100,117
9966,30349,34244,30974,3270,17792,13182,2.70,2.42,30974,2477,13827,3965
9967,30350,19504,18407,1097,7783,10624,2.20,1.92,18407,1622,5296,2487
9968,30354,7108,6273,835,2455,3818,2.24,2.56,6273,1249,1222,1233
9969,30360,5723,5369,354,3147,2222,2.63,3.42,5369,200,2048,1099
9970,30363,2732,2042,690,948,1094,1.88,1.80,2042,233,701,247
9971,30401,5815,5054,761,2694,2360,2.56,2.69,5054,592,1051,1643
9972,30410,773,607,166,466,141,2.62,2.24,607,21,145,321
9973,30411,1057,767,290,581,186,5.14,3.68,767,57,112,469
9974,30412,68,51,17,48,3,2.02,4.00,51,17,29,19
9975,30413,784,590,194,489,101,2.51,2.61,590,34,98,391
9976,30414,10,10,0,6,4,4.50,3.50,10,0,6,0
9977,30415,2744,2448,296,1816,632,2.50,1.86,2448,112,1081,735
9978,30417,4788,3973,815,2528,1445,2.66,2.71,3973,148,1185,1343
9979,30420,898,713,185,419,294,2.51,2.81,713,14,170,249
9980,30421,1589,1139,450,923,216,2.44,2.29,1139,18,428,495
9981,30423,29,25,4,20,5,1.60,5.20,25,0,0,20
9982,30425,635,493,142,446,47,2.71,2.47,493,0,227,219
9983,30426,566,371,195,340,31,2.61,6.71,371,22,45,295
9984,30427,4727,3955,772,2750,1205,2.45,2.59,3955,356,1129,1621
9985,30428,1301,729,572,501,228,5.60,4.29,729,85,76,425
9986,30429,75,53,22,3,50,22.00,2.76,53,19,1,2
9987,30434,2430,1880,550,1154,726,2.49,2.80,1880,188,586,568
9988,30436,5745,4276,1469,2783,1493,2.71,2.66,4276,461,1246,1537
9989,30439,4412,3845,567,2248,1597,3.02,2.20,3845,364,880,1368
9990,30441,819,674,145,494,180,2.75,2.68,674,71,197,297
9991,30442,4360,3329,1031,2565,764,2.32,2.71,3329,156,645,1920
9992,30445,1320,984,336,645,339,2.51,3.01,984,110,263,382
9993,30446,697,507,190,418,89,3.18,3.66,507,15,157,261
9994,30448,10,5,5,5,0,4.40,-,5,0,4,1
9995,30449,30,23,7,9,14,-,2.64,23,0,3,6
9996,30450,964,800,164,556,244,2.38,2.83,800,34,192,364
9997,30451,21,15,6,15,0,2.53,-,15,0,8,7
9998,30452,625,532,93,389,143,2.83,2.72,532,0,196,193
9999,30453,2681,2231,450,1392,839,3.06,2.23,2231,129,538,854
10000,30454,279,133,146,94,39,4.23,-,133,0,55,39
10001,30455,344,283,61,225,58,1.97,1.50,283,0,64,161
10002,30456,1143,914,229,765,149,2.07,2.36,914,67,153,612
10003,30457,2294,1820,474,1145,675,2.65,2.20,1820,260,325,820
10004,30458,18617,16409,2208,6327,10082,2.49,2.29,16409,1225,3719,2608
10005,30460,0,0,0,0,0,-,-,0,0,0,0
10006,30461,7442,6712,730,4515,2197,2.57,2.10,6712,120,2541,1974
10007,30464,30,30,0,16,14,5.44,9.64,30,7,12,4
10008,30467,5468,3927,1541,2898,1029,2.90,2.93,3927,241,1153,1745
10009,30470,426,371,55,253,118,2.87,2.42,371,19,91,162
10010,30471,1936,1490,446,1008,482,2.74,2.84,1490,75,324,684
10011,30473,1465,1078,387,850,228,2.59,2.07,1078,23,354,496
10012,30474,7107,6022,1085,3724,2298,2.64,3.00,6022,427,2080,1644
10013,30477,1374,1048,326,682,366,2.50,2.87,1048,149,259,423
10014,30501,12159,10544,1615,4412,6132,2.87,2.85,10544,1940,2654,1758
10015,30504,9746,8643,1103,4650,3993,3.00,3.18,8643,582,2962,1688
10016,30506,18783,16202,2581,13417,2785,2.82,2.67,16202,404,8193,5224
10017,30507,9282,8339,943,6186,2153,3.41,3.96,8339,341,3583,2603
10018,30510,2845,2484,361,1707,777,3.31,2.43,2484,39,762,945
10019,30511,1211,1092,119,851,241,3.07,2.91,1092,19,445,406
10020,30512,13033,9519,3514,7636,1883,2.32,2.37,9519,442,3557,4079
10021,30513,8645,5431,3214,3739,1692,2.30,2.14,5431,261,1668,2071
10022,30516,1036,915,121,643,272,2.91,3.00,915,86,346,297
10023,30517,5985,5533,452,4796,737,2.86,2.82,5533,110,3590,1206
10024,30518,18964,17781,1183,13310,4471,3.17,2.98,17781,631,9499,3811
10025,30519,17635,16943,692,13157,3786,3.23,3.08,16943,361,10297,2860
10026,30520,1920,1595,325,1175,420,3.14,4.00,1595,40,580,595
10027,30521,2138,1683,455,1235,448,3.06,2.98,1683,37,602,633
10028,30522,663,353,310,296,57,2.04,1.35,353,18,156,140
10029,30523,6878,4800,2078,4028,772,2.69,1.91,4800,202,2156,1872
10030,30525,4653,3092,1561,2242,850,2.39,2.50,3092,177,931,1311
10031,30527,1664,1499,165,1285,214,2.58,2.91,1499,23,873,412
10032,30528,10671,8431,2240,6402,2029,2.75,2.94,8431,209,3220,3182
10033,30529,4729,4135,594,2485,1650,2.80,2.92,4135,180,1398,1087
10034,30530,3090,2800,290,1930,870,2.77,2.86,2800,68,878,1052
10035,30531,4565,3806,759,2682,1124,2.85,2.96,3806,249,1324,1358
10036,30533,10904,9396,1508,6907,2489,2.74,3.12,9396,274,3737,3170
10037,30534,12264,10741,1523,8596,2145,2.80,2.55,10741,253,5427,3169
10038,30535,3304,2937,367,2207,730,2.73,2.45,2937,110,977,1230
10039,30536,5004,3598,1406,2706,892,2.63,2.61,3598,113,1464,1242
10040,30537,1620,608,1012,493,115,2.06,1.37,608,2,213,280
10041,30538,1432,1268,164,1058,210,2.65,3.00,1268,20,352,706
10042,30539,119,109,10,80,29,1.90,2.52,109,4,40,40
10043,30540,10851,8127,2724,5960,2167,2.46,2.24,8127,356,3407,2553
10044,30541,1026,709,317,601,108,1.79,2.85,709,41,183,418
10045,30542,13822,12642,1180,9968,2674,2.95,2.89,12642,272,7221,2747
10046,30543,1898,1698,200,1346,352,3.62,3.52,1698,45,823,523
10047,30545,988,375,613,270,105,2.57,1.67,375,33,148,122
10048,30546,6050,3623,2427,2806,817,2.13,2.01,3623,124,1322,1484
10049,30547,1184,1012,172,714,298,2.80,2.99,1012,22,399,315
10050,30548,8387,7949,438,7023,926,2.93,2.53,7949,129,4674,2349
10051,30549,9978,9347,631,7779,1568,3.02,3.30,9347,444,5786,1993
10052,30552,1742,633,1109,570,63,2.53,2.32,633,0,285,285
10053,30553,4559,3362,1197,2498,864,2.37,2.42,3362,140,1062,1436
10054,30554,3196,2960,236,2217,743,2.68,3.07,2960,124,1021,1196
10055,30555,1562,1313,249,1089,224,1.98,2.33,1313,33,521,568
10056,30557,2501,1867,634,1469,398,2.46,2.34,1867,84,678,791
10057,30558,2080,1759,321,1450,309,2.83,2.71,1759,52,758,692
10058,30559,3060,1871,1189,1634,237,2.34,2.87,1871,47,970,664
10059,30560,3434,1901,1533,1661,240,2.27,1.83,1901,136,965,696
10060,30562,345,244,101,149,95,3.40,2.85,244,0,74,75
10061,30563,2162,1955,207,1731,224,3.21,3.96,1955,33,1073,658
10062,30564,1884,1706,178,1393,313,2.57,2.77,1706,12,795,598
10063,30565,1738,1485,253,1157,328,2.73,2.44,1485,50,564,593
10064,30566,3232,2968,264,1972,996,3.20,2.29,2968,167,1348,624
10065,30567,1286,1224,62,1024,200,3.08,2.69,1224,19,704,320
10066,30568,1200,748,452,592,156,2.53,1.88,748,24,230,362
10067,30571,2363,1512,851,1325,187,2.11,2.30,1512,55,698,627
10068,30572,1444,467,977,400,67,2.18,1.49,467,19,200,200
10069,30573,115,83,32,63,20,1.06,1.05,83,52,0,63
10070,30575,602,581,21,435,146,3.89,2.38,581,58,251,184
10071,30576,1780,1052,728,841,211,2.98,2.47,1052,81,373,468
10072,30577,10075,8211,1864,5886,2325,2.69,2.33,8211,422,2839,3047
10073,30581,31,31,0,31,0,7.39,-,31,0,0,31
10074,30582,2811,1869,942,1537,332,2.29,2.27,1869,47,772,765
10075,30597,0,0,0,0,0,-,-,0,0,0,0
10076,30598,7,7,0,0,7,-,-,7,0,0,0
10077,30601,10939,10110,829,3691,6419,2.29,2.25,10110,980,1555,2136
10078,30602,0,0,0,0,0,-,-,0,0,0,0
10079,30605,18004,17251,753,6185,11066,2.36,2.08,17251,1292,4058,2127
10080,30606,21664,20625,1039,9024,11601,2.39,2.15,20625,1374,5404,3620
10081,30607,4555,4379,176,2756,1623,2.51,2.31,4379,206,1830,926
10082,30609,0,0,0,0,0,-,-,0,0,0,0
10083,30619,734,645,89,530,115,2.11,2.37,645,15,311,219
10084,30620,4541,4359,182,3770,589,2.95,3.64,4359,84,2812,958
10085,30621,2130,2014,116,1750,264,2.82,2.16,2014,17,1203,547
10086,30622,4449,4202,247,3390,812,2.83,2.59,4202,49,2523,867
10087,30623,41,29,12,24,5,3.63,4.00,29,0,9,15
10088,30624,1377,1234,143,905,329,3.03,3.44,1234,121,307,598
10089,30625,1258,951,307,860,91,2.34,2.12,951,3,467,393
10090,30627,1175,871,304,686,185,3.08,2.51,871,24,304,382
10091,30628,2301,2105,196,1894,211,3.23,2.68,2105,48,1208,686
10092,30629,2035,1806,229,1191,615,2.92,2.63,1806,64,582,609
10093,30630,1045,932,113,625,307,2.89,2.27,932,104,258,367
10094,30631,909,614,295,455,159,3.04,1.65,614,45,93,362
10095,30633,3364,2709,655,2110,599,3.04,2.80,2709,111,855,1255
10096,30634,1008,726,282,576,150,2.30,2.47,726,21,77,499
10097,30635,7537,6321,1216,4415,1906,2.33,2.49,6321,617,1808,2607
10098,30639,0,0,0,0,0,-,-,0,0,0,0
10099,30641,753,712,41,653,59,2.29,1.83,712,2,337,316
10100,30642,7599,5660,1939,4538,1122,2.33,2.62,5660,132,2260,2278
10101,30643,8130,6325,1805,4556,1769,2.32,2.44,6325,483,2075,2481
10102,30646,3298,2891,407,1943,948,2.45,2.45,2891,151,1025,918
10103,30648,1115,1005,110,853,152,2.84,3.41,1005,30,430,423
10104,30650,5760,5042,718,3636,1406,2.73,2.42,5042,256,2353,1283
10105,30655,9873,9205,668,5706,3499,3.03,2.59,9205,418,3748,1958
10106,30656,6242,5983,259,4641,1342,2.79,3.28,5983,147,3411,1230
10107,30660,592,308,284,213,95,3.96,2.74,308,16,79,134
10108,30662,3725,3083,642,2085,998,2.61,2.51,3083,161,1111,974
10109,30663,1148,1006,142,730,276,3.21,2.61,1006,59,424,306
10110,30664,21,13,8,13,0,-,-,13,4,4,9
10111,30665,94,94,0,67,27,2.61,1.59,94,0,20,47
10112,30666,3430,3314,116,2700,614,2.94,2.92,3314,79,1879,821
10113,30667,523,382,141,339,43,2.12,2.07,382,0,85,254
10114,30668,1432,854,578,561,293,2.73,2.48,854,68,246,315
10115,30669,1374,1065,309,729,336,2.85,2.94,1065,78,241,488
10116,30673,3620,2955,665,1972,983,2.11,2.46,2955,130,726,1246
10117,30677,7325,6944,381,5863,1081,2.91,2.81,6944,73,3829,2034
10118,30678,709,454,255,389,65,2.84,3.20,454,19,197,192
10119,30680,16879,16081,798,12279,3802,2.90,2.86,16081,660,8654,3625
10120,30683,3168,2809,359,2095,714,2.96,2.07,2809,51,1293,802
10121,30701,15865,14424,1441,9000,5424,2.89,2.74,14424,1021,5819,3181
10122,30705,13154,11792,1362,8733,3059,2.69,3.14,11792,549,4321,4412
10123,30707,6888,6389,499,5185,1204,2.70,2.49,6389,147,3000,2185
10124,30708,135,135,0,123,12,2.04,3.17,135,12,101,22
10125,30710,2714,2447,267,1947,500,2.84,3.15,2447,40,1042,905
10126,30711,1558,1421,137,1202,219,2.58,2.06,1421,94,543,659
10127,30720,10425,8962,1463,5095,3867,2.91,2.73,8962,718,3004,2091
10128,30721,20032,18395,1637,11528,6867,2.90,2.85,18395,1138,5569,5959
10129,30724,13,13,0,0,13,-,2.92,13,0,0,0
10130,30725,1779,1422,357,1269,153,3.34,2.25,1422,14,650,619
10131,30726,0,0,0,0,0,-,-,0,0,0,0
10132,30728,8352,7515,837,5025,2490,2.64,2.22,7515,714,2840,2185
10133,30730,737,667,70,549,118,2.74,2.61,667,0,171,378
10134,30731,1378,963,415,682,281,2.18,2.98,963,32,265,417
10135,30733,967,888,79,741,147,2.71,3.03,888,31,339,402
10136,30734,1462,1207,255,1036,171,2.46,2.65,1207,15,512,524
10137,30735,2564,2227,337,1707,520,3.02,3.96,2227,149,829,878
10138,30736,17329,15792,1537,13045,2747,2.77,2.51,15792,363,8692,4353
10139,30738,1758,1452,306,1282,170,2.48,3.11,1452,56,512,770
10140,30739,2297,2253,44,1852,401,2.90,2.36,2253,30,1216,636
10141,30740,3424,3057,367,2647,410,2.72,2.47,3057,103,1573,1074
10142,30741,13564,11613,1951,7979,3634,2.27,2.86,11613,474,4121,3858
10143,30742,3738,3324,414,1376,1948,2.61,1.92,3324,693,878,498
10144,30746,414,390,24,342,48,2.85,5.31,390,18,175,167
10145,30747,6904,5898,1006,3929,1969,2.39,2.48,5898,481,1201,2728
10146,30750,1335,1165,170,959,206,2.57,2.50,1165,26,568,391
10147,30751,42,42,0,42,0,3.52,-,42,0,18,24
10148,30752,4101,3522,579,2368,1154,2.54,2.35,3522,141,952,1416
10149,30753,2797,2365,432,1715,650,2.99,2.99,2365,67,587,1128
10150,30755,3693,3662,31,2641,1021,2.82,3.23,3662,125,1286,1355
10151,30756,16,16,0,12,4,-,3.00,16,0,0,12
10152,30757,1175,938,237,638,300,2.08,2.02,938,96,143,495
10153,30802,2576,2010,566,1664,346,3.41,2.08,2010,19,924,740
10154,30803,367,321,46,281,40,3.75,2.05,321,2,136,145
10155,30805,960,772,188,667,105,2.79,3.25,772,33,241,426
10156,30807,97,82,15,74,8,3.12,2.38,82,7,17,57
10157,30808,1770,1512,258,1190,322,2.65,3.95,1512,18,389,801
10158,30809,17786,15401,2385,13368,2033,3.42,3.00,15401,351,9654,3714
10159,30810,955,691,264,460,231,2.55,3.72,691,102,219,241
10160,30812,0,0,0,0,0,-,-,0,0,0,0
10161,30813,17550,13260,4290,10185,3075,3.46,2.90,13260,411,8077,2108
10162,30814,4192,3439,753,2716,723,3.53,2.23,3439,270,1386,1330
10163,30815,15379,13900,1479,9811,4089,2.98,3.19,13900,568,6228,3583
10164,30816,1064,813,251,593,220,2.12,2.34,813,208,198,395
10165,30817,4010,2860,1150,2068,792,2.59,2.47,2860,231,879,1189
10166,30818,207,207,0,145,62,2.81,2.10,207,0,17,128
10167,30820,637,439,198,325,114,1.99,2.40,439,46,75,250
10168,30821,582,375,207,261,114,2.72,2.70,375,14,61,200
10169,30822,0,0,0,0,0,-,-,0,0,0,0
10170,30823,649,495,154,299,196,2.60,2.20,495,28,109,190
10171,30824,7514,6620,894,4505,2115,2.50,2.59,6620,529,2449,2056
10172,30828,1662,1331,331,892,439,2.62,3.04,1331,179,236,656
10173,30830,6096,5021,1075,3371,1650,2.94,2.93,5021,319,1515,1856
10174,30833,1729,1345,384,764,581,3.00,2.84,1345,182,285,479
10175,30901,8654,7004,1650,1866,5138,2.49,2.27,7004,2623,627,1239
10176,30904,13042,10403,2639,4669,5734,2.53,2.52,10403,1311,2585,2084
10177,30905,1066,820,246,19,801,12.42,3.89,820,31,0,19
10178,30906,24548,20718,3830,11512,9206,2.78,3.03,20718,1668,6192,5320
10179,30907,22005,17312,4693,12090,5222,2.90,2.38,17312,390,7499,4591
10180,30909,23443,17467,5976,8435,9032,2.63,2.18,17467,1310,5535,2900
10181,30912,0,0,0,0,0,-,-,0,0,0,0
10182,31001,1223,825,398,548,277,3.04,3.52,825,78,116,432
10183,31002,1307,1081,226,779,302,3.14,2.78,1081,49,280,499
10184,31003,62,48,14,48,0,1.81,-,48,4,11,37
10185,31004,0,0,0,0,0,-,-,0,0,0,0
10186,31005,7328,6972,356,5227,1745,3.01,2.91,6972,103,4275,952
10187,31006,2206,1779,427,907,872,2.65,2.32,1779,240,320,587
10188,31007,373,291,82,229,62,2.64,1.84,291,29,42,187
10189,31008,8494,7897,597,6065,1832,2.66,2.64,7897,257,3594,2471
10190,31009,688,487,201,374,113,3.01,4.04,487,18,72,302
10191,31011,312,239,73,182,57,2.74,2.89,239,11,46,136
10192,31012,494,365,129,268,97,3.04,2.76,365,28,77,191
10193,31014,5536,4303,1233,3135,1168,2.72,2.55,4303,147,1107,2028
10194,31015,9379,7238,2141,3912,3326,2.46,2.82,7238,967,1859,2053
10195,31016,802,698,104,568,130,2.76,3.25,698,19,184,384
10196,31017,764,598,166,483,115,2.60,2.77,598,22,188,295
10197,31018,635,525,110,397,128,2.32,2.06,525,20,142,255
10198,31019,1189,956,233,714,242,3.08,2.90,956,25,287,427
10199,31020,953,629,324,563,66,2.11,2.64,629,108,178,385
10200,31021,12330,9944,2386,5823,4121,2.63,2.85,9944,835,2272,3551
10201,31022,801,661,140,508,153,2.63,3.05,661,3,171,337
10202,31023,6409,4980,1429,3158,1822,2.77,2.74,4980,440,1501,1657
10203,31024,12099,8850,3249,6859,1991,2.27,2.45,8850,368,4019,2840
10204,31025,423,376,47,376,0,2.66,-,376,12,244,132
10205,31027,4618,3715,903,2438,1277,2.36,3.49,3715,137,626,1812
10206,31028,2332,2065,267,1585,480,2.85,3.35,2065,108,1245,340
10207,31029,6498,5978,520,4551,1427,2.58,2.66,5978,190,2851,1700
10208,31030,7762,5955,1807,3575,2380,2.79,2.34,5955,680,1529,2046
10209,31031,2686,2232,454,1750,482,2.67,3.73,2232,135,698,1052
10210,31032,5912,5353,559,4282,1071,2.85,2.50,5353,245,2604,1678
10211,31033,873,826,47,690,136,2.89,3.96,826,53,326,364
10212,31034,68,33,35,0,33,-,5.03,33,14,0,0
10213,31035,485,382,103,308,74,2.68,2.39,382,15,145,163
10214,31036,4188,3245,943,2215,1030,2.71,2.82,3245,290,805,1410
10215,31037,1142,657,485,482,175,2.74,3.41,657,69,115,367
10216,31038,456,398,58,315,83,2.48,1.92,398,0,104,211
10217,31039,0,0,0,0,0,-,-,0,0,0,0
10218,31041,409,285,124,167,118,2.41,3.51,285,14,45,122
10219,31042,828,521,307,452,69,2.38,4.94,521,49,133,319
10220,31044,1305,966,339,824,142,2.77,3.83,966,59,187,637
10221,31045,27,27,0,11,16,-,-,27,0,0,11
10222,31046,1451,1323,128,1280,43,2.56,2.09,1323,31,692,588
10223,31047,6232,5722,510,5054,668,2.85,2.92,5722,124,3921,1133
10224,31049,731,604,127,461,143,2.64,3.59,604,27,91,370
10225,31050,446,446,0,340,106,1.89,1.43,446,0,19,321
10226,31051,45,33,12,19,14,2.26,2.79,33,0,10,9
10227,31052,3268,3033,235,2818,215,3.11,3.24,3033,111,1682,1136
10228,31054,626,461,165,372,89,3.01,2.87,461,38,140,232
10229,31055,2062,1256,806,842,414,3.50,3.62,1256,178,102,740
10230,31057,917,728,189,412,316,2.31,1.59,728,121,109,303
10231,31058,654,630,24,423,207,2.66,2.29,630,11,176,247
10232,31060,1066,680,386,539,141,2.85,1.72,680,17,109,430
10233,31061,19479,15344,4135,9383,5961,2.41,2.38,15344,1049,4611,4772
10234,31062,9,0,9,0,0,-,-,0,0,0,0
10235,31063,2203,1618,585,955,663,2.79,3.00,1618,196,372,583
10236,31064,4169,3489,680,2650,839,2.66,2.90,3489,42,1832,818
10237,31065,640,526,114,484,42,3.00,2.90,526,2,189,295
10238,31066,532,445,87,365,80,2.77,3.59,445,0,130,235
10239,31067,93,80,13,66,14,2.61,1.36,80,5,38,28
10240,31068,1419,1163,256,715,448,2.23,3.42,1163,108,196,519
10241,31069,9926,9096,830,6329,2767,2.51,2.25,9096,553,4606,1723
10242,31070,439,368,71,295,73,2.45,3.05,368,27,79,216
10243,31071,475,424,51,349,75,3.03,2.52,424,32,91,258
10244,31072,627,396,231,354,42,2.77,2.48,396,2,105,249
10245,31075,1198,926,272,778,148,2.66,4.29,926,18,284,494
10246,31076,1461,1040,421,842,198,2.81,1.72,1040,61,301,541
10247,31077,613,376,237,306,70,3.20,2.53,376,12,59,247
10248,31078,1758,1208,550,753,455,2.37,2.58,1208,201,323,430
10249,31079,1349,1039,310,769,270,2.57,2.37,1039,56,170,599
10250,31081,121,22,99,22,0,-,-,22,0,0,22
10251,31082,4641,3950,691,2550,1400,2.41,2.76,3950,370,1087,1463
10252,31083,135,96,39,61,35,5.02,3.46,96,1,8,53
10253,31084,16,0,16,0,0,-,-,0,0,0,0
10254,31085,455,414,41,378,36,2.84,2.17,414,9,126,252
10255,31087,5110,3030,2080,2343,687,2.13,2.44,3030,403,1067,1276
10256,31088,22684,20733,1951,12852,7881,2.93,2.44,20733,558,8976,3876
10257,31089,1931,1606,325,918,688,2.65,2.58,1606,137,381,537
10258,31090,609,410,199,261,149,3.17,2.13,410,5,52,209
10259,31091,1491,1207,284,915,292,2.10,2.82,1207,151,328,587
10260,31092,2599,2001,598,1344,657,2.44,3.26,2001,259,563,781
10261,31093,12603,11100,1503,6088,5012,2.35,2.41,11100,952,2942,3146
10262,31094,428,321,107,296,25,2.16,2.88,321,10,100,196
10263,31096,2764,2429,335,1802,627,2.80,2.44,2429,179,532,1270
10264,31097,613,478,135,413,65,3.12,2.26,478,3,192,221
10265,31098,1170,1077,93,15,1062,4.67,3.08,1077,34,12,3
10266,31201,4608,3500,1108,670,2830,2.89,1.56,3500,1149,318,352
10267,31204,15385,11866,3519,5710,6156,2.55,2.49,11866,1818,3412,2298
10268,31206,11770,9020,2750,3634,5386,2.62,3.21,9020,1622,1850,1784
10269,31207,0,0,0,0,0,-,-,0,0,0,0
10270,31210,15538,13962,1576,7580,6382,2.75,1.98,13962,582,4867,2713
10271,31211,7682,6132,1550,3417,2715,2.47,2.41,6132,595,1792,1625
10272,31213,0,0,0,0,0,-,-,0,0,0,0
10273,31216,6570,6202,368,5145,1057,2.58,3.06,6202,281,3105,2040
10274,31217,8029,6168,1861,4214,1954,2.55,3.03,6168,679,1673,2541
10275,31220,6681,5907,774,4027,1880,2.56,2.58,5907,185,2399,1628
10276,31301,2012,1610,402,662,948,2.89,2.11,1610,91,409,253
10277,31302,3321,3027,294,2222,805,2.58,2.92,3027,184,1036,1186
10278,31303,1096,1088,8,855,233,2.36,2.09,1088,48,464,391
10279,31305,2644,2235,409,1776,459,2.44,1.73,2235,206,759,1017
10280,31307,528,448,80,391,57,3.13,3.63,448,0,315,76
10281,31308,3356,3007,349,2377,630,2.72,3.04,3007,94,1412,965
10282,31309,300,261,39,213,48,2.51,1.67,261,26,86,127
10283,31312,7797,7262,535,6213,1049,3.23,2.99,7262,64,4539,1674
10284,31313,17647,15166,2481,7136,8030,2.84,2.66,15166,943,4961,2175
10285,31314,0,0,0,0,0,-,-,0,0,0,0
10286,31315,2784,2277,507,0,2277,-,3.46,2277,19,0,0
10287,31316,4547,4043,504,2739,1304,3.10,2.87,4043,412,1706,1033
10288,31318,194,132,62,113,19,3.19,2.05,132,17,65,48
10289,31320,4054,3281,773,2440,841,2.63,2.61,3281,158,1402,1038
10290,31321,3103,2747,356,2140,607,2.77,3.18,2747,83,1236,904
10291,31322,11482,10718,764,6206,4512,2.60,2.26,10718,247,4690,1516
10292,31323,810,691,119,584,107,2.24,2.37,691,19,166,418
10293,31324,11622,10847,775,7858,2989,2.98,2.82,10847,380,6351,1507
10294,31326,9160,8731,429,6163,2568,2.66,2.30,8731,276,4369,1794
10295,31327,104,18,86,18,0,-,-,18,0,0,18
10296,31328,3523,1615,1908,1459,156,2.11,2.10,1615,24,723,736
10297,31329,3550,3162,388,2217,945,2.97,2.56,3162,81,1357,860
10298,31331,4077,2409,1668,1991,418,2.46,2.57,2409,148,926,1065
10299,31333,170,136,34,0,136,-,1.28,136,76,0,0
10300,31401,11154,8275,2879,2827,5448,2.12,2.12,8275,1793,1908,919
10301,31404,14343,12832,1511,5854,6978,2.47,2.51,12832,1165,3458,2396
10302,31405,16245,14304,1941,7696,6608,2.53,2.58,14304,1595,4907,2789
10303,31406,15425,13920,1505,8518,5402,2.54,2.31,13920,1028,5442,3076
10304,31407,8643,8149,494,5156,2993,2.73,2.21,8149,73,4350,806
10305,31408,4168,3608,560,1286,2322,2.44,2.75,3608,218,694,592
10306,31409,0,0,0,0,0,-,-,0,0,0,0
10307,31410,10735,9709,1026,7310,2399,2.57,2.20,9709,213,5172,2138
10308,31411,4784,4392,392,4052,340,2.07,1.96,4392,58,2137,1915
10309,31415,5629,4153,1476,1587,2566,2.40,3.08,4153,1100,588,999
10310,31419,24568,22141,2427,12030,10111,2.67,2.26,22141,989,8045,3985
10311,31421,0,0,0,0,0,-,-,0,0,0,0
10312,31501,7088,5803,1285,3044,2759,2.56,2.28,5803,851,1627,1417
10313,31503,8959,7368,1591,5223,2145,2.68,2.90,7368,484,2159,3064
10314,31510,4051,3192,859,2301,891,2.69,2.77,3192,277,879,1422
10315,31512,1092,842,250,621,221,2.35,2.13,842,56,172,449
10316,31513,7370,5722,1648,4084,1638,2.73,2.58,5722,603,1827,2257
10317,31516,6485,5776,709,4462,1314,2.69,2.55,5776,192,1888,2574
10318,31518,284,238,46,186,52,3.24,2.94,238,0,91,95
10319,31519,1744,1476,268,1035,441,2.33,2.79,1476,76,390,645
10320,31520,10398,8493,1905,3710,4783,2.44,2.54,8493,1190,1735,1975
10321,31522,11877,7763,4114,6471,1292,2.24,1.94,7763,223,4345,2126
10322,31523,5550,5326,224,4540,786,2.63,2.82,5326,49,3295,1245
10323,31524,0,0,0,0,0,-,-,0,0,0,0
10324,31525,12123,11091,1032,6953,4138,2.63,2.60,11091,561,4179,2774
10325,31527,1450,668,782,545,123,1.90,1.21,668,0,192,353
10326,31532,281,257,24,211,46,2.30,2.35,257,5,34,177
10327,31533,6952,6217,735,3365,2852,2.46,2.77,6217,654,1630,1735
10328,31535,4954,4254,700,3141,1113,2.68,3.27,4254,134,1189,1952
10329,31537,3710,3270,440,2379,891,2.92,2.30,3270,306,1061,1318
10330,31539,6206,5072,1134,3483,1589,3.04,2.38,5072,428,1623,1860
10331,31542,1138,892,246,714,178,2.77,3.45,892,22,256,458
10332,31543,2230,1651,579,1368,283,2.60,2.73,1651,17,435,933
10333,31544,349,217,132,206,11,2.88,5.91,217,0,29,177
10334,31545,6772,5928,844,3359,2569,2.60,2.47,5928,588,1725,1634
10335,31546,3107,2746,361,1801,945,2.54,2.88,2746,213,976,825
10336,31547,0,0,0,0,0,-,-,0,0,0,0
10337,31548,9115,8390,725,5304,3086,2.63,2.83,8390,434,3869,1435
10338,31549,996,665,331,442,223,3.46,3.17,665,82,130,312
10339,31550,395,251,144,239,12,2.45,-,251,0,142,97
10340,31551,493,354,139,303,51,2.10,4.78,354,0,65,238
10341,31552,430,283,147,255,28,3.51,1.75,283,13,62,193
10342,31553,2088,1781,307,1280,501,2.70,2.52,1781,138,295,985
10343,31554,2193,1801,392,1270,531,2.66,3.92,1801,175,559,711
10344,31555,1230,1037,193,710,327,2.67,2.73,1037,7,288,422
10345,31556,29,29,0,24,5,1.63,4.80,29,0,4,20
10346,31557,1472,1246,226,887,359,2.82,3.14,1246,45,271,616
10347,31558,9297,8364,933,4657,3707,2.43,2.75,8364,419,3281,1376
10348,31560,1272,1082,190,772,310,2.57,2.42,1082,43,317,455
10349,31561,693,60,633,60,0,1.72,-,60,0,0,60
10350,31562,966,706,260,548,158,3.83,2.32,706,0,206,342
10351,31563,645,526,119,427,99,3.06,2.05,526,17,117,310
10352,31564,0,0,0,0,0,-,-,0,0,0,0
10353,31565,1135,1023,112,849,174,2.30,2.02,1023,128,423,426
10354,31566,1672,1376,296,1077,299,2.93,3.45,1376,113,520,557
10355,31567,527,500,27,344,156,2.38,2.77,500,0,34,310
10356,31568,409,241,168,209,32,2.04,-,241,0,93,116
10357,31569,2392,1996,396,1633,363,2.58,3.21,1996,146,858,775
10358,31599,0,0,0,0,0,-,-,0,0,0,0
10359,31601,14169,12023,2146,5416,6607,2.70,2.42,12023,1544,2811,2605
10360,31602,14873,13046,1827,5699,7347,2.79,2.55,13046,1328,3386,2313
10361,31605,9435,8677,758,5386,3291,2.76,2.73,8677,180,3934,1452
10362,31606,1466,1266,200,993,273,2.67,3.38,1266,60,392,601
10363,31620,4821,4016,805,2621,1395,2.74,2.82,4016,309,1362,1259
10364,31622,882,678,204,486,192,2.38,2.65,678,34,178,308
10365,31623,62,43,19,30,13,2.17,1.77,43,0,6,24
10366,31624,614,475,139,367,108,3.11,1.87,475,29,108,259
10367,31625,536,475,61,230,245,3.41,2.02,475,25,120,110
10368,31626,1557,1313,244,932,381,2.29,2.94,1313,36,397,535
10369,31627,104,81,23,51,30,2.41,3.37,81,0,16,35
10370,31629,484,305,179,250,55,4.07,3.76,305,33,96,154
10371,31630,295,225,70,189,36,2.37,3.39,225,0,56,133
10372,31631,385,241,144,187,54,1.91,2.09,241,13,9,178
10373,31632,5139,4904,235,3992,912,2.80,2.89,4904,57,2840,1152
10374,31634,2292,1826,466,1228,598,2.89,2.69,1826,243,546,682
10375,31635,2844,2493,351,1510,983,2.73,2.77,2493,289,801,709
10376,31636,4636,3833,803,2423,1410,2.83,2.32,3833,141,1215,1208
10377,31637,1354,1154,200,890,264,2.58,2.28,1154,35,242,648
10378,31638,494,415,79,288,127,2.98,2.35,415,8,53,235
10379,31639,4715,3845,870,2567,1278,2.75,2.57,3845,252,1102,1465
10380,31641,702,592,110,493,99,3.02,2.44,592,9,257,236
10381,31642,1850,1578,272,1190,388,2.85,3.37,1578,104,443,747
10382,31643,4327,3485,842,2327,1158,2.54,2.94,3485,256,1333,994
10383,31645,1949,1636,313,1070,566,2.61,3.07,1636,44,619,451
10384,31647,1225,1010,215,557,453,3.03,3.72,1010,64,294,263
10385,31648,427,341,86,255,86,2.30,2.65,341,0,113,142
10386,31649,413,370,43,254,116,2.83,1.65,370,23,167,87
10387,31650,1503,1283,220,806,477,2.90,2.38,1283,39,388,418
10388,31698,0,0,0,0,0,-,-,0,0,0,0
10389,31699,0,0,0,0,0,-,-,0,0,0,0
10390,31701,9639,7439,2200,2670,4769,2.30,2.38,7439,1224,1256,1414
10391,31704,0,0,0,0,0,-,-,0,0,0,0
10392,31705,12639,10421,2218,4737,5684,2.37,2.91,10421,1488,2529,2208
10393,31707,12730,10995,1735,4909,6086,2.20,2.11,10995,883,3021,1888
10394,31709,7139,6222,917,3154,3068,2.46,2.47,6222,660,1717,1437
10395,31711,386,247,139,148,99,2.82,2.97,247,48,48,100
10396,31712,660,484,176,407,77,3.18,2.84,484,23,204,203
10397,31714,2701,2385,316,1490,895,2.50,2.51,2385,223,755,735
10398,31716,1286,1131,155,967,164,2.29,3.26,1131,29,339,628
10399,31719,3656,2737,919,1787,950,2.51,3.09,2737,345,896,891
10400,31720,169,138,31,116,22,2.04,2.23,138,17,27,89
10401,31721,8446,7979,467,5462,2517,2.44,2.68,7979,250,3252,2210
10402,31722,300,253,47,195,58,2.81,3.84,253,3,60,135
10403,31727,0,0,0,0,0,-,-,0,0,0,0
10404,31730,3769,3261,508,1787,1474,2.54,2.25,3261,795,725,1062
10405,31733,530,458,72,401,57,2.74,2.12,458,5,208,193
10406,31735,500,254,246,190,64,1.98,2.20,254,0,77,113
10407,31738,1080,936,144,674,262,2.30,1.84,936,27,330,344
10408,31743,199,53,146,41,12,1.98,2.58,53,4,8,33
10409,31744,1494,1235,259,786,449,2.38,2.70,1235,28,291,495
10410,31747,84,57,27,43,14,2.93,3.21,57,0,6,37
10411,31749,1075,929,146,656,273,2.59,2.75,929,8,250,406
10412,31750,8549,7308,1241,4359,2949,2.60,2.30,7308,667,1884,2475
10413,31753,35,23,12,5,18,2.80,4.83,23,0,0,5
10414,31756,627,627,0,616,11,2.10,2.36,627,15,248,368
10415,31757,4687,4061,626,3076,985,2.74,2.98,4061,60,2012,1064
10416,31763,10396,9724,672,7176,2548,2.73,2.87,9724,254,5077,2099
10417,31764,792,677,115,620,57,2.45,3.91,677,10,400,220
10418,31765,1059,936,123,701,235,2.53,3.16,936,80,285,416
10419,31768,9636,8136,1500,4679,3457,2.78,2.57,8136,672,2010,2669
10420,31771,2532,2253,279,1484,769,3.15,3.61,2253,106,608,876
10421,31772,256,213,43,204,9,2.50,3.78,213,0,95,109
10422,31773,2253,1895,358,1387,508,2.27,2.77,1895,20,728,659
10423,31774,2842,2393,449,1610,783,2.58,2.40,2393,231,665,945
10424,31775,1164,1007,157,873,134,3.00,2.69,1007,63,358,515
10425,31778,1226,1066,160,835,231,2.45,2.44,1066,36,387,448
10426,31779,3398,2979,419,1898,1081,2.35,2.94,2979,303,970,928
10427,31780,932,676,256,498,178,3.03,2.86,676,30,181,317
10428,31781,769,677,92,443,234,3.14,3.01,677,66,238,205
10429,31783,647,541,106,486,55,2.87,2.09,541,57,264,222
10430,31784,407,370,37,237,133,2.82,2.71,370,16,87,150
10431,31787,782,638,144,504,134,1.97,1.96,638,60,271,233
10432,31788,4125,3396,729,2285,1111,2.88,2.75,3396,308,816,1469
10433,31789,675,608,67,426,182,2.33,1.89,608,9,255,171
10434,31790,920,692,228,547,145,2.74,3.81,692,51,275,272
10435,31791,4857,4352,505,2901,1451,2.47,2.83,4352,333,1212,1689
10436,31792,10757,9318,1439,5058,4260,2.37,2.46,9318,608,2555,2503
10437,31793,3874,3240,634,2600,640,2.57,1.85,3240,70,1707,893
10438,31794,11780,10638,1142,5647,4991,2.67,2.48,10638,1286,3317,2330
10439,31795,763,594,169,494,100,2.57,3.42,594,0,222,272
10440,31796,750,495,255,375,120,2.25,3.24,495,41,193,182
10441,31798,449,390,59,308,82,2.93,3.73,390,61,91,217
10442,31801,1204,1138,66,1041,97,2.46,2.73,1138,72,515,526
10443,31803,2483,1877,606,1250,627,2.46,2.43,1877,172,558,692
10444,31804,2201,2066,135,1934,132,3.09,1.98,2066,102,1346,588
10445,31805,1430,1009,421,595,414,2.15,2.28,1009,12,251,344
10446,31806,1911,1538,373,1075,463,3.02,2.62,1538,75,588,487
10447,31807,779,738,41,655,83,2.86,1.39,738,0,460,195
10448,31808,3168,2803,365,2657,146,2.96,3.74,2803,11,1932,725
10449,31810,110,99,11,89,10,2.26,1.90,99,28,19,70
10450,31811,2211,2004,207,1724,280,2.77,3.16,2004,36,1098,626
10451,31812,287,239,48,188,51,2.89,2.35,239,20,55,133
10452,31814,0,0,0,0,0,-,-,0,0,0,0
10453,31815,1091,834,257,621,213,2.14,1.57,834,100,153,468
10454,31816,2577,2066,511,1205,861,2.36,2.46,2066,176,624,581
10455,31820,4773,4453,320,3988,465,2.86,2.29,4453,25,3155,833
10456,31821,62,29,33,29,0,1.38,-,29,6,0,29
10457,31822,2756,2316,440,1834,482,2.39,3.02,2316,67,764,1070
10458,31823,379,321,58,282,39,1.92,1.56,321,6,203,79
10459,31824,662,468,194,375,93,2.66,1.41,468,23,145,230
10460,31825,1260,1073,187,744,329,2.20,2.29,1073,82,272,472
10461,31826,936,803,133,489,314,2.61,2.18,803,5,227,262
10462,31827,1058,926,132,678,248,2.10,2.73,926,116,363,315
10463,31829,521,521,0,487,34,2.84,2.50,521,0,414,73
10464,31830,1124,961,163,663,298,2.09,2.83,961,163,224,439
10465,31831,1582,1358,224,1209,149,2.67,2.92,1358,76,825,384
10466,31832,108,73,35,73,0,2.40,-,73,13,24,49
10467,31833,3074,2525,549,1900,625,2.64,2.98,2525,335,994,906
10468,31836,619,408,211,333,75,2.11,1.43,408,88,144,189
10469,31901,3890,3107,783,875,2232,1.64,1.60,3107,610,534,341
10470,31903,9399,7543,1856,2198,5345,2.53,2.59,7543,2010,969,1229
10471,31904,15935,14016,1919,6747,7269,2.57,2.34,14016,1750,3825,2922
10472,31905,4426,3641,785,22,3619,2.55,3.30,3641,40,0,22
10473,31906,10844,8768,2076,4003,4765,2.47,2.26,8768,1592,2162,1841
10474,31907,25220,22637,2583,12464,10173,2.48,2.65,22637,1466,7892,4572
10475,31909,17216,15723,1493,7780,7943,2.78,2.30,15723,557,5197,2583
10476,32003,11736,11090,646,9586,1504,2.68,2.56,11090,201,6366,3220
10477,32008,3212,2354,858,1873,481,2.32,3.25,2354,45,805,1068
10478,32009,1448,1383,65,1200,183,2.43,2.48,1383,27,614,586
10479,32011,5983,5480,503,4613,867,2.74,2.50,5480,152,3053,1560
10480,32013,5,5,0,5,0,13.20,-,5,0,5,0
10481,32024,7963,7220,743,6067,1153,2.55,2.82,7220,259,3348,2719
10482,32025,9291,8127,1164,4797,3330,2.43,2.29,8127,327,2570,2227
10483,32026,0,0,0,0,0,-,-,0,0,0,0
10484,32033,2199,1915,284,1646,269,2.29,2.91,1915,83,913,733
10485,32034,21065,16526,4539,13872,2654,2.37,2.11,16526,556,8449,5423
10486,32038,4662,3824,838,3239,585,2.52,2.98,3824,87,1386,1853
10487,32040,3037,2663,374,2338,325,3.00,3.02,2663,67,1082,1256
10488,32043,12336,11018,1318,8718,2300,2.62,3.00,11018,318,5588,3130
10489,32044,877,813,64,554,259,2.17,4.11,813,50,224,330
10490,32046,4012,3602,410,2742,860,3.05,2.53,3602,104,1386,1356
10491,32052,2982,2245,737,1558,687,2.67,2.25,2245,162,588,970
10492,32053,1808,1289,519,1001,288,2.55,3.96,1289,28,291,710
10493,32054,4004,3567,437,2535,1032,2.69,2.17,3567,196,1369,1166
10494,32055,7338,6190,1148,4014,2176,2.47,2.66,6190,611,1749,2265
10495,32058,1694,1494,200,1141,353,3.18,2.58,1494,88,555,586
10496,32059,1377,1109,268,806,303,2.35,2.55,1109,4,348,458
10497,32060,9519,7754,1765,6152,1602,2.89,2.76,7754,451,2554,3598
10498,32061,85,85,0,72,13,4.31,2.62,85,0,21,51
10499,32062,984,668,316,521,147,3.00,2.03,668,62,221,300
10500,32063,5098,4523,575,3269,1254,3.12,2.10,4523,235,2125,1144
10501,32064,3516,2865,651,1326,1539,2.14,2.63,2865,532,473,853
10502,32065,14195,13336,859,10305,3031,2.95,2.86,13336,303,7793,2512
10503,32066,2452,1978,474,1519,459,3.01,2.24,1978,75,572,947
10504,32068,21551,19950,1601,15333,4617,2.81,3.06,19950,770,10274,5059
10505,32071,1576,1173,403,994,179,2.72,1.39,1173,17,519,475
10506,32072,43,43,0,43,0,1.86,-,43,0,31,12
10507,32073,16472,15600,872,9857,5743,2.80,2.47,15600,793,6287,3570
10508,32079,196,172,24,17,155,1.53,1.52,172,36,0,17
10509,32080,15990,9618,6372,7613,2005,2.23,2.01,9618,300,4184,3429
10510,32081,8158,7113,1045,6295,818,2.94,2.89,7113,66,4522,1773
10511,32082,14627,11696,2931,9529,2167,2.50,2.23,11696,224,5697,3832
10512,32083,712,616,96,397,219,2.27,3.06,616,6,133,264
10513,32084,16668,13125,3543,8972,4153,2.60,2.63,13125,644,5460,3512
10514,32086,14489,12531,1958,9386,3145,2.55,2.70,12531,438,5311,4075
10515,32087,1500,1209,291,809,400,3.26,2.71,1209,15,448,361
10516,32091,6712,5457,1255,3316,2141,2.72,2.56,5457,428,1237,2079
10517,32092,16337,14569,1768,12889,1680,2.80,3.61,14569,103,10107,2782
10518,32094,1140,925,215,724,201,3.89,2.70,925,0,276,448
10519,32095,5436,5218,218,4524,694,2.90,2.42,5218,37,3181,1343
10520,32096,1410,1142,268,902,240,2.54,2.08,1142,29,381,521
10521,32097,8212,7650,562,5962,1688,2.67,2.68,7650,188,4490,1472
10522,32102,1749,1120,629,980,140,1.98,2.72,1120,15,272,708
10523,32110,3872,3272,600,2323,949,2.80,2.15,3272,270,986,1337
10524,32112,3644,2767,877,1909,858,2.58,2.92,2767,208,747,1162
10525,32113,2525,1927,598,1494,433,2.47,2.30,1927,127,753,741
10526,32114,16681,14270,2411,4592,9678,2.09,2.27,14270,2403,2140,2452
10527,32117,14177,12399,1778,6042,6357,2.21,2.39,12399,1227,2960,3082
10528,32118,16232,9639,6593,5986,3653,1.89,1.86,9639,1127,2412,3574
10529,32119,12026,10403,1623,6414,3989,2.10,2.30,10403,710,2725,3689
10530,32124,2571,2312,259,1890,422,2.24,2.06,2312,14,1202,688
10531,32127,15986,12799,3187,9477,3322,2.19,2.20,12799,654,4665,4812
10532,32128,9372,8901,471,7299,1602,2.33,2.99,8901,138,3683,3616
10533,32129,11490,10166,1324,7180,2986,2.19,2.30,10166,458,3798,3382
10534,32130,1894,1661,233,1410,251,2.70,3.63,1661,41,835,575
10535,32131,2042,1665,377,1323,342,2.11,2.88,1665,56,660,663
10536,32132,4122,3741,381,3119,622,2.01,2.23,3741,253,1466,1653
10537,32133,345,294,51,264,30,2.58,-,294,0,234,30
10538,32134,5792,3198,2594,2887,311,2.23,2.23,3198,70,1212,1675
10539,32136,5566,3905,1661,3239,666,2.18,1.73,3905,132,1460,1779
10540,32137,23313,18346,4967,15523,2823,2.35,2.88,18346,544,8100,7423
10541,32139,533,338,195,317,21,2.47,3.33,338,40,72,245
10542,32140,700,570,130,495,75,3.13,3.39,570,19,183,312
10543,32141,9540,8592,948,7567,1025,2.11,2.79,8592,167,4297,3270
10544,32145,2357,1989,368,1536,453,2.67,2.84,1989,29,720,816
10545,32147,796,796,0,666,130,2.71,1.18,796,0,358,308
10546,32148,5346,4359,987,3401,958,2.37,2.60,4359,211,1318,2083
10547,32157,278,163,115,93,70,2.28,2.34,163,0,12,81
10548,32159,18858,15676,3182,12663,3013,1.84,2.05,15676,1014,4980,7683
10549,32162,35958,29994,5964,28334,1660,1.74,1.26,29994,648,10789,17545
10550,32163,15881,13131,2750,12696,435,1.87,1.67,13131,175,6452,6244
10551,32164,20840,18982,1858,13620,5362,2.54,2.85,18982,523,8992,4628
10552,32168,15682,13517,2165,10643,2874,2.21,2.25,13517,567,5655,4988
10553,32169,12612,5889,6723,4954,935,1.70,1.92,5889,113,2208,2746
10554,32174,25294,22934,2360,18094,4840,2.24,2.11,22934,822,9207,8887
10555,32176,10358,6885,3473,5407,1478,2.00,1.97,6885,476,2635,2772
10556,32177,11271,10055,1216,6246,3809,2.55,2.51,10055,1104,3023,3223
10557,32179,5053,3665,1388,2951,714,2.15,2.38,3665,304,1017,1934
10558,32180,1563,1409,154,1065,344,3.10,5.35,1409,114,475,590
10559,32181,1492,1159,333,780,379,2.76,2.48,1159,19,309,471
10560,32182,21,21,0,21,0,2.62,-,21,0,10,11
10561,32187,654,615,39,520,95,2.10,2.52,615,82,226,294
10562,32189,3562,2449,1113,1663,786,2.23,2.01,2449,196,624,1039
10563,32190,617,513,104,397,116,3.26,1.98,513,0,173,224
10564,32192,28,0,28,0,0,-,-,0,0,0,0
10565,32193,886,560,326,464,96,2.02,1.23,560,232,73,391
10566,32195,1270,1114,156,1049,65,2.75,1.49,1114,45,565,484
10567,32202,2645,2149,496,224,1925,1.63,1.57,2149,851,72,152
10568,32203,0,0,0,0,0,-,-,0,0,0,0
10569,32204,4995,4314,681,1086,3228,2.27,1.53,4314,519,692,394
10570,32205,16342,14447,1895,7522,6925,2.22,2.11,14447,1454,4855,2667
10571,32206,9187,6840,2347,3191,3649,2.38,2.32,6840,1760,1837,1354
10572,32207,18478,15890,2588,7857,8033,2.46,2.12,15890,2231,4585,3272
10573,32208,15392,13365,2027,7114,6251,2.19,2.64,13365,2134,3821,3293
10574,32209,17671,14517,3154,6680,7837,2.32,2.54,14517,3273,2847,3833
10575,32210,28915,26474,2441,14017,12457,2.56,2.47,26474,2057,8903,5114
10576,32211,14858,13301,1557,6844,6457,2.72,2.60,13301,1362,4357,2487
10577,32212,242,237,5,2,235,-,3.49,237,0,0,2
10578,32214,0,0,0,0,0,-,-,0,0,0,0
10579,32216,19346,17224,2122,7763,9461,2.45,2.07,17224,1176,4806,2957
10580,32217,9498,8807,691,4860,3947,2.50,2.00,8807,823,2922,1938
10581,32218,26129,23743,2386,15356,8387,2.84,2.88,23743,1131,10822,4534
10582,32219,5384,5019,365,4121,898,2.81,2.71,5019,436,2184,1937
10583,32220,4898,4604,294,3850,754,2.68,2.23,4604,187,2702,1148
10584,32221,11041,10397,644,7764,2633,2.82,2.76,10397,309,4767,2997
10585,32222,6009,5450,559,4043,1407,2.69,2.85,5450,103,3187,856
10586,32223,10610,10311,299,8600,1711,2.50,2.49,10311,95,5857,2743
10587,32224,16575,15366,1209,8797,6569,2.50,2.25,15366,554,6460,2337
10588,32225,22923,21065,1858,14131,6934,2.74,2.41,21065,496,10549,3582
10589,32226,7329,6389,940,5910,479,2.82,2.73,6389,35,4063,1847
10590,32227,659,544,115,0,544,-,3.78,544,4,0,0
10591,32228,0,0,0,0,0,-,-,0,0,0,0
10592,32233,11240,9901,1339,5902,3999,2.43,2.11,9901,563,3908,1994
10593,32234,2978,2750,228,2272,478,2.94,2.29,2750,86,1274,998
10594,32244,25494,23759,1735,13088,10671,2.77,2.56,23759,1390,8812,4276
10595,32246,24852,22370,2482,12366,10004,2.61,2.38,22370,914,9660,2706
10596,32250,14294,12403,1891,8386,4017,2.42,2.09,12403,567,5576,2810
10597,32254,6177,5100,1077,2521,2579,2.39,2.86,5100,985,1191,1330
10598,32256,24489,22519,1970,8446,14073,2.43,2.01,22519,715,5217,3229
10599,32257,18147,16968,1179,10527,6441,2.49,2.31,16968,1023,7317,3210
10600,32258,15366,14831,535,9898,4933,2.91,2.43,14831,374,7426,2472
10601,32259,20370,19000,1370,16458,2542,3.33,2.96,19000,287,12685,3773
10602,32266,3407,2957,450,2092,865,2.37,2.22,2957,57,1261,831
10603,32277,13784,12859,925,6196,6663,2.60,2.43,12859,886,4142,2054
10604,32301,16627,14163,2464,4184,9979,2.13,2.10,14163,1488,2365,1819
10605,32303,24005,21986,2019,10783,11203,2.34,2.26,21986,1223,7322,3461
10606,32304,22038,18175,3863,2600,15575,2.22,2.18,18175,2381,1412,1188
10607,32305,8727,7603,1124,4687,2916,2.61,2.92,7603,764,2398,2289
10608,32306,0,0,0,0,0,-,-,0,0,0,0
10609,32307,0,0,0,0,0,-,-,0,0,0,0
10610,32308,11655,10827,828,5669,5158,2.24,1.72,10827,804,3569,2100
10611,32309,13614,13011,603,10276,2735,2.72,2.02,13011,311,6431,3845
10612,32310,7556,5775,1781,2913,2862,2.31,2.54,5775,667,1503,1410
10613,32311,9548,8555,993,5459,3096,2.52,2.13,8555,131,3840,1619
10614,32312,12931,12229,702,10430,1799,2.63,2.53,12229,144,6757,3673
10615,32313,0,0,0,0,0,-,-,0,0,0,0
10616,32317,5697,5353,344,4966,387,2.63,3.44,5353,29,3367,1599
10617,32320,2229,1801,428,1297,504,2.26,2.10,1801,241,373,924
10618,32321,2289,1662,627,1294,368,2.97,3.04,1662,124,445,849
10619,32322,1902,951,951,771,180,2.25,3.24,951,22,235,536
10620,32323,299,53,246,42,11,2.21,-,53,0,42,0
10621,32324,2228,1843,385,1221,622,2.12,2.28,1843,128,297,924
10622,32327,11276,9942,1334,8311,1631,2.66,2.80,9942,152,5129,3182
10623,32328,3027,1508,1519,1222,286,2.63,2.12,1508,59,510,712
10624,32330,271,212,59,97,115,3.70,3.65,212,30,30,67
10625,32331,2320,1725,595,1461,264,2.43,4.13,1725,80,469,992
10626,32332,612,520,92,231,289,2.88,1.77,520,71,81,150
10627,32333,5091,4494,597,3696,798,2.48,2.62,4494,241,1854,1842
10628,32334,769,581,188,466,115,2.49,2.91,581,6,177,289
10629,32336,842,531,311,389,142,3.04,2.62,531,20,121,268
10630,32337,55,27,28,27,0,1.78,-,27,0,0,27
10631,32340,4472,3526,946,2386,1140,2.35,2.55,3526,392,1238,1148
10632,32343,1191,1098,93,936,162,3.36,1.65,1098,37,867,69
10633,32344,5660,4577,1083,3488,1089,2.30,2.40,4577,303,1258,2230
10634,32346,1670,873,797,716,157,2.35,2.34,873,114,218,498
10635,32347,3178,2455,723,1738,717,2.99,2.43,2455,70,687,1051
10636,32348,5362,3920,1442,3030,890,2.29,3.05,3920,364,1319,1711
10637,32350,851,681,170,558,123,2.15,1.80,681,0,200,358
10638,32351,7088,5792,1296,3967,1825,2.59,2.76,5792,948,1680,2287
10639,32352,2228,1810,418,1400,410,2.49,2.78,1810,27,663,737
10640,32355,280,152,128,122,30,2.05,1.60,152,5,35,87
10641,32356,20,0,20,0,0,-,-,0,0,0,0
10642,32358,1206,545,661,502,43,2.31,2.26,545,10,180,322
10643,32359,2096,497,1599,443,54,1.97,1.59,497,0,127,316
10644,32360,42,36,6,36,0,1.39,-,36,0,21,15
10645,32361,207,207,0,183,24,1.86,3.75,207,0,62,121
10646,32399,0,0,0,0,0,-,-,0,0,0,0
10647,32401,10116,8804,1312,4714,4090,2.23,2.03,8804,926,2159,2555
10648,32403,383,266,117,0,266,-,3.53,266,18,0,0
10649,32404,16870,14273,2597,10167,4106,2.76,2.65,14273,423,5864,4303
10650,32405,13602,12216,1386,7482,4734,2.38,2.49,12216,762,4320,3162
10651,32407,11234,6153,5081,3550,2603,2.28,2.36,6153,282,2385,1165
10652,32408,16854,8706,8148,6157,2549,2.31,2.18,8706,259,3599,2558
10653,32409,4248,3729,519,3208,521,2.61,3.11,3729,287,1698,1510
10654,32410,881,279,602,209,70,1.81,1.99,279,7,95,114
10655,32413,15340,6835,8505,5028,1807,2.18,1.94,6835,141,2502,2526
10656,32420,1497,1178,319,1090,88,1.88,2.58,1178,43,429,661
10657,32421,1797,1445,352,1291,154,2.92,2.81,1445,112,404,887
10658,32423,635,487,148,446,41,1.99,2.07,487,0,79,367
10659,32424,2797,2179,618,1587,592,2.51,2.29,2179,151,563,1024
10660,32425,5909,4766,1143,3447,1319,2.46,3.00,4766,336,1162,2285
10661,32426,384,294,90,276,18,2.81,1.50,294,4,92,184
10662,32427,488,469,19,269,200,2.05,2.58,469,49,83,186
10663,32428,7167,5936,1231,4704,1232,2.46,2.64,5936,220,2137,2567
10664,32430,334,326,8,246,80,2.66,2.28,326,36,124,122
10665,32431,2201,1780,421,1397,383,2.62,1.98,1780,119,586,811
10666,32432,0,0,0,0,0,-,-,0,0,0,0
10667,32433,8013,6971,1042,5271,1700,2.57,2.81,6971,268,3071,2200
10668,32435,3137,2694,443,1900,794,2.32,2.54,2694,220,957,943
10669,32437,326,282,44,207,75,1.98,2.56,282,14,63,144
10670,32438,1936,1756,180,1549,207,2.73,3.28,1756,142,476,1073
10671,32439,6253,5303,950,4225,1078,2.39,2.99,5303,151,2713,1512
10672,32440,2361,1999,362,1357,642,2.59,2.50,1999,115,613,744
10673,32442,1689,1396,293,886,510,2.28,3.04,1396,68,258,628
10674,32443,1369,1109,260,946,163,2.53,4.21,1109,32,264,682
10675,32444,8544,7600,944,5504,2096,2.70,2.98,7600,285,3373,2131
10676,32445,571,474,97,313,161,2.34,2.75,474,53,138,175
10677,32446,4515,3916,599,2661,1255,2.54,2.65,3916,200,1126,1535
10678,32448,3882,3349,533,2309,1040,2.28,1.90,3349,343,1274,1035
10679,32449,485,340,145,309,31,2.22,10.10,340,0,69,240
10680,32455,2139,1694,445,1382,312,2.31,2.36,1694,42,380,1002
10681,32456,6374,3655,2719,2782,873,2.17,2.19,3655,74,1179,1603
10682,32459,15661,7880,7781,6211,1669,2.34,2.38,7880,212,4466,1745
10683,32460,1976,1690,286,1284,406,2.17,2.23,1690,78,382,902
10684,32461,5097,953,4144,783,170,2.33,1.97,953,26,542,241
10685,32462,1854,1376,478,1198,178,2.67,2.41,1376,28,507,691
10686,32463,90,81,9,45,36,2.38,2.33,81,2,5,40
10687,32464,1991,1565,426,1411,154,2.37,2.51,1565,9,367,1044
10688,32465,3224,2273,951,1841,432,2.36,2.11,2273,82,838,1003
10689,32466,2444,2019,425,1666,353,2.85,2.75,2019,39,1008,658
10690,32501,5518,4474,1044,2043,2431,2.47,1.89,4474,1006,1053,990
10691,32502,2192,1725,467,891,834,2.21,2.12,1725,125,463,428
10692,32503,14457,12984,1473,8617,4367,2.26,2.15,12984,1253,4879,3738
10693,32504,10182,9608,574,5817,3791,2.40,2.00,9608,441,3690,2127
10694,32505,12998,10852,2146,5232,5620,2.50,2.55,10852,1106,2601,2631
10695,32506,16438,14482,1956,8662,5820,2.56,2.54,14482,828,5615,3047
10696,32507,18859,13618,5241,8397,5221,2.42,2.49,13618,1088,5081,3316
10697,32508,659,555,104,0,555,-,2.39,555,16,0,0
10698,32509,0,0,0,0,0,-,-,0,0,0,0
10699,32511,0,0,0,0,0,-,-,0,0,0,0
10700,32512,0,0,0,0,0,-,-,0,0,0,0
10701,32514,19013,17435,1578,8239,9196,2.23,2.29,17435,1285,5119,3120
10702,32526,16388,15004,1384,11933,3071,2.63,2.52,15004,421,7394,4539
10703,32530,20,20,0,20,0,4.60,-,20,0,20,0
10704,32531,3143,2748,395,2349,399,2.27,2.76,2748,178,1414,935
10705,32533,11584,10783,801,9156,1627,2.72,2.75,10783,336,6100,3056
10706,32534,7329,6778,551,4224,2554,2.45,2.17,6778,279,2111,2113
10707,32535,2023,1669,354,1148,521,2.45,2.33,1669,190,364,784
10708,32536,9584,8780,804,5718,3062,2.97,2.40,8780,373,4196,1522
10709,32539,11588,10637,951,8030,2607,2.64,2.75,10637,409,5171,2859
10710,32541,17665,9104,8561,6007,3097,2.26,2.21,9104,301,3589,2418
10711,32542,1105,881,224,0,881,-,3.07,881,37,0,0
10712,32544,456,416,40,0,416,-,3.61,416,0,0,0
10713,32547,15485,14313,1172,7652,6661,2.29,2.22,14313,986,4802,2850
10714,32548,13638,9937,3701,5717,4220,2.26,2.28,9937,438,3095,2622
10715,32550,13969,4251,9718,3034,1217,1.91,2.23,4251,320,1435,1599
10716,32561,6583,4123,2460,3240,883,2.43,1.91,4123,261,1846,1394
10717,32563,11992,10811,1181,8674,2137,2.53,2.82,10811,198,5698,2976
10718,32564,1071,992,79,860,132,2.57,2.52,992,0,582,278
10719,32565,2455,2039,416,1663,376,2.60,2.22,2039,47,936,727
10720,32566,17366,15286,2080,12358,2928,2.86,2.53,15286,291,9028,3330
10721,32567,1883,1574,309,1251,323,3.08,2.19,1574,30,754,497
10722,32568,1322,1214,108,1052,162,2.76,2.25,1214,35,473,579
10723,32569,5336,4828,508,3467,1361,2.67,2.14,4828,183,2252,1215
10724,32570,15005,13445,1560,9019,4426,2.44,2.43,13445,580,5491,3528
10725,32571,14374,13461,913,11188,2273,2.81,2.75,13461,361,7319,3869
10726,32577,2096,1855,241,1593,262,2.44,2.15,1855,54,841,752
10727,32578,14189,12862,1327,9498,3364,2.59,2.78,12862,296,6128,3370
10728,32579,4923,4452,471,3105,1347,2.37,2.30,4452,253,1895,1210
10729,32580,1834,1535,299,968,567,2.63,2.33,1535,44,685,283
10730,32583,10478,9570,908,7642,1928,2.59,2.71,9570,306,4787,2855
10731,32601,10208,8603,1605,2173,6430,2.31,2.31,8603,1104,1131,1042
10732,32603,2369,1740,629,185,1555,2.44,2.10,1740,136,89,96
10733,32605,12163,11298,865,8259,3039,2.47,2.44,11298,362,4358,3901
10734,32606,11714,10323,1391,4873,5450,2.72,1.89,10323,1059,3024,1849
10735,32607,15359,12175,3184,4274,7901,2.80,2.31,12175,878,2513,1761
10736,32608,24775,20707,4068,8753,11954,2.55,2.36,20707,1383,4865,3888
10737,32609,8456,7463,993,3976,3487,2.39,2.32,7463,742,2090,1886
10738,32610,0,0,0,0,0,-,-,0,0,0,0
10739,32612,4,4,0,0,4,-,-,4,0,0,0
10740,32615,6737,5984,753,4634,1350,2.57,2.24,5984,132,2768,1866
10741,32616,79,79,0,18,61,3.11,1.41,79,52,18,0
10742,32617,1732,1432,300,1253,179,2.76,3.53,1432,32,734,519
10743,32618,3514,3229,285,2635,594,2.61,2.99,3229,113,1510,1125
10744,32619,2226,2013,213,1735,278,2.65,1.92,2013,109,1004,731
10745,32621,2185,2016,169,1591,425,2.18,2.59,2016,23,853,738
10746,32622,628,575,53,360,215,2.78,2.38,575,94,227,133
10747,32625,1310,682,628,528,154,2.06,2.73,682,24,203,325
10748,32626,4593,3781,812,2888,893,2.36,2.37,3781,286,1189,1699
10749,32628,1903,1581,322,1264,317,2.25,2.74,1581,98,470,794
10750,32631,235,183,52,183,0,2.00,-,183,0,63,120
10751,32634,7,7,0,7,0,2.57,-,7,0,0,7
10752,32639,182,127,55,114,13,2.06,-,127,0,22,92
10753,32640,5225,4028,1197,3385,643,2.61,2.64,4028,212,1573,1812
10754,32641,6122,5142,980,2898,2244,3.44,2.89,5142,594,1692,1206
10755,32643,4722,4171,551,3523,648,2.83,3.50,4171,107,2195,1328
10756,32648,528,103,425,103,0,3.58,-,103,0,21,82
10757,32653,6747,6383,364,5253,1130,2.46,2.51,6383,293,3121,2132
10758,32656,6279,5103,1176,4145,958,2.66,2.99,5103,368,2366,1779
10759,32658,79,73,6,58,15,5.98,6.60,73,0,20,38
10760,32664,175,139,36,106,33,1.46,4.09,139,7,60,46
10761,32666,3591,2746,845,2493,253,2.58,1.48,2746,25,1482,1011
10762,32667,2197,1865,332,1467,398,2.37,2.29,1865,100,616,851
10763,32668,2555,2279,276,2000,279,2.46,2.79,2279,0,809,1191
10764,32669,5788,5282,506,4583,699,2.93,2.37,5282,174,2765,1818
10765,32680,5936,4197,1739,3653,544,2.64,1.93,4197,210,959,2694
10766,32681,114,63,51,63,0,4.05,-,63,0,0,63
10767,32683,128,99,29,54,45,3.78,1.71,99,4,0,54
10768,32686,2719,2344,375,1529,815,2.32,1.95,2344,142,657,872
10769,32692,588,40,548,40,0,-,-,40,0,0,40
10770,32693,4648,3978,670,3213,765,2.40,2.51,3978,269,1433,1780
10771,32694,1206,975,231,619,356,1.92,1.58,975,27,192,427
10772,32696,5937,5302,635,4200,1102,2.67,2.36,5302,269,2067,2133
10773,32697,127,68,59,10,58,2.60,2.09,68,7,5,5
10774,32701,12389,11274,1115,5500,5774,2.32,2.07,11274,623,3231,2269
10775,32702,1591,1228,363,763,465,2.12,1.94,1228,105,184,579
10776,32703,20826,19247,1579,12765,6482,2.84,2.76,19247,1457,9120,3645
10777,32707,16547,15695,852,10818,4877,2.41,2.32,15695,523,7189,3629
10778,32708,20376,19422,954,14498,4924,2.51,2.38,19422,581,9839,4659
10779,32709,591,546,45,479,67,2.59,-,546,56,283,196
10780,32712,17238,15902,1336,12847,3055,2.95,3.75,15902,274,9428,3419
10781,32713,9870,9149,721,8122,1027,2.36,2.83,9149,128,4737,3385
10782,32714,17225,15818,1407,7711,8107,2.44,2.35,15818,739,4687,3024
10783,32720,13634,12271,1363,8310,3961,2.60,2.59,12271,723,4734,3576
10784,32723,0,0,0,0,0,-,-,0,0,0,0
10785,32724,17567,16055,1512,11614,4441,2.41,2.41,16055,830,6149,5465
10786,32725,19237,18035,1202,13921,4114,2.71,3.00,18035,706,9606,4315
10787,32726,10667,9424,1243,6110,3314,2.45,2.40,9424,719,3758,2352
10788,32730,3109,2865,244,1056,1809,2.08,2.31,2865,151,679,377
10789,32732,2156,1817,339,1745,72,3.00,2.10,1817,0,1196,549
10790,32735,2547,2169,378,1789,380,2.26,2.66,2169,28,806,983
10791,32736,4509,4120,389,3690,430,2.81,3.20,4120,78,2182,1508
10792,32738,16618,15798,820,12456,3342,2.92,3.33,15798,295,9665,2791
10793,32744,1382,1197,185,1022,175,3.01,2.36,1197,38,543,479
10794,32746,19603,18501,1102,11862,6639,2.57,2.18,18501,453,8559,3303
10795,32750,10143,9522,621,7009,2513,2.71,2.34,9522,368,5098,1911
10796,32751,10380,9243,1137,5915,3328,2.59,2.17,9243,241,3741,2174
10797,32754,5788,4664,1124,4246,418,2.50,3.67,4664,74,2017,2229
10798,32757,13975,12268,1707,8908,3360,2.50,2.19,12268,597,5632,3276
10799,32759,1366,1014,352,843,171,2.62,1.95,1014,5,357,486
10800,32763,10894,9817,1077,6125,3692,2.51,2.22,9817,755,4053,2072
10801,32764,1253,1032,221,945,87,2.57,3.02,1032,24,400,545
10802,32765,23017,21830,1187,15894,5936,2.84,2.83,21830,546,11406,4488
10803,32766,5087,5087,0,4444,643,3.22,3.31,5087,0,3391,1053
10804,32767,1314,1110,204,966,144,2.85,2.78,1110,33,457,509
10805,32768,0,0,0,0,0,-,-,0,0,0,0
10806,32771,22246,20680,1566,13088,7592,2.86,2.55,20680,863,8910,4178
10807,32773,12557,11807,750,6529,5278,2.55,2.70,11807,779,4451,2078
10808,32775,0,0,0,0,0,-,-,0,0,0,0
10809,32776,4812,4493,319,3701,792,2.78,2.96,4493,129,2850,851
10810,32778,12375,10458,1917,7904,2554,2.08,2.26,10458,598,3387,4517
10811,32779,11625,11083,542,8925,2158,2.64,2.47,11083,377,5959,2966
10812,32780,20133,16126,4007,11493,4633,2.36,2.16,16126,600,6370,5123
10813,32784,5231,4258,973,3202,1056,2.43,2.95,4258,176,1738,1464
10814,32789,12397,11035,1362,7313,3722,2.39,1.82,11035,699,4389,2924
10815,32792,23144,20913,2231,10102,10811,2.61,2.32,20913,1406,6611,3491
10816,32796,9835,8419,1416,6840,1579,2.41,2.60,8419,407,3654,3186
10817,32798,1380,1117,263,1044,73,1.96,2.53,1117,95,272,772
10818,32801,10934,8621,2313,2393,6228,1.79,1.43,8621,788,1817,576
10819,32803,11658,10420,1238,5610,4810,2.27,1.94,10420,499,3942,1668
10820,32804,9921,8676,1245,5715,2961,2.37,1.99,8676,249,4043,1672
10821,32805,9463,6944,2519,2893,4051,2.68,2.50,6944,1174,1354,1539
10822,32806,12458,11120,1338,6947,4173,2.57,2.04,11120,520,4886,2061
10823,32807,13590,12429,1161,6215,6214,2.93,2.78,12429,911,3929,2286
10824,32808,20723,19218,1505,7854,11364,3.40,3.25,19218,2229,5652,2202
10825,32809,10761,9259,1502,4772,4487,3.33,3.31,9259,855,2758,2014
10826,32810,14696,13830,866,7034,6796,2.91,2.77,13830,721,5102,1932
10827,32811,18312,14154,4158,3830,10324,2.84,2.84,14154,1624,2094,1736
10828,32812,15274,14091,1183,7834,6257,2.69,2.57,14091,741,5167,2667
10829,32814,4429,3941,488,1602,2339,3.23,1.76,3941,66,1256,346
10830,32816,0,0,0,0,0,-,-,0,0,0,0
10831,32817,13048,11123,1925,6518,4605,2.95,3.00,11123,334,4504,2014
10832,32818,18621,17486,1135,9831,7655,3.62,3.52,17486,939,7147,2684
10833,32819,14666,10034,4632,5978,4056,2.81,2.79,10034,329,3535,2443
10834,32820,3427,3123,304,2692,431,3.41,4.62,3123,50,2145,547
10835,32821,15272,8437,6835,2823,5614,2.06,2.63,8437,270,1621,1202
10836,32822,26504,23119,3385,9697,13422,2.80,2.98,23119,1340,5393,4304
10837,32824,18678,14440,4238,10823,3617,3.63,3.81,14440,223,7928,2895
10838,32825,21704,19278,2426,12883,6395,3.21,3.04,19278,372,9650,3233
10839,32826,9729,8632,1097,4382,4250,2.52,2.73,8632,288,2681,1701
10840,32827,7009,5401,1608,3284,2117,3.22,2.57,5401,230,2489,795
10841,32828,24738,23591,1147,14906,8685,3.11,2.72,23591,581,11654,3252
10842,32829,7387,6142,1245,4566,1576,3.17,3.09,6142,144,3358,1208
10843,32830,32,22,10,22,0,2.00,-,22,0,15,7
10844,32831,52,35,17,28,7,-,-,35,0,0,28
10845,32832,11646,9545,2101,6355,3190,3.03,2.44,9545,234,4726,1629
10846,32833,3680,3271,409,2542,729,3.25,2.79,3271,56,1795,747
10847,32835,19141,17730,1411,7641,10089,2.95,2.72,17730,775,5304,2337
10848,32836,9654,7751,1903,4764,2987,2.61,3.14,7751,306,3008,1756
10849,32837,20610,15618,4992,9264,6354,3.21,3.10,15618,290,6136,3128
10850,32839,23550,16899,6651,4307,12592,3.07,2.90,16899,2037,2163,2144
10851,32899,0,0,0,0,0,-,-,0,0,0,0
10852,32901,12857,10648,2209,5116,5532,2.20,2.10,10648,1781,2458,2658
10853,32903,7422,6233,1189,5224,1009,2.35,2.04,6233,258,2745,2479
10854,32904,14793,13444,1349,11024,2420,2.65,2.27,13444,411,6690,4334
10855,32905,12431,10685,1746,5935,4750,2.47,2.36,10685,686,3001,2934
10856,32907,17356,16193,1163,13762,2431,2.83,3.33,16193,533,8968,4794
10857,32908,4514,4270,244,3740,530,3.05,3.66,4270,102,3244,496
10858,32909,12794,11530,1264,9534,1996,2.84,3.53,11530,544,6264,3270
10859,32920,8983,5906,3077,3535,2371,1.71,1.65,5906,531,1502,2033
10860,32922,8075,6505,1570,3185,3320,2.42,2.22,6505,722,1661,1524
10861,32925,508,484,24,0,484,-,2.98,484,0,0,0
10862,32926,10531,9333,1198,7461,1872,2.50,2.40,9333,538,4324,3137
10863,32927,11799,10224,1575,9048,1176,2.70,2.88,10224,178,6334,2714
10864,32931,10626,7179,3447,5111,2068,1.88,1.86,7179,419,2435,2676
10865,32934,7693,7309,384,6544,765,2.59,2.52,7309,170,3764,2780
10866,32935,19619,17254,2365,10385,6869,2.51,2.26,17254,1149,6207,4178
10867,32937,13110,11227,1883,8861,2366,2.50,2.27,11227,152,5063,3798
10868,32940,20155,18599,1556,15538,3061,2.44,2.25,18599,391,9333,6205
10869,32948,2050,1735,315,1203,532,3.35,3.66,1735,71,482,721
10870,32949,1158,962,196,923,39,2.71,2.95,962,94,507,416
10871,32950,1862,1821,41,1645,176,2.44,3.10,1821,19,884,761
10872,32951,7717,5826,1891,4878,948,2.07,1.83,5826,101,1787,3091
10873,32952,10043,8228,1815,6970,1258,2.46,2.65,8228,161,3966,3004
10874,32953,11414,9322,2092,7166,2156,2.58,2.35,9322,365,4060,3106
10875,32955,18605,15437,3168,12067,3370,2.53,2.42,15437,432,7395,4672
10876,32958,14659,12440,2219,10221,2219,2.27,2.26,12440,269,5015,5206
10877,32959,0,0,0,0,0,-,-,0,0,0,0
10878,32960,11639,9367,2272,5641,3726,2.42,2.30,9367,791,3070,2571
10879,32962,12691,9314,3377,7832,1482,2.64,3.52,9314,298,4231,3601
10880,32963,12302,7594,4708,7155,439,2.01,1.76,7594,346,1962,5193
10881,32966,11484,8651,2833,6683,1968,2.21,2.03,8651,341,2776,3907
10882,32967,11412,8791,2621,6695,2096,2.61,3.29,8791,671,3403,3292
10883,32968,6273,5440,833,4978,462,2.73,4.31,5440,59,2953,2025
10884,32970,45,45,0,18,27,5.11,4.48,45,0,0,18
10885,32976,6925,5048,1877,4842,206,1.74,1.66,5048,202,1154,3688
10886,33001,730,179,551,121,58,1.70,2.33,179,9,24,97
10887,33004,8827,7003,1824,3025,3978,2.22,2.26,7003,625,1341,1684
10888,33009,30991,20180,10811,10741,9439,1.97,2.36,20180,2181,3689,7052
10889,33010,16235,15483,752,4630,10853,3.10,2.49,15483,2367,2262,2368
10890,33012,25681,24959,722,12205,12754,2.97,2.65,24959,3138,5764,6441
10891,33013,9823,9481,342,5723,3758,3.34,2.98,9481,641,2854,2869
10892,33014,14911,14311,600,6158,8153,2.94,2.80,14311,860,3976,2182
10893,33015,23923,23078,845,11746,11332,3.09,2.87,23078,959,7778,3968
10894,33016,16026,15606,420,7995,7611,2.83,3.11,15606,1093,5061,2934
10895,33018,17192,16681,511,12295,4386,3.27,3.38,16681,481,7841,4454
10896,33019,12467,6371,6096,4790,1581,2.23,1.83,6371,235,2421,2369
10897,33020,22290,19434,2856,6372,13062,2.47,2.21,19434,2054,4107,2265
10898,33021,21515,18969,2546,12176,6793,2.60,2.58,18969,1369,7595,4581
10899,33022,0,0,0,0,0,-,-,0,0,0,0
10900,33023,22198,20812,1386,13648,7164,3.51,3.26,20812,1052,10106,3542
10901,33024,26056,24329,1727,15640,8689,3.06,3.00,24329,1406,10835,4805
10902,33025,29409,26946,2463,12103,14843,2.85,2.47,26946,1160,5594,6509
10903,33026,12558,12071,487,9672,2399,2.58,2.79,12071,606,5965,3707
10904,33027,25725,24219,1506,19076,5143,2.64,2.47,24219,2421,8483,10593
10905,33028,9177,8730,447,6613,2117,3.20,3.00,8730,109,4978,1635
10906,33029,13805,13150,655,11903,1247,3.43,3.46,13150,152,8971,2932
10907,33030,10949,10199,750,3800,6399,3.61,3.62,10199,1353,2329,1471
10908,33031,2755,2690,65,2417,273,3.50,2.59,2690,28,1505,912
10909,33032,16761,16043,718,9401,6642,3.53,3.20,16043,1033,7519,1882
10910,33033,19676,19036,640,10562,8474,3.55,3.46,19036,1048,7519,3043
10911,33034,6022,5448,574,1801,3647,3.64,3.87,5448,617,627,1174
10912,33035,5828,5287,541,2585,2702,2.99,3.07,5287,81,1714,871
10913,33036,3651,1792,1859,1428,364,2.11,2.09,1792,38,717,711
10914,33037,10165,5159,5006,3986,1173,2.19,2.75,5159,180,1626,2360
10915,33039,0,0,0,0,0,-,-,0,0,0,0
10916,33040,18696,14608,4088,6885,7723,2.49,2.46,14608,1749,3421,3464
10917,33042,4818,2908,1910,2274,634,2.37,2.63,2908,27,1100,1174
10918,33043,2729,1896,833,1498,398,2.38,2.94,1896,42,628,870
10919,33050,7308,4299,3009,2362,1937,2.22,2.57,4299,318,976,1386
10920,33051,1287,410,877,281,129,1.75,1.96,410,0,124,157
10921,33054,10598,10164,434,4740,5424,3.55,2.70,10164,1465,2854,1886
10922,33055,11939,11464,475,8897,2567,3.37,3.40,11464,701,5505,3392
10923,33056,11582,10925,657,7176,3749,3.34,3.53,10925,898,4831,2345
10924,33060,15795,13959,1836,7074,6885,2.57,2.76,13959,1742,3753,3321
10925,33062,22026,13274,8752,9118,4156,1.86,1.60,13274,1322,3583,5535
10926,33063,27923,24961,2962,17789,7172,2.22,2.13,24961,1717,10547,7242
10927,33064,26040,22668,3372,14100,8568,2.53,2.85,22668,1271,8485,5615
10928,33065,20943,19546,1397,9810,9736,3.06,3.11,19546,1468,6675,3135
10929,33066,10420,8453,1967,7067,1386,1.86,2.15,8453,997,3116,3951
10930,33067,8843,8380,463,6149,2231,3.21,2.63,8380,72,4366,1783
10931,33068,19901,18539,1362,10720,7819,2.91,2.72,18539,688,7621,3099
10932,33069,15505,11115,4390,5079,6036,2.14,2.50,11115,927,2395,2684
10933,33070,4301,2378,1923,1765,613,2.35,2.11,2378,49,944,821
10934,33071,13973,13401,572,9051,4350,2.94,2.89,13401,302,6632,2419
10935,33073,12543,11655,888,6538,5117,3.03,2.68,11655,530,4809,1729
10936,33076,13641,12833,808,11176,1657,3.36,2.72,12833,499,8481,2695
10937,33101,0,0,0,0,0,-,-,0,0,0,0
10938,33109,772,258,514,242,16,2.13,3.31,258,0,42,200
10939,33122,933,724,209,79,645,4.66,2.18,724,83,40,39
10940,33125,22200,20956,1244,5388,15568,3.01,2.35,20956,4223,3045,2343
10941,33126,19307,18017,1290,6597,11420,2.65,2.66,18017,1809,3948,2649
10942,33127,11449,9891,1558,2939,6952,3.19,2.72,9891,2341,1542,1397
10943,33128,3985,3577,408,117,3460,4.48,2.21,3577,1386,53,64
10944,33129,8330,6906,1424,3112,3794,2.31,1.89,6906,509,1694,1418
10945,33130,19345,16124,3221,1695,14429,2.01,1.96,16124,3764,1122,573
10946,33131,18297,12296,6001,3804,8492,1.91,1.80,12296,1483,2118,1686
10947,33132,10592,8126,2466,2132,5994,1.61,1.77,8126,810,1350,782
10948,33133,16936,14203,2733,7314,6889,2.49,2.34,14203,1209,3968,3346
10949,33134,18610,16171,2439,8964,7207,2.62,2.15,16171,1478,4614,4350
10950,33135,15508,14245,1263,3110,11135,2.88,2.33,14245,3265,1389,1721
10951,33136,7494,6634,860,731,5903,2.50,2.18,6634,2026,488,243
10952,33137,13257,10405,2852,2592,7813,2.37,2.07,10405,1348,1577,1015
10953,33138,14392,12766,1626,6227,6539,2.60,2.10,12766,1856,4005,2222
10954,33139,30329,19898,10431,5933,13965,1.71,1.78,19898,6654,2789,3144
10955,33140,16718,8709,8009,4839,3870,2.55,2.08,8709,1024,2272,2567
10956,33141,21544,16538,5006,5566,10972,2.22,2.12,16538,2895,3146,2420
10957,33142,21774,20091,1683,5500,14591,3.16,2.70,20091,4285,3098,2402
10958,33143,14140,12669,1471,7191,5478,2.64,2.16,12669,839,3752,3439
10959,33144,10073,9535,538,5242,4293,3.08,2.83,9535,747,2844,2398
10960,33145,12682,11459,1223,5752,5707,2.48,2.53,11459,949,2802,2950
10961,33146,6083,5160,923,3533,1627,2.46,1.96,5160,591,1922,1611
10962,33147,15998,14747,1251,6957,7790,3.39,2.90,14747,2026,3966,2991
10963,33149,7516,4601,2915,3185,1416,3.21,3.09,4601,125,1640,1545
10964,33150,12219,11030,1189,3151,7879,3.31,2.84,11030,2464,1916,1235
10965,33154,10294,5687,4607,3431,2256,2.46,2.74,5687,449,1640,1791
10966,33155,15720,14866,854,10052,4814,2.94,3.02,14866,777,6072,3980
10967,33156,13193,11749,1444,8462,3287,3.01,2.31,11749,512,5044,3418
10968,33157,21923,20554,1369,13612,6942,3.51,3.01,20554,1374,9436,4176
10969,33158,2266,2017,249,1915,102,3.08,4.30,2017,43,1198,717
10970,33160,36480,20050,16430,11792,8258,2.06,2.14,20050,2105,4724,7068
10971,33161,18887,17264,1623,7279,9985,3.40,2.73,17264,2115,4878,2401
10972,33162,16003,14605,1398,7709,6896,3.58,2.88,14605,1184,4930,2779
10973,33165,17683,17042,641,12329,4713,3.02,3.25,17042,923,6409,5920
10974,33166,10217,9418,799,4880,4538,2.62,2.44,9418,399,2844,2036
10975,33167,6846,6537,309,3901,2636,3.76,2.80,6537,950,2558,1343
10976,33168,7068,6687,381,5020,1667,3.62,3.40,6687,455,3348,1672
10977,33169,14073,12858,1215,6932,5926,3.57,2.78,12858,1056,5068,1864
10978,33170,4575,4201,374,2471,1730,3.19,3.27,4201,331,1701,770
10979,33172,16091,14604,1487,6709,7895,2.64,2.94,14604,770,3878,2831
10980,33173,12252,11644,608,8012,3632,2.73,2.80,11644,351,5518,2494
10981,33174,11426,11170,256,5748,5422,2.71,2.95,11170,960,3308,2440
10982,33175,17494,17019,475,12823,4196,2.95,3.22,17019,558,7085,5738
10983,33176,19869,18635,1234,11907,6728,2.95,2.63,18635,1137,6905,5002
10984,33177,16517,16052,465,11957,4095,3.58,3.14,16052,541,8505,3452
10985,33178,22185,19069,3116,9169,9900,3.22,3.27,19069,833,6108,3061
10986,33179,20183,17863,2320,10156,7707,2.72,2.45,17863,984,6565,3591
10987,33180,22583,14528,8055,9559,4969,2.26,2.23,14528,1056,4641,4918
10988,33181,9393,8164,1229,3350,4814,2.22,2.54,8164,874,1885,1465
10989,33182,4237,4106,131,3369,737,3.12,3.29,4106,31,2209,1160
10990,33183,12802,12472,330,7926,4546,2.70,2.89,12472,197,5114,2812
10991,33184,6808,6455,353,4592,1863,3.41,3.11,6455,290,2352,2240
10992,33185,8989,8799,190,7200,1599,3.26,3.77,8799,129,5250,1950
10993,33186,23693,22617,1076,15414,7203,2.99,2.98,22617,473,10843,4571
10994,33187,5771,5523,248,4849,674,3.32,3.93,5523,55,3308,1541
10995,33189,8663,8156,507,4564,3592,3.15,2.69,8156,693,3231,1333
10996,33190,5250,5118,132,2472,2646,3.28,3.42,5118,116,2099,373
10997,33193,15987,15548,439,9491,6057,3.06,3.03,15548,627,7211,2280
10998,33194,2093,2093,0,1608,485,3.46,3.68,2093,0,1305,303
10999,33196,17104,16601,503,11335,5266,3.39,3.19,16601,453,7949,3386
11000,33301,12636,9170,3466,3644,5526,1.93,1.49,9170,490,2005,1639
11001,33304,12683,9530,3153,3642,5888,1.94,1.83,9530,929,2137,1505
11002,33305,8065,6640,1425,4505,2135,1.94,1.79,6640,254,2524,1981
11003,33306,2285,1843,442,1349,494,1.80,1.35,1843,154,703,646
11004,33308,23703,15638,8065,10975,4663,1.91,1.58,15638,1219,5232,5743
11005,33309,15101,14066,1035,8246,5820,2.76,2.93,14066,942,5549,2697
11006,33311,27714,24737,2977,11141,13596,2.76,3.07,24737,2890,5941,5200
11007,33312,21379,18490,2889,11267,7223,2.92,2.84,18490,1220,7508,3759
11008,33313,25213,21780,3433,9381,12399,2.98,2.83,21780,3145,6025,3356
11009,33314,11483,10435,1048,3889,6546,2.45,2.73,10435,426,2313,1576
11010,33315,6991,5895,1096,3510,2385,2.09,2.39,5895,335,2153,1357
11011,33316,8498,5552,2946,3168,2384,1.95,1.97,5552,304,1729,1439
11012,33317,13550,12762,788,9621,3141,2.86,2.99,12762,313,6441,3180
11013,33319,25170,20733,4437,13417,7316,2.32,2.66,20733,2334,7910,5507
11014,33321,23867,21625,2242,15877,5748,2.24,2.56,21625,1521,8466,7411
11015,33322,21244,18399,2845,15467,2932,2.17,2.24,18399,1389,8090,7377
11016,33323,9104,8319,785,5754,2565,2.95,2.38,8319,336,3802,1952
11017,33324,22019,19516,2503,11296,8220,2.45,2.63,19516,665,6539,4757
11018,33325,11155,10364,791,7839,2525,3.02,3.05,10364,208,4517,3322
11019,33326,12967,10655,2312,7642,3013,2.85,3.30,10655,226,5001,2641
11020,33327,6617,6557,60,5182,1375,3.51,3.94,6557,130,3584,1598
11021,33328,10562,9940,622,8009,1931,2.89,2.65,9940,207,5547,2462
11022,33330,4848,4614,234,4359,255,3.01,4.88,4614,60,2738,1621
11023,33331,7740,7454,286,6278,1176,3.34,3.54,7454,52,4307,1971
11024,33332,3519,3393,126,2973,420,3.33,3.70,3393,21,2195,778
11025,33334,14033,12730,1303,7351,5379,2.23,2.40,12730,1046,4363,2988
11026,33351,13527,12589,938,7229,5360,2.89,2.47,12589,836,5292,1937
11027,33388,0,0,0,0,0,-,-,0,0,0,0
11028,33401,17766,13578,4188,4704,8874,2.12,2.20,13578,1808,2115,2589
11029,33403,5798,4922,876,2181,2741,3.03,2.73,4922,340,1458,723
11030,33404,16262,11356,4906,6016,5340,2.43,2.92,11356,929,2599,3417
11031,33405,9245,8368,877,4898,3470,2.51,2.55,8368,619,2645,2253
11032,33406,9181,8451,730,5683,2768,2.81,3.11,8451,303,3253,2430
11033,33407,14657,12174,2483,5748,6426,2.51,2.69,12174,1563,3463,2285
11034,33408,13349,9535,3814,7517,2018,1.99,1.76,9535,482,3562,3955
11035,33409,13369,11569,1800,5080,6489,2.89,2.70,11569,609,3156,1924
11036,33410,17555,15085,2470,10629,4456,2.36,2.29,15085,878,5883,4746
11037,33411,29662,27024,2638,20452,6572,2.71,2.84,27024,897,13303,7149
11038,33412,6489,5551,938,4699,852,2.75,2.69,5551,95,2657,2042
11039,33413,5901,5421,480,3634,1787,3.15,3.04,5421,130,2632,1002
11040,33414,22262,19306,2956,14587,4719,3.04,2.99,19306,636,9748,4839
11041,33415,20321,18184,2137,10640,7544,2.80,2.89,18184,1007,5889,4751
11042,33417,20280,16050,4230,9014,7036,2.08,2.35,16050,1820,3597,5417
11043,33418,21731,18010,3721,14028,3982,2.37,2.23,18010,610,7360,6668
11044,33426,11464,9992,1472,6134,3858,2.38,2.26,9992,509,3781,2353
11045,33428,17259,15775,1484,10922,4853,2.80,2.87,15775,995,6092,4830
11046,33430,7509,6524,985,2289,4235,3.16,2.97,6524,1172,834,1455
11047,33431,9099,7546,1553,5406,2140,2.30,2.97,7546,300,2656,2750
11048,33432,14797,10287,4510,6166,4121,2.05,1.84,10287,388,2432,3734
11049,33433,23320,19372,3948,13796,5576,2.22,2.01,19372,1318,7270,6526
11050,33434,13499,10331,3168,8110,2221,2.04,2.00,10331,875,2699,5411
11051,33435,19286,14236,5050,8551,5685,2.39,2.81,14236,982,4095,4456
11052,33436,23204,19144,4060,14071,5073,2.32,2.79,19144,950,7161,6910
11053,33437,21636,18053,3583,15676,2377,2.03,2.58,18053,535,6658,9018
11054,33438,234,153,81,116,37,2.89,2.59,153,51,63,53
11055,33440,8155,6985,1170,4878,2107,2.76,2.85,6985,702,2023,2855
11056,33441,15411,12682,2729,6548,6134,2.30,2.31,12682,1464,3330,3218
11057,33442,21310,15358,5952,10250,5108,2.00,2.13,15358,1982,4132,6118
11058,33444,10099,8984,1115,4694,4290,2.53,2.70,8984,558,2935,1759
11059,33445,17395,13796,3599,9690,4106,2.18,2.17,13796,780,4829,4861
11060,33446,17696,13680,4016,12113,1567,1.95,2.00,13680,714,4249,7864
11061,33449,3649,3265,384,3103,162,2.98,3.48,3265,29,2183,920
11062,33455,11721,9399,2322,8007,1392,2.19,2.20,9399,479,3522,4485
11063,33458,22759,20913,1846,15471,5442,2.66,2.67,20913,811,10072,5399
11064,33460,14002,12328,1674,5358,6970,2.63,3.11,12328,1782,3204,2154
11065,33461,18212,15771,2441,7644,8127,2.82,3.11,15771,1133,4337,3307
11066,33462,15652,12727,2925,7847,4880,2.61,2.40,12727,988,4418,3429
11067,33463,22817,20371,2446,14336,6035,3.18,3.31,20371,864,9237,5099
11068,33467,24669,21173,3496,18510,2663,2.60,2.45,21173,1070,10487,8023
11069,33469,8598,6711,1887,5884,827,2.24,1.74,6711,92,2581,3303
11070,33470,9639,8961,678,8116,845,3.16,3.70,8961,187,5970,2146
11071,33471,3368,2380,988,1815,565,2.16,2.48,2380,51,501,1314
11072,33472,8871,8020,851,7558,462,2.37,2.87,8020,319,4249,3309
11073,33473,4735,4116,619,3958,158,2.74,3.82,4116,96,2410,1548
11074,33476,2319,2083,236,731,1352,3.50,2.88,2083,486,285,446
11075,33477,11015,6532,4483,5694,838,1.80,1.74,6532,272,2343,3351
11076,33478,5587,5132,455,4984,148,2.98,1.44,5132,62,3218,1766
11077,33480,12325,6436,5889,5361,1075,1.71,1.73,6436,236,1381,3980
11078,33483,9620,6584,3036,4510,2074,1.94,1.84,6584,311,1942,2568
11079,33484,18998,14639,4359,11709,2930,1.76,1.87,14639,1493,4191,7518
11080,33486,9967,8816,1151,6464,2352,2.50,2.51,8816,749,3981,2483
11081,33487,13457,9859,3598,7196,2663,2.24,2.09,9859,325,3757,3439
11082,33493,969,860,109,488,372,3.44,2.99,860,98,186,302
11083,33496,11962,10121,1841,8507,1614,2.27,2.36,10121,264,3729,4778
11084,33498,6034,5742,292,5158,584,2.84,3.63,5742,98,3351,1807
11085,33503,77,77,0,57,20,2.25,7.05,77,0,45,12
11086,33510,11965,11312,653,6859,4453,2.68,2.49,11312,426,4697,2162
11087,33511,24098,22233,1865,11906,10327,2.84,2.41,22233,1031,8412,3494
11088,33513,5222,4138,1084,3237,901,2.40,3.20,4138,105,1402,1835
11089,33514,835,761,74,461,300,3.48,2.63,761,19,143,318
11090,33521,322,206,116,147,59,3.15,2.25,206,33,60,87
11091,33523,7794,6552,1242,4748,1804,2.68,3.26,6552,385,2240,2508
11092,33525,8046,6860,1186,5010,1850,2.52,2.75,6860,329,2382,2628
11093,33527,5777,5359,418,4004,1355,2.91,3.37,5359,277,2285,1719
11094,33530,0,0,0,0,0,-,-,0,0,0,0
11095,33534,5985,5520,465,3810,1710,3.13,3.46,5520,234,2787,1023
11096,33538,3019,2305,714,1789,516,2.23,1.92,2305,95,761,1028
11097,33540,5476,4539,937,3665,874,2.25,2.17,4539,363,1245,2420
11098,33541,13715,9991,3724,8254,1737,2.02,2.98,9991,393,2838,5416
11099,33542,13458,10393,3065,7268,3125,2.01,2.61,10393,812,2433,4835
11100,33543,12350,11371,979,9592,1779,2.80,3.22,11371,146,6988,2604
11101,33544,9967,9437,530,6553,2884,3.09,2.78,9437,193,4715,1838
11102,33545,7678,7199,479,5717,1482,3.22,3.18,7199,218,4525,1192
11103,33547,9759,9100,659,7340,1760,3.19,3.22,9100,134,5412,1928
11104,33548,2766,2688,78,2340,348,2.83,2.20,2688,55,1556,784
11105,33549,7732,7376,356,5801,1575,2.53,2.45,7376,246,3485,2316
11106,33550,0,0,0,0,0,-,-,0,0,0,0
11107,33556,10444,9714,730,8497,1217,2.94,2.24,9714,136,6045,2452
11108,33558,10548,9958,590,7295,2663,2.93,2.24,9958,167,5169,2126
11109,33559,6651,6335,316,4002,2333,2.85,2.54,6335,61,2985,1017
11110,33563,10867,9940,927,5638,4302,2.70,2.69,9940,657,2834,2804
11111,33565,6696,6086,610,4915,1171,2.67,3.44,6086,109,2389,2526
11112,33566,8059,7752,307,5423,2329,3.01,2.53,7752,122,3520,1903
11113,33567,4057,3769,288,3091,678,2.93,3.43,3769,113,1985,1106
11114,33569,10049,9421,628,7742,1679,2.74,2.84,9421,287,5660,2082
11115,33570,12549,10296,2253,7465,2831,2.98,2.77,10296,394,4556,2909
11116,33572,9423,8767,656,7376,1391,2.56,2.80,8767,112,5249,2127
11117,33573,15736,13640,2096,11133,2507,1.97,1.49,13640,1272,5127,6006
11118,33574,0,0,0,0,0,-,-,0,0,0,0
11119,33576,2563,2317,246,2122,195,1.96,2.50,2317,60,1030,1092
11120,33578,24060,22071,1989,12443,9628,2.49,2.39,22071,692,9520,2923
11121,33579,13313,12506,807,9413,3093,3.21,3.00,12506,178,7820,1593
11122,33584,10301,9582,719,7148,2434,2.69,3.01,9582,509,4322,2826
11123,33585,608,484,124,380,104,2.60,2.39,484,0,207,173
11124,33592,4712,4055,657,2672,1383,3.00,2.71,4055,306,1348,1324
11125,33594,13755,13077,678,10174,2903,2.72,2.86,13077,273,6503,3671
11126,33596,10649,10198,451,8519,1679,2.91,3.18,10198,198,5875,2644
11127,33597,3888,3187,701,2600,587,2.70,2.34,3187,164,1343,1257
11128,33598,8353,7705,648,6485,1220,3.17,4.47,7705,107,4058,2427
11129,33602,10344,8892,1452,3072,5820,1.90,1.71,8892,976,2199,873
11130,33603,9494,8560,934,5050,3510,2.44,2.23,8560,848,3679,1371
11131,33604,16771,15302,1469,8620,6682,2.55,2.49,15302,1723,5463,3157
11132,33605,8557,7140,1417,2502,4638,2.55,2.03,7140,1403,1495,1007
11133,33606,10058,8693,1365,3752,4941,2.53,1.67,8693,494,2559,1193
11134,33607,12485,10694,1791,4462,6232,2.68,1.95,10694,1076,2316,2146
11135,33609,9085,8330,755,5121,3209,2.40,1.79,8330,358,3397,1724
11136,33610,18098,16775,1323,7749,9026,2.51,3.03,16775,2212,4365,3384
11137,33611,17580,16136,1444,8914,7222,2.35,1.79,16136,1034,6046,2868
11138,33612,20643,18746,1897,6640,12106,2.65,2.58,18746,3866,4057,2583
11139,33613,17860,15808,2052,4700,11108,2.41,2.20,15808,2375,2522,2178
11140,33614,19547,18410,1137,7364,11046,2.69,2.47,18410,1232,4449,2915
11141,33615,20242,18494,1748,9917,8577,2.66,2.49,18494,983,6350,3567
11142,33616,6651,6086,565,3097,2989,2.50,2.27,6086,183,2132,965
11143,33617,20854,19168,1686,7675,11493,2.48,2.37,19168,1912,4812,2863
11144,33618,12656,11957,699,7932,4025,2.43,1.97,11957,629,4569,3363
11145,33619,15102,14074,1028,7323,6751,2.86,2.60,14074,1005,4620,2703
11146,33620,22,10,12,0,10,-,-,10,0,0,0
11147,33621,611,536,75,0,536,-,3.99,536,6,0,0
11148,33624,16100,15533,567,10104,5429,2.68,2.53,15533,500,7012,3092
11149,33625,11746,11133,613,7519,3614,2.50,2.66,11133,404,5274,2245
11150,33626,12188,11518,670,8022,3496,2.72,2.33,11518,453,5812,2210
11151,33629,11059,10163,896,7971,2192,2.76,1.86,10163,209,5111,2860
11152,33634,8307,7839,468,4418,3421,2.96,3.09,7839,241,2709,1709
11153,33635,8466,7624,842,4624,3000,2.78,2.40,7624,121,2638,1986
11154,33637,7833,7236,597,3190,4046,2.96,2.24,7236,285,1953,1237
11155,33647,26694,25206,1488,14554,10652,3.04,2.58,25206,590,10092,4462
11156,33701,13113,9405,3708,3627,5778,1.95,1.47,9405,1390,2172,1455
11157,33702,16399,14241,2158,9350,4891,2.31,2.08,14241,1077,4783,4567
11158,33703,12335,11132,1203,8868,2264,2.29,2.77,11132,443,5305,3563
11159,33704,8905,7689,1216,5374,2315,2.31,1.57,7689,388,3400,1974
11160,33705,15031,11145,3886,6656,4489,2.46,2.08,11145,1366,3862,2794
11161,33706,13764,8273,5491,6284,1989,1.98,1.52,8273,399,2697,3587
11162,33707,16645,12659,3986,8597,4062,1.96,1.89,12659,963,4086,4511
11163,33708,13596,7747,5849,5793,1954,1.95,1.80,7747,447,2774,3019
11164,33709,14037,10493,3544,7936,2557,2.14,2.22,10493,661,3502,4434
11165,33710,16487,14176,2311,11411,2765,2.42,2.30,14176,505,6767,4644
11166,33711,9046,6180,2866,4109,2071,2.48,3.08,6180,624,2453,1656
11167,33712,12692,9340,3352,5301,4039,2.64,2.54,9340,762,3303,1998
11168,33713,15722,14053,1669,9714,4339,2.38,2.10,14053,1028,6116,3598
11169,33714,9959,8172,1787,5177,2995,2.32,2.69,8172,763,2468,2709
11170,33715,7041,3672,3369,3289,383,2.06,2.27,3672,63,1403,1886
11171,33716,11115,9557,1558,1879,7678,1.95,1.88,9557,467,814,1065
11172,33744,0,0,0,0,0,-,-,0,0,0,0
11173,33755,11823,10529,1294,5969,4560,2.61,2.33,10529,1180,3989,1980
11174,33756,15581,13378,2203,7887,5491,2.40,2.41,13378,2257,4577,3310
11175,33759,8814,7746,1068,4154,3592,2.08,2.36,7746,768,1807,2347
11176,33760,8641,7524,1117,3374,4150,2.33,2.34,7524,783,1679,1695
11177,33761,9954,8881,1073,6897,1984,2.06,2.50,8881,607,3194,3703
11178,33762,3179,2655,524,2069,586,2.11,1.77,2655,144,1139,930
11179,33763,11464,9755,1709,7059,2696,2.11,2.05,9755,759,2880,4179
11180,33764,14902,12091,2811,8280,3811,2.34,2.12,12091,971,3838,4442
11181,33765,7028,6526,502,3555,2971,2.17,2.49,6526,619,1671,1884
11182,33767,8923,4120,4803,3358,762,1.91,1.59,4120,111,1199,2159
11183,33770,13312,11275,2037,6895,4380,2.32,2.23,11275,1143,3286,3609
11184,33771,16772,12788,3984,7713,5075,2.02,2.33,12788,973,2616,5097
11185,33772,11953,9904,2049,7235,2669,2.34,2.35,9904,652,3587,3648
11186,33773,8265,7043,1222,5387,1656,2.43,2.35,7043,341,2881,2506
11187,33774,10445,8330,2115,6438,1892,2.29,2.59,8330,602,3595,2843
11188,33776,5506,5004,502,4555,449,2.63,2.50,5004,94,2671,1884
11189,33777,8299,7057,1242,5972,1085,2.39,2.47,7057,241,3185,2787
11190,33778,7865,6219,1646,5130,1089,2.58,2.32,6219,309,2671,2459
11191,33781,12252,10384,1868,6507,3877,2.55,2.61,10384,971,3756,2751
11192,33782,10579,9249,1330,6868,2381,2.35,2.50,9249,482,3588,3280
11193,33785,5856,2477,3379,1879,598,2.01,1.84,2477,122,888,991
11194,33786,1162,718,444,647,71,2.23,2.34,718,13,323,324
11195,33801,15078,11630,3448,5786,5844,2.42,2.65,11630,1060,2489,3297
11196,33803,14737,11878,2859,7328,4550,2.40,2.50,11878,812,3563,3765
11197,33805,11003,9473,1530,4408,5065,2.65,2.58,9473,1029,2173,2235
11198,33809,12510,11272,1238,7321,3951,2.68,2.64,11272,579,4046,3275
11199,33810,21356,18926,2430,14258,4668,2.66,2.87,18926,706,7436,6822
11200,33811,9586,8554,1032,6612,1942,2.90,2.58,8554,140,4249,2363
11201,33812,5399,4556,843,3525,1031,3.06,3.26,4556,156,2426,1099
11202,33813,14325,13391,934,10401,2990,2.84,2.86,13391,256,6830,3571
11203,33815,7543,6004,1539,3384,2620,2.21,2.83,6004,701,713,2671
11204,33823,13779,12068,1711,8475,3593,2.85,3.28,12068,724,4548,3927
11205,33825,12098,9905,2193,7206,2699,2.29,2.46,9905,424,2535,4671
11206,33827,1257,879,378,774,105,2.86,3.04,879,0,499,275
11207,33830,11419,9917,1502,6537,3380,2.92,2.74,9917,568,3752,2785
11208,33834,2092,1652,440,1088,564,3.37,2.69,1652,39,388,700
11209,33835,29,29,0,0,29,-,2.21,29,0,0,0
11210,33837,15979,11775,4204,9461,2314,2.80,3.42,11775,330,6635,2826
11211,33838,1864,1492,372,1007,485,3.13,3.95,1492,72,579,428
11212,33839,1571,1260,311,941,319,3.41,3.17,1260,42,568,373
11213,33840,49,23,26,0,23,-,2.91,23,0,0,0
11214,33841,3651,2841,810,2160,681,2.83,2.84,2841,241,881,1279
11215,33843,5817,3942,1875,3297,645,2.41,2.95,3942,103,968,2329
11216,33844,19852,14563,5289,10157,4406,2.83,3.40,14563,972,4761,5396
11217,33847,102,102,0,78,24,2.77,3.00,102,4,23,55
11218,33848,342,209,133,130,79,5.44,4.20,209,45,28,102
11219,33849,262,168,94,126,42,2.79,4.33,168,13,38,88
11220,33850,4309,3175,1134,2263,912,2.87,2.20,3175,242,1323,940
11221,33851,355,255,100,228,27,3.25,2.33,255,0,173,55
11222,33852,13031,8995,4036,7208,1787,2.18,2.63,8995,400,2501,4707
11223,33853,5277,4452,825,2364,2088,2.90,2.14,4452,624,1460,904
11224,33854,671,273,398,85,188,2.81,1.55,273,63,17,68
11225,33855,37,37,0,37,0,3.03,-,37,0,0,37
11226,33856,497,235,262,6,229,-,1.27,235,0,0,6
11227,33857,1095,619,476,473,146,1.78,2.47,619,16,112,361
11228,33858,234,188,46,77,111,3.17,4.95,188,0,20,57
11229,33859,5589,4263,1326,3219,1044,2.31,2.53,4263,233,1221,1998
11230,33860,9747,8556,1191,5756,2800,2.92,3.40,8556,272,3673,2083
11231,33865,291,291,0,211,80,3.72,2.59,291,16,107,104
11232,33867,125,90,35,90,0,1.54,-,90,0,12,78
11233,33868,5282,4146,1136,3606,540,2.77,3.63,4146,63,2001,1605
11234,33870,13995,10974,3021,7398,3576,2.12,2.45,10974,882,2899,4499
11235,33872,7638,5834,1804,5081,753,2.13,2.66,5834,225,2306,2775
11236,33873,5619,4741,878,2996,1745,2.69,2.74,4741,242,1247,1749
11237,33875,5403,4734,669,3783,951,2.29,2.04,4734,76,1451,2332
11238,33876,3173,2501,672,2129,372,2.34,2.97,2501,111,738,1391
11239,33877,195,125,70,125,0,1.26,-,125,0,34,91
11240,33880,16830,14590,2240,9202,5388,2.97,2.95,14590,1062,5006,4196
11241,33881,16665,13437,3228,9371,4066,2.36,3.17,13437,1156,4235,5136
11242,33884,15782,13607,2175,10354,3253,2.64,2.60,13607,305,6236,4118
11243,33890,1841,1400,441,1079,321,3.21,4.01,1400,28,431,648
11244,33896,9565,6471,3094,3078,3393,2.71,2.80,6471,160,2211,867
11245,33897,13281,8803,4478,5959,2844,2.72,3.38,8803,258,3851,2108
11246,33898,9446,6670,2776,5494,1176,2.21,3.42,6670,229,1855,3639
11247,33901,11163,9246,1917,3772,5474,2.55,2.22,9246,1691,1855,1917
11248,33903,15362,10902,4460,8739,2163,1.94,2.06,10902,705,2520,6219
11249,33904,20255,14605,5650,11214,3391,2.09,2.35,14605,759,5838,5376
11250,33905,15910,13046,2864,8575,4471,2.68,3.05,13046,1056,4072,4503
11251,33907,13757,10805,2952,4427,6378,2.18,2.37,10805,1306,2195,2232
11252,33908,31475,18899,12576,13211,5688,1.98,1.69,18899,1339,5253,7958
11253,33909,12846,11751,1095,8274,3477,2.98,2.57,11751,363,5759,2515
11254,33912,11752,8609,3143,7361,1248,2.22,2.44,8609,192,3203,4158
11255,33913,14145,10000,4145,8706,1294,2.52,2.45,10000,214,4559,4147
11256,33914,21985,17216,4769,13901,3315,2.44,2.47,17216,539,8947,4954
11257,33916,11873,9339,2534,3175,6164,2.60,2.75,9339,1326,1389,1786
11258,33917,18124,13709,4415,11209,2500,2.11,2.54,13709,956,3663,7546
11259,33919,18996,14015,4981,10603,3412,2.05,2.04,14015,671,4901,5702
11260,33920,2799,2401,398,2224,177,2.79,1.45,2401,48,1337,887
11261,33921,1803,435,1368,410,25,1.72,1.96,435,0,92,318
11262,33922,2829,1779,1050,1497,282,2.34,2.57,1779,78,548,949
11263,33924,1856,35,1821,35,0,1.54,-,35,0,12,23
11264,33928,19687,13072,6615,11142,1930,2.17,2.29,13072,230,4996,6146
11265,33930,384,292,92,226,66,2.10,1.55,292,0,99,127
11266,33931,14661,4695,9966,4231,464,1.97,1.75,4695,183,1275,2956
11267,33935,8079,6924,1155,4993,1931,3.00,3.08,6924,313,1961,3032
11268,33936,10400,9360,1040,5925,3435,2.79,3.09,9360,747,3338,2587
11269,33944,144,106,38,106,0,1.72,-,106,0,15,91
11270,33946,3037,1374,1663,1267,107,2.06,2.09,1374,25,336,931
11271,33947,6508,4885,1623,3827,1058,2.04,1.60,4885,228,1757,2070
11272,33948,9351,7666,1685,6523,1143,2.23,2.45,7666,253,3334,3189
11273,33950,15867,11693,4174,9581,2112,2.05,2.03,11693,475,3548,6033
11274,33952,17126,14601,2525,10767,3834,2.37,2.20,14601,1214,6039,4728
11275,33953,3967,3037,930,2946,91,2.31,3.08,3037,78,1220,1726
11276,33954,4402,4108,294,3183,925,2.45,2.64,4108,12,1896,1287
11277,33955,6746,4684,2062,4413,271,2.18,1.66,4684,153,1701,2712
11278,33956,3529,1719,1810,1531,188,1.99,2.65,1719,43,672,859
11279,33957,8611,3471,5140,3114,357,1.90,1.39,3471,51,1413,1701
11280,33960,505,304,201,263,41,2.09,1.29,304,30,105,158
11281,33965,0,0,0,0,0,-,-,0,0,0,0
11282,33966,6165,4491,1674,3118,1373,2.04,2.44,4491,85,1658,1460
11283,33967,10775,9185,1590,6816,2369,2.78,3.26,9185,221,4659,2157
11284,33971,8333,7847,486,5996,1851,3.58,3.52,7847,232,4586,1410
11285,33972,5013,4405,608,3418,987,3.30,3.64,4405,93,2411,1007
11286,33973,4342,4037,305,830,3207,2.75,3.98,4037,257,522,308
11287,33974,5627,5180,447,3384,1796,3.63,3.84,5180,119,2588,796
11288,33976,4995,4708,287,3225,1483,3.68,3.54,4708,84,2425,800
11289,33980,8139,6038,2101,4740,1298,2.12,2.19,6038,660,1980,2760
11290,33981,6980,5448,1532,4882,566,2.30,2.55,5448,25,2402,2480
11291,33982,5194,4157,1037,3564,593,2.17,2.33,4157,106,1527,2037
11292,33983,8424,6812,1612,5660,1152,2.27,2.15,6812,124,3302,2358
11293,33990,15336,12993,2343,9306,3687,2.56,3.06,12993,562,6274,3032
11294,33991,10715,9004,1711,7159,1845,2.59,2.81,9004,136,4808,2351
11295,33993,11098,9987,1111,8403,1584,2.95,2.93,9987,257,5573,2830
11296,34101,0,0,0,0,0,-,-,0,0,0,0
11297,34102,9434,5334,4100,3864,1470,1.98,1.97,5334,421,1155,2709
11298,34103,10413,5535,4878,4580,955,1.92,2.51,5535,126,1861,2719
11299,34104,15398,10888,4510,7271,3617,2.08,2.40,10888,341,3320,3951
11300,34105,11415,7766,3649,4963,2803,2.09,2.17,7766,225,2228,2735
11301,34108,14995,8389,6606,7103,1286,1.87,2.57,8389,209,2454,4649
11302,34109,15618,11908,3710,8396,3512,2.31,1.86,11908,759,4430,3966
11303,34110,17724,12584,5140,9146,3438,1.96,1.92,12584,1044,4078,5068
11304,34112,20038,12938,7100,10014,2924,1.87,2.38,12938,410,3722,6292
11305,34113,15564,10341,5223,7241,3100,2.31,2.40,10341,412,3429,3812
11306,34114,14198,8634,5564,7142,1492,2.11,2.20,8634,203,2674,4468
11307,34116,11304,10541,763,5697,4844,3.32,3.45,10541,691,4032,1665
11308,34117,5763,5331,432,4407,924,3.43,4.12,5331,58,2697,1710
11309,34119,17114,13477,3637,10686,2791,2.27,2.65,13477,457,5322,5364
11310,34120,15781,12228,3553,10619,1609,2.71,3.92,12228,87,6813,3806
11311,34134,14392,7754,6638,6351,1403,1.94,1.82,7754,158,2367,3984
11312,34135,29075,19189,9886,14997,4192,2.25,2.90,19189,794,6844,8153
11313,34137,139,139,0,114,25,3.25,4.88,139,0,54,60
11314,34138,682,326,356,272,54,3.12,2.02,326,0,272,0
11315,34139,547,61,486,61,0,1.80,-,61,0,36,25
11316,34140,255,60,195,27,33,2.22,3.27,60,0,0,27
11317,34141,16,16,0,3,13,2.33,1.92,16,0,3,0
11318,34142,9935,8598,1337,4069,4529,3.61,3.81,8598,1412,2413,1656
11319,34145,17943,8131,9812,7290,841,1.91,2.42,8131,266,2606,4684
11320,34201,2361,1706,655,1617,89,2.10,3.33,1706,58,723,894
11321,34202,11710,9519,2191,7227,2292,2.48,3.03,9519,365,4314,2913
11322,34203,19922,16032,3890,12187,3845,2.26,2.83,16032,607,5835,6352
11323,34205,16043,12856,3187,7737,5119,2.36,2.40,12856,977,4126,3611
11324,34207,19292,14881,4411,8983,5898,2.23,2.57,14881,1164,2791,6192
11325,34208,16339,13860,2479,8022,5838,2.95,2.91,13860,704,4951,3071
11326,34209,19009,15080,3929,11916,3164,2.19,2.63,15080,443,6199,5717
11327,34210,11690,7618,4072,4798,2820,1.89,2.53,7618,178,1764,3034
11328,34211,6983,5004,1979,4423,581,2.73,2.01,5004,77,3023,1400
11329,34212,10385,8462,1923,6926,1536,2.69,2.83,8462,247,4379,2547
11330,34215,596,357,239,338,19,1.97,4.26,357,61,147,191
11331,34216,1814,610,1204,584,26,1.67,1.46,610,26,228,356
11332,34217,5830,2042,3788,1655,387,1.75,2.64,2042,34,667,988
11333,34219,10538,9253,1285,8316,937,2.72,2.92,9253,161,5377,2939
11334,34221,22795,18247,4548,14366,3881,2.64,3.16,18247,597,7444,6922
11335,34222,7800,5552,2248,4624,928,2.26,2.84,5552,266,1828,2796
11336,34223,14106,9827,4279,8266,1561,1.90,1.95,9827,479,2497,5769
11337,34224,10956,7624,3332,6173,1451,2.01,1.99,7624,319,2167,4006
11338,34228,9707,4106,5601,3850,256,1.81,1.80,4106,34,1049,2801
11339,34229,4639,3534,1105,3103,431,2.18,2.46,3534,11,1467,1636
11340,34231,19041,15069,3972,9881,5188,2.11,2.15,15069,1157,5068,4813
11341,34232,16636,14658,1978,10106,4552,2.29,2.33,14658,809,5770,4336
11342,34233,9385,8415,970,5841,2574,2.19,2.45,8415,381,2870,2971
11343,34234,10312,8696,1616,5134,3562,2.36,2.49,8696,749,2166,2968
11344,34235,8185,6935,1250,5125,1810,2.11,1.85,6935,216,2711,2414
11345,34236,11102,7186,3916,4188,2998,1.68,1.58,7186,918,1216,2972
11346,34237,8584,6940,1644,3111,3829,2.26,2.49,6940,450,1597,1514
11347,34238,13343,10711,2632,8337,2374,1.96,1.97,10711,420,3505,4832
11348,34239,7913,6708,1205,4936,1772,2.00,2.28,6708,275,2702,2234
11349,34240,6527,4975,1552,4558,417,2.59,2.17,4975,12,2437,2121
11350,34241,6633,5865,768,5079,786,2.69,2.65,5865,137,2689,2390
11351,34242,10523,3962,6561,3451,511,1.88,1.77,3962,86,1297,2154
11352,34243,16026,13301,2725,10491,2810,2.28,2.37,13301,266,6197,4294
11353,34250,225,145,80,145,0,1.90,-,145,0,77,68
11354,34251,2411,2322,89,2112,210,3.34,2.70,2322,43,1311,801
11355,34266,12078,9826,2252,6516,3310,2.62,2.44,9826,649,2068,4448
11356,34267,39,39,0,25,14,2.04,4.86,39,0,0,25
11357,34268,143,86,57,83,3,4.02,19.33,86,0,0,83
11358,34269,3193,2256,937,2025,231,2.14,2.85,2256,31,807,1218
11359,34275,11817,9789,2028,8227,1562,1.97,2.14,9789,202,2913,5314
11360,34285,15708,10348,5360,8195,2153,1.83,1.58,10348,571,2507,5688
11361,34286,8202,7418,784,6154,1264,2.63,3.24,7418,0,4250,1904
11362,34287,15616,11635,3981,8792,2843,2.36,2.58,11635,763,4202,4590
11363,34288,5274,5010,264,4249,761,2.72,2.52,5010,152,2845,1404
11364,34289,1816,1434,382,779,655,3.25,3.03,1434,20,606,173
11365,34291,2514,2460,54,2117,343,2.59,3.81,2460,34,1435,682
11366,34292,10167,7919,2248,6264,1655,1.99,1.82,7919,544,2658,3606
11367,34293,26197,21260,4937,18758,2502,2.10,2.10,21260,616,9039,9719
11368,34420,8095,7081,1014,5007,2074,2.57,2.49,7081,254,2537,2470
11369,34428,4994,4028,966,2903,1125,2.33,2.12,4028,196,1252,1651
11370,34429,5364,4057,1307,3474,583,1.94,3.30,4057,236,1127,2347
11371,34431,4630,3701,929,3228,473,2.13,2.26,3701,142,1480,1748
11372,34432,6614,5699,915,4884,815,2.19,2.40,5699,141,2297,2587
11373,34433,3685,2973,712,2755,218,2.51,3.19,2973,34,1479,1276
11374,34434,4158,3421,737,2881,540,2.64,3.37,3421,66,1954,927
11375,34436,4893,3645,1248,3120,525,2.01,2.38,3645,232,1299,1821
11376,34442,9767,7673,2094,6677,996,2.14,2.15,7673,268,2431,4246
11377,34445,0,0,0,0,0,-,-,0,0,0,0
11378,34446,9299,8033,1266,7194,839,2.22,2.43,8033,287,3225,3969
11379,34448,6257,4699,1558,3860,839,2.01,2.84,4699,107,1235,2625
11380,34449,1856,1394,462,1041,353,2.27,2.44,1394,85,503,538
11381,34450,6369,4984,1385,3910,1074,2.00,2.01,4984,307,1527,2383
11382,34452,6145,5378,767,4353,1025,2.47,2.21,5378,352,2034,2319
11383,34453,5362,4194,1168,3547,647,2.20,2.94,4194,298,1540,2007
11384,34461,5622,4557,1065,3909,648,2.50,1.73,4557,169,1429,2480
11385,34465,8854,8026,828,6390,1636,2.17,2.81,8026,212,3419,2971
11386,34470,9593,8723,870,4871,3852,2.34,2.32,8723,904,2572,2299
11387,34471,11740,10885,855,6770,4115,2.58,2.04,10885,952,3924,2846
11388,34472,13107,11911,1196,9245,2666,2.67,2.75,11911,717,5986,3259
11389,34473,8367,7397,970,6305,1092,2.80,4.35,7397,96,4078,2227
11390,34474,8299,7418,881,3238,4180,2.51,2.20,7418,434,1822,1416
11391,34475,5669,4788,881,2093,2695,2.73,2.60,4788,666,1046,1047
11392,34476,12233,10931,1302,9868,1063,2.15,2.51,10931,177,5012,4856
11393,34479,6160,5542,618,3695,1847,2.36,2.93,5542,291,2035,1660
11394,34480,9425,8398,1027,6519,1879,2.66,2.67,8398,200,3835,2684
11395,34481,12851,11958,893,10720,1238,1.94,1.54,11958,495,4073,6647
11396,34482,9220,7422,1798,6084,1338,2.29,3.31,7422,218,2993,3091
11397,34484,3199,2769,430,1626,1143,2.27,1.50,2769,253,761,865
11398,34487,0,0,0,0,0,-,-,0,0,0,0
11399,34488,6246,4886,1360,3392,1494,2.28,2.76,4886,137,1123,2269
11400,34491,15134,13125,2009,11511,1614,2.33,2.71,13125,380,6255,5256
11401,34498,523,292,231,223,69,1.93,2.62,292,3,69,154
11402,34601,12131,10336,1795,7115,3221,2.18,2.20,10336,977,2725,4390
11403,34602,3323,2980,343,2593,387,2.74,3.58,2980,88,1324,1269
11404,34604,4809,4425,384,3895,530,2.74,2.91,4425,91,2510,1385
11405,34606,13935,12399,1536,9494,2905,2.19,2.53,12399,497,4815,4679
11406,34607,4822,3701,1121,3103,598,2.17,2.64,3701,246,1431,1672
11407,34608,15196,14207,989,10674,3533,2.54,2.35,14207,723,6739,3935
11408,34609,17735,16397,1338,13249,3148,2.68,2.50,16397,804,8362,4887
11409,34610,6215,5531,684,4473,1058,2.84,3.63,5531,186,2539,1934
11410,34613,10283,8360,1923,7200,1160,2.01,2.53,8360,268,2857,4343
11411,34614,3056,2719,337,2581,138,3.07,1.15,2719,9,1789,792
11412,34637,3409,3075,334,2762,313,2.94,3.48,3075,83,1821,941
11413,34638,10700,10292,408,8423,1869,3.17,3.00,10292,172,6307,2116
11414,34639,10783,10454,329,8513,1941,2.86,2.66,10454,277,6067,2446
11415,34652,14722,11249,3473,6902,4347,2.13,2.36,11249,803,3372,3530
11416,34653,17287,15021,2266,9752,5269,2.09,2.41,15021,1611,4244,5508
11417,34654,10251,8938,1313,6938,2000,2.39,3.23,8938,583,3509,3429
11418,34655,20366,18283,2083,14597,3686,2.43,2.29,18283,304,9016,5581
11419,34661,266,166,100,94,72,1.86,1.58,166,0,22,72
11420,34667,19862,15467,4395,11497,3970,1.92,2.15,15467,1440,4747,6750
11421,34668,23859,21043,2816,12566,8477,2.20,2.54,21043,1444,6404,6162
11422,34669,6423,5467,956,4629,838,2.46,2.92,5467,139,2437,2192
11423,34677,10048,8788,1260,6747,2041,2.48,2.77,8788,230,4115,2632
11424,34679,133,33,100,33,0,2.33,-,33,0,23,10
11425,34681,529,422,107,422,0,2.17,-,422,0,295,127
11426,34683,15482,13571,1911,10384,3187,2.49,2.39,13571,495,6633,3751
11427,34684,14501,13090,1411,9394,3696,2.04,2.10,13090,1164,4502,4892
11428,34685,7845,7345,500,5523,1822,2.50,2.05,7345,329,3227,2296
11429,34688,3668,3399,269,3109,290,2.56,2.45,3399,105,1911,1198
11430,34689,13674,11529,2145,8966,2563,2.32,2.02,11529,1030,4870,4096
11431,34690,6746,5163,1583,3156,2007,2.06,2.37,5163,402,1498,1658
11432,34691,12323,9391,2932,5744,3647,2.18,2.22,9391,585,2870,2874
11433,34695,7861,7116,745,5964,1152,2.44,2.65,7116,119,3446,2518
11434,34698,22596,18883,3713,13695,5188,2.10,1.75,18883,1683,6668,7027
11435,34705,1243,1122,121,943,179,2.76,3.02,1122,3,526,417
11436,34711,26881,24097,2784,18599,5498,2.71,2.84,24097,693,11399,7200
11437,34714,10109,8159,1950,4070,4089,2.95,2.98,8159,367,2449,1621
11438,34715,8006,7537,469,5696,1841,3.13,2.56,7537,46,4588,1108
11439,34729,16,16,0,16,0,2.00,-,16,0,16,0
11440,34731,6107,4754,1353,3799,955,2.47,2.26,4754,284,1464,2335
11441,34734,1327,1300,27,1081,219,3.49,3.64,1300,27,954,127
11442,34736,9865,9232,633,7831,1401,2.57,2.52,9232,164,4655,3176
11443,34737,1836,1654,182,1421,233,2.19,2.61,1654,52,1006,415
11444,34739,444,247,197,133,114,2.47,2.22,247,0,18,115
11445,34741,20306,16380,3926,5257,11123,3.14,3.24,16380,1228,3014,2243
11446,34743,12952,11739,1213,8528,3211,3.69,4.62,11739,321,6275,2253
11447,34744,19998,17589,2409,12021,5568,3.34,3.54,17589,922,7976,4045
11448,34746,23433,14803,8630,10714,4089,3.52,3.10,14803,633,6784,3930
11449,34747,21857,8069,13788,4251,3818,2.93,2.53,8069,351,2534,1717
11450,34748,23566,19237,4329,13901,5336,2.10,2.40,19237,1440,5912,7989
11451,34753,1933,1885,48,1506,379,3.41,3.71,1885,38,1171,335
11452,34756,1476,1298,178,1036,262,3.07,2.66,1298,18,628,408
11453,34758,13581,10796,2785,8423,2373,4.02,3.84,10796,377,6421,2002
11454,34759,15954,12708,3246,9376,3332,2.83,3.89,12708,312,5791,3585
11455,34760,353,304,49,251,53,3.39,2.58,304,22,139,112
11456,34761,14690,14022,668,9896,4126,3.34,3.23,14022,427,7138,2758
11457,34762,277,143,134,143,0,2.20,-,143,0,47,96
11458,34769,11031,8879,2152,6157,2722,3.42,3.13,8879,563,4209,1948
11459,34771,8562,7042,1520,6156,886,3.38,3.53,7042,121,3892,2264
11460,34772,10346,8931,1415,7681,1250,3.32,4.49,8931,366,5641,2040
11461,34773,1438,1220,218,1051,169,3.27,3.77,1220,0,746,305
11462,34785,7355,6249,1106,3951,2298,2.01,2.31,6249,487,1239,2712
11463,34786,16916,14869,2047,10673,4196,3.15,3.14,14869,132,7667,3006
11464,34787,28750,26245,2505,19198,7047,3.06,3.15,26245,670,13389,5809
11465,34788,10970,8832,2138,7256,1576,2.23,2.84,8832,396,2336,4920
11466,34797,864,641,223,619,22,2.21,4.64,641,0,400,219
11467,34945,1790,1461,329,1359,102,2.79,2.79,1461,22,610,749
11468,34946,3207,2523,684,1508,1015,2.54,2.00,2523,539,599,909
11469,34947,4667,4076,591,1413,2663,3.34,3.13,4076,349,682,731
11470,34949,8001,4435,3566,3450,985,1.78,1.83,4435,211,1129,2321
11471,34950,7474,6250,1224,2317,3933,2.60,2.62,6250,950,1225,1092
11472,34951,8355,6997,1358,6142,855,2.24,2.93,6997,299,2675,3467
11473,34952,21393,17478,3915,12090,5388,2.37,2.41,17478,792,5519,6571
11474,34953,25862,24483,1379,20642,3841,2.91,3.74,24483,348,14699,5943
11475,34956,2884,2484,400,1687,797,3.05,3.83,2484,242,681,1006
11476,34957,16915,10730,6185,7863,2867,2.24,1.70,10730,468,3405,4458
11477,34972,7237,6085,1152,4006,2079,2.70,2.82,6085,266,2095,1911
11478,34974,13451,10109,3342,7989,2120,2.27,2.26,10109,224,3128,4861
11479,34981,1896,1662,234,943,719,3.20,4.21,1662,32,509,434
11480,34982,11950,10768,1182,8044,2724,2.24,2.81,10768,908,3921,4123
11481,34983,16699,15387,1312,12798,2589,2.90,2.94,15387,495,8564,4234
11482,34984,6783,6161,622,4963,1198,2.85,3.49,6161,19,3354,1609
11483,34986,13731,11487,2244,9635,1852,2.47,2.51,11487,220,5232,4403
11484,34987,5953,5464,489,4157,1307,2.34,2.35,5464,82,2062,2095
11485,34990,13696,12039,1657,10713,1326,2.51,2.34,12039,486,5884,4829
11486,34994,9538,7841,1697,4731,3110,2.19,2.25,7841,767,1777,2954
11487,34996,8935,5825,3110,4807,1018,1.87,1.97,5825,216,1593,3214
11488,34997,21878,18365,3513,14975,3390,2.36,2.63,18365,817,7284,7691
11489,35004,4745,4616,129,3423,1193,2.62,2.47,4616,151,2296,1127
11490,35005,3460,2869,591,2359,510,2.77,3.17,2869,240,1331,1028
11491,35006,1646,1190,456,1093,97,2.91,2.10,1190,38,415,678
11492,35007,10421,9896,525,8334,1562,2.64,3.21,9896,155,6102,2232
11493,35010,10636,8082,2554,5871,2211,2.57,2.36,8082,576,2567,3304
11494,35013,27,27,0,9,18,-,5.00,27,0,0,9
11495,35014,2005,1683,322,1520,163,2.50,2.52,1683,140,609,911
11496,35016,7274,6446,828,4738,1708,2.60,2.64,6446,235,2552,2186
11497,35019,1049,867,182,686,181,2.60,2.78,867,0,211,475
11498,35020,12890,10145,2745,5521,4624,2.41,2.58,10145,1423,2328,3193
11499,35022,9831,9062,769,7151,1911,2.52,2.05,9062,329,5110,2041
11500,35023,9889,8632,1257,6656,1976,2.68,3.10,8632,266,3957,2699
11501,35031,3263,2601,662,1898,703,2.93,2.59,2601,127,821,1077
11502,35032,31,22,9,18,4,2.44,1.50,22,4,11,7
11503,35033,1532,1250,282,1065,185,2.57,2.69,1250,65,373,692
11504,35034,1532,1276,256,906,370,3.52,2.73,1276,111,203,703
11505,35035,432,364,68,330,34,2.90,-,364,0,122,208
11506,35036,79,75,4,0,75,-,2.04,75,48,0,0
11507,35040,7132,6688,444,5357,1331,2.71,2.91,6688,93,4181,1176
11508,35042,2778,2248,530,1827,421,2.89,1.91,2248,131,634,1193
11509,35043,4610,4325,285,3890,435,3.18,3.65,4325,95,2901,989
11510,35044,3614,3310,304,2097,1213,2.27,2.22,3310,434,1008,1089
11511,35045,6429,5676,753,3785,1891,2.65,2.19,5676,222,1968,1817
11512,35046,2651,1895,756,1478,417,2.61,3.00,1895,61,655,823
11513,35049,1560,1373,187,957,416,2.71,2.50,1373,47,487,470
11514,35051,3170,2897,273,2201,696,2.84,1.94,2897,189,1063,1138
11515,35052,19,19,0,0,19,-,-,19,19,0,0
11516,35053,2402,1039,1363,973,66,2.71,2.92,1039,27,491,482
11517,35054,1889,1538,351,1388,150,2.76,2.65,1538,64,722,666
11518,35055,10117,9088,1029,5880,3208,2.44,2.35,9088,457,3324,2556
11519,35057,6157,5022,1135,4087,935,2.87,2.61,5022,122,1822,2265
11520,35058,4384,3862,522,2907,955,2.56,2.80,3862,94,1466,1441
11521,35060,201,99,102,99,0,1.86,-,99,17,55,44
11522,35061,616,427,189,269,158,4.26,2.27,427,13,75,194
11523,35062,3593,3152,441,2546,606,2.77,2.70,3152,134,1461,1085
11524,35063,1579,1178,401,1059,119,2.64,2.40,1178,54,349,710
11525,35064,4911,3917,994,2071,1846,2.39,2.37,3917,447,1170,901
11526,35068,3565,3461,104,2570,891,2.41,2.25,3461,148,1572,998
11527,35070,42,42,0,40,2,2.65,3.00,42,2,16,24
11528,35071,7378,6837,541,5270,1567,2.59,2.33,6837,355,3434,1836
11529,35072,2477,1745,732,1403,342,2.76,2.55,1745,34,718,685
11530,35073,1464,1260,204,868,392,2.46,2.42,1260,84,389,479
11531,35074,50,50,0,0,50,-,2.28,50,0,0,0
11532,35077,6407,5578,829,3977,1601,2.52,2.37,5578,188,1820,2157
11533,35078,1053,781,272,655,126,2.67,1.60,781,23,365,290
11534,35079,3711,3250,461,3070,180,2.89,2.92,3250,40,1793,1277
11535,35080,6879,6466,413,6000,466,2.96,3.18,6466,122,4494,1506
11536,35082,0,0,0,0,0,-,-,0,0,0,0
11537,35083,1501,1381,120,1124,257,3.06,2.24,1381,24,635,489
11538,35085,3406,2894,512,2325,569,2.83,2.75,2894,61,966,1359
11539,35087,1025,987,38,818,169,2.73,2.78,987,66,299,519
11540,35089,664,559,105,480,79,2.61,3.70,559,7,192,288
11541,35091,1277,1071,206,1012,59,3.02,2.32,1071,5,673,339
11542,35094,6508,5690,818,4503,1187,2.65,2.74,5690,123,2595,1908
11543,35096,3885,2975,910,2574,401,2.91,2.75,2975,96,1289,1285
11544,35097,843,709,134,648,61,2.70,3.16,709,17,311,337
11545,35098,625,533,92,348,185,2.53,2.47,533,10,78,270
11546,35111,6996,6445,551,5826,619,2.71,1.94,6445,117,4324,1502
11547,35112,53,0,53,0,0,-,-,0,0,0,0
11548,35114,3045,2869,176,2491,378,2.90,2.45,2869,83,1886,605
11549,35115,6518,6046,472,4153,1893,2.63,2.70,6046,324,2255,1898
11550,35116,1998,1865,133,1685,180,2.63,2.56,1865,60,1004,681
11551,35117,2522,2275,247,2111,164,2.59,2.49,2275,36,1253,858
11552,35118,1231,1069,162,840,229,3.23,3.33,1069,37,386,454
11553,35119,28,28,0,0,28,-,4.86,28,0,0,0
11554,35120,6690,6239,451,5218,1021,2.76,2.65,6239,252,3031,2187
11555,35121,6974,6224,750,4421,1803,2.84,1.93,6224,429,1931,2490
11556,35124,10108,9752,356,8230,1522,2.49,2.63,9752,140,5783,2447
11557,35125,4578,3961,617,2588,1373,2.68,2.62,3961,211,1212,1376
11558,35126,8288,7508,780,6469,1039,2.87,3.29,7508,139,4557,1912
11559,35127,3808,3398,410,2725,673,2.76,2.90,3398,191,1840,885
11560,35128,4698,4177,521,3218,959,2.54,2.71,4177,28,2027,1191
11561,35130,1926,1411,515,1197,214,2.53,2.24,1411,63,376,821
11562,35131,1650,1252,398,940,312,2.60,2.88,1252,69,468,472
11563,35133,1482,1272,210,1126,146,2.76,2.02,1272,114,724,402
11564,35135,952,842,110,650,192,2.40,2.67,842,33,423,227
11565,35136,1196,764,432,583,181,2.77,2.52,764,14,231,352
11566,35143,2121,1244,877,1026,218,2.57,2.74,1244,30,537,489
11567,35146,4310,3915,395,3347,568,2.77,2.61,3915,145,2090,1257
11568,35147,2172,2004,168,1788,216,2.88,2.72,2004,27,1262,526
11569,35148,1190,956,234,663,293,2.41,2.61,956,30,409,254
11570,35149,80,80,0,54,26,-,2.81,80,0,54,0
11571,35150,8253,7029,1224,4286,2743,2.46,2.41,7029,819,1852,2434
11572,35151,3693,2979,714,2612,367,2.65,2.62,2979,55,1258,1354
11573,35160,12831,10192,2639,6486,3706,2.39,2.21,10192,977,3184,3302
11574,35171,1331,1215,116,1008,207,2.75,3.65,1215,26,448,560
11575,35172,1185,1024,161,755,269,2.65,2.81,1024,78,339,416
11576,35173,10956,10343,613,9356,987,2.90,3.01,10343,207,6785,2571
11577,35175,2420,2040,380,1731,309,2.47,2.46,2040,88,630,1101
11578,35176,355,355,0,210,145,2.40,1.81,355,78,60,150
11579,35178,1549,1190,359,995,195,2.41,2.56,1190,20,522,473
11580,35179,3555,3033,522,2546,487,2.81,2.98,3033,27,1350,1196
11581,35180,5462,4968,494,4133,835,3.15,1.84,4968,170,2297,1836
11582,35181,13,13,0,13,0,2.00,-,13,0,13,0
11583,35183,431,312,119,272,40,3.00,3.35,312,10,85,187
11584,35184,2522,1891,631,1577,314,2.92,3.76,1891,92,692,885
11585,35185,0,0,0,0,0,-,-,0,0,0,0
11586,35186,2127,1924,203,1558,366,2.72,2.34,1924,78,935,623
11587,35188,1012,829,183,691,138,3.09,4.23,829,29,352,339
11588,35203,1889,1563,326,405,1158,1.38,1.44,1563,490,403,2
11589,35204,5455,4167,1288,1835,2332,2.13,2.16,4167,1114,672,1163
11590,35205,11671,9251,2420,2713,6538,1.94,1.59,9251,1118,1583,1130
11591,35206,8027,6388,1639,3053,3335,2.40,2.47,6388,794,1628,1425
11592,35207,3949,3131,818,1703,1428,2.17,2.40,3131,650,546,1157
11593,35208,7284,5663,1621,3385,2278,2.47,2.52,5663,688,1678,1707
11594,35209,15227,12457,2770,6488,5969,2.55,2.09,12457,479,4343,2145
11595,35210,6803,6074,729,4290,1784,2.29,1.79,6074,191,2876,1414
11596,35211,14330,11273,3057,4812,6461,2.42,2.01,11273,1516,2521,2291
11597,35212,5425,4245,1180,1831,2414,2.39,2.50,4245,871,1052,779
11598,35213,6406,6153,253,4651,1502,2.52,2.05,6153,78,3055,1596
11599,35214,8364,7171,1193,4860,2311,2.49,2.51,7171,510,3010,1850
11600,35215,19640,17142,2498,9568,7574,2.77,2.66,17142,1348,6367,3201
11601,35216,16844,15492,1352,8661,6831,2.59,2.38,15492,464,5808,2853
11602,35217,5776,4759,1017,2498,2261,2.59,2.78,4759,636,1264,1234
11603,35218,3613,2755,858,1123,1632,2.97,2.57,2755,412,394,729
11604,35221,2188,1517,671,1030,487,2.70,2.07,1517,185,429,601
11605,35222,4335,3768,567,2091,1677,2.40,2.12,3768,354,1610,481
11606,35223,4788,4514,274,3972,542,2.61,1.87,4514,137,2251,1721
11607,35224,2791,1971,820,1072,899,2.69,2.94,1971,188,464,608
11608,35226,15036,14283,753,11237,3046,2.73,2.39,14283,133,8279,2958
11609,35228,4579,3820,759,2436,1384,2.57,2.74,3820,434,1409,1027
11610,35229,0,0,0,0,0,-,-,0,0,0,0
11611,35233,2112,1596,516,221,1375,1.34,1.48,1596,502,151,70
11612,35234,2648,1941,707,998,943,2.23,1.89,1941,449,337,661
11613,35235,9069,8290,779,5630,2660,2.59,2.52,8290,162,4104,1526
11614,35242,24789,23129,1660,16847,6282,2.67,1.90,23129,528,11363,5484
11615,35243,10014,8474,1540,4814,3660,2.40,1.63,8474,359,2605,2209
11616,35244,14710,13462,1248,9611,3851,2.84,2.25,13462,400,6734,2877
11617,35249,0,0,0,0,0,-,-,0,0,0,0
11618,35254,0,0,0,0,0,-,-,0,0,0,0
11619,35401,18856,12352,6504,4150,8202,2.45,2.23,12352,1773,2000,2150
11620,35404,10942,8051,2891,4331,3720,2.93,2.88,8051,360,2580,1751
11621,35405,21729,18842,2887,10292,8550,2.70,2.33,18842,1183,7591,2701
11622,35406,8155,7178,977,5485,1693,2.68,2.09,7178,144,3622,1863
11623,35441,852,353,499,321,32,3.32,3.22,353,14,92,229
11624,35442,2227,1713,514,1033,680,2.53,2.39,1713,210,283,750
11625,35443,996,471,525,365,106,2.69,1.78,471,94,93,272
11626,35444,1761,1570,191,1261,309,2.66,2.81,1570,48,688,573
11627,35446,751,724,27,608,116,3.03,2.83,724,19,260,348
11628,35447,1646,1220,426,926,294,2.47,2.60,1220,130,357,569
11629,35452,1708,1494,214,1349,145,2.62,2.39,1494,97,720,629
11630,35453,5073,4294,779,3543,751,2.95,2.23,4294,52,2054,1489
11631,35456,2002,1712,290,1181,531,2.67,3.20,1712,0,318,863
11632,35457,57,57,0,57,0,-,-,57,0,0,57
11633,35458,260,210,50,177,33,3.70,2.64,210,0,116,61
11634,35459,522,432,90,329,103,2.25,2.30,432,61,124,205
11635,35460,382,322,60,255,67,1.99,4.10,322,20,83,172
11636,35461,1045,836,209,794,42,2.32,2.45,836,35,173,621
11637,35462,2326,1813,513,1172,641,2.34,2.44,1813,319,307,865
11638,35463,894,725,169,641,84,2.81,4.07,725,13,327,314
11639,35464,252,158,94,52,106,5.60,3.31,158,35,27,25
11640,35466,2405,2015,390,1751,264,2.66,2.44,2015,109,751,1000
11641,35469,217,217,0,166,51,2.30,-,217,9,48,118
11642,35470,2067,1632,435,921,711,2.81,2.55,1632,75,361,560
11643,35473,8234,7590,644,4865,2725,2.68,2.21,7590,254,3402,1463
11644,35474,2763,2244,519,1977,267,3.33,2.61,2244,168,1077,900
11645,35475,7771,6762,1009,6262,500,2.85,3.34,6762,58,4283,1979
11646,35476,3554,3071,483,1238,1833,2.29,2.37,3071,296,939,299
11647,35477,48,33,15,33,0,4.15,-,33,10,5,28
11648,35480,581,505,76,443,62,4.03,2.10,505,19,246,197
11649,35481,1554,1300,254,897,403,2.41,2.67,1300,50,349,548
11650,35487,0,0,0,0,0,-,-,0,0,0,0
11651,35490,2148,1833,315,1454,379,3.15,2.26,1833,23,916,538
11652,35491,0,0,0,0,0,-,-,0,0,0,0
11653,35501,4550,3548,1002,2121,1427,2.53,2.91,3548,242,744,1377
11654,35503,4320,3674,646,3034,640,2.60,2.44,3674,95,1415,1619
11655,35504,5917,5207,710,4010,1197,2.64,2.35,5207,215,2135,1875
11656,35540,1139,969,170,811,158,2.55,2.18,969,42,322,489
11657,35541,2576,1480,1096,1271,209,2.51,2.47,1480,24,466,805
11658,35542,439,372,67,337,35,2.44,1.80,372,15,101,236
11659,35543,596,472,124,342,130,2.75,2.52,472,12,65,277
11660,35544,368,330,38,225,105,2.68,1.83,330,11,75,150
11661,35545,62,59,3,44,15,2.39,4.00,59,10,13,31
11662,35546,1649,1380,269,1190,190,2.81,2.33,1380,47,483,707
11663,35548,974,849,125,702,147,2.38,2.69,849,36,343,359
11664,35549,1836,1446,390,1096,350,2.18,2.14,1446,133,331,765
11665,35550,2389,1956,433,1607,349,2.63,2.44,1956,131,544,1063
11666,35552,586,464,122,406,58,3.01,1.84,464,3,255,151
11667,35553,2408,1772,636,1433,339,2.65,2.60,1772,47,486,947
11668,35554,523,408,115,343,65,2.68,1.95,408,0,96,247
11669,35555,4866,3693,1173,2525,1168,2.46,2.73,3693,514,973,1552
11670,35559,12,12,0,2,10,5.50,5.30,12,0,0,2
11671,35563,1898,1386,512,1103,283,2.71,2.65,1386,78,506,597
11672,35564,1098,851,247,644,207,2.41,2.72,851,32,236,408
11673,35565,5712,4448,1264,3371,1077,2.44,2.85,4448,305,1169,2202
11674,35570,5276,4281,995,2832,1449,2.74,2.09,4281,231,1171,1661
11675,35571,388,248,140,211,37,3.14,2.49,248,2,79,132
11676,35572,1076,677,399,633,44,2.13,1.73,677,19,302,331
11677,35573,6,4,2,4,0,2.25,-,4,0,4,0
11678,35574,713,520,193,457,63,2.86,1.68,520,1,209,248
11679,35575,527,434,93,356,78,2.44,1.94,434,12,140,216
11680,35576,1623,1233,390,1066,167,2.80,2.22,1233,44,387,679
11681,35577,2,2,0,2,0,1.50,-,2,0,0,2
11682,35578,2478,2014,464,1742,272,2.58,3.08,2014,37,705,1037
11683,35579,1610,1267,343,1062,205,2.72,3.41,1267,27,406,656
11684,35580,1788,1426,362,1220,206,2.69,2.60,1426,75,386,834
11685,35581,2359,1858,501,1372,486,3.21,3.13,1858,26,459,913
11686,35582,2326,1880,446,1312,568,2.39,2.56,1880,122,615,697
11687,35584,126,91,35,68,23,2.84,3.00,91,13,15,53
11688,35585,633,502,131,391,111,3.39,3.64,502,13,207,184
11689,35586,1936,1468,468,1094,374,2.76,2.17,1468,98,409,685
11690,35587,373,258,115,193,65,2.17,3.03,258,0,14,179
11691,35592,2410,1698,712,970,728,2.67,1.89,1698,221,261,709
11692,35593,803,614,189,507,107,2.67,3.35,614,21,176,331
11693,35594,3308,2565,743,1936,629,2.92,2.26,2565,133,824,1112
11694,35601,14937,13231,1706,7934,5297,2.47,2.58,13231,834,4621,3313
11695,35603,14444,13724,720,10038,3686,2.46,2.00,13724,578,5110,4928
11696,35610,762,687,75,581,106,2.76,1.84,687,5,297,284
11697,35611,13176,11416,1760,6975,4441,2.36,2.20,11416,736,3836,3139
11698,35613,8151,7803,348,6745,1058,2.66,2.43,7803,46,4052,2693
11699,35614,3040,2592,448,2005,587,2.69,2.65,2592,40,1007,998
11700,35615,0,0,0,0,0,-,-,0,0,0,0
11701,35616,2109,1438,671,1013,425,2.22,3.00,1438,93,467,546
11702,35618,1000,834,166,614,220,2.62,2.46,834,28,207,407
11703,35619,2205,1723,482,1326,397,2.57,3.21,1723,12,653,673
11704,35620,4692,4248,444,3655,593,2.74,2.56,4248,4,2251,1404
11705,35621,1078,1032,46,888,144,3.02,1.74,1032,54,419,469
11706,35622,2931,2461,470,1732,729,2.80,2.98,2461,109,833,899
11707,35630,17175,14573,2602,5990,8583,2.35,2.02,14573,1655,2940,3050
11708,35632,0,0,0,0,0,-,-,0,0,0,0
11709,35633,9211,8210,1001,6882,1328,2.49,2.51,8210,259,3278,3604
11710,35634,4826,4084,742,3332,752,2.63,2.06,4084,66,1459,1873
11711,35640,11114,9942,1172,8015,1927,2.76,2.43,9942,541,4171,3844
11712,35643,1743,1542,201,1351,191,2.62,2.75,1542,111,626,725
11713,35645,5611,4929,682,4145,784,2.67,2.62,4929,79,1781,2364
11714,35646,2360,1814,546,1521,293,2.36,2.50,1814,28,605,916
11715,35647,386,379,7,338,41,3.05,3.93,379,7,163,175
11716,35648,1429,1223,206,993,230,2.86,2.09,1223,39,572,421
11717,35649,35,32,3,32,0,2.59,-,32,0,25,7
11718,35650,5905,4980,925,3988,992,2.53,2.70,4980,306,1683,2305
11719,35651,611,474,137,398,76,3.06,2.96,474,0,249,149
11720,35652,4568,3664,904,2945,719,2.74,1.75,3664,158,1468,1477
11721,35653,4603,3536,1067,2397,1139,3.26,2.56,3536,314,865,1532
11722,35654,3629,2903,726,1966,937,2.64,2.93,2903,247,799,1167
11723,35660,5271,4282,989,2484,1798,2.26,2.10,4282,178,1059,1425
11724,35661,8597,7466,1131,6054,1412,2.64,1.90,7466,257,3470,2584
11725,35670,3119,2383,736,1792,591,2.88,2.52,2383,117,779,1013
11726,35671,889,654,235,517,137,2.61,3.85,654,40,355,162
11727,35672,2630,2009,621,1461,548,2.56,3.00,2009,62,693,768
11728,35673,3269,2685,584,2042,643,2.84,2.37,2685,138,1071,971
11729,35674,8640,7321,1319,5043,2278,2.80,2.41,7321,346,2670,2373
11730,35677,1159,771,388,699,72,2.82,2.11,771,6,185,514
11731,35739,2288,2129,159,1727,402,2.36,2.02,2129,193,1010,717
11732,35740,1719,1493,226,942,551,2.05,2.61,1493,69,367,575
11733,35741,1789,1703,86,1352,351,2.05,1.82,1703,20,893,459
11734,35744,829,705,124,526,179,2.58,3.16,705,6,190,336
11735,35745,138,56,82,48,8,1.92,-,56,0,12,36
11736,35746,380,272,108,272,0,2.10,-,272,0,132,140
11737,35747,3211,2287,924,2017,270,2.64,2.25,2287,52,1384,633
11738,35748,3077,2834,243,2455,379,2.65,2.20,2834,92,1351,1104
11739,35749,9573,8869,704,8033,836,2.80,2.79,8869,251,6010,2023
11740,35750,5492,5003,489,3824,1179,2.65,2.69,5003,184,2736,1088
11741,35751,118,94,24,94,0,2.81,-,94,0,48,46
11742,35752,1138,936,202,646,290,2.29,2.11,936,80,209,437
11743,35754,2515,2260,255,1785,475,2.51,2.55,2260,45,756,1029
11744,35755,420,205,215,139,66,2.24,2.18,205,1,56,83
11745,35756,8417,7855,562,6663,1192,2.94,2.39,7855,119,5533,1130
11746,35757,6617,6344,273,5282,1062,2.90,2.23,6344,152,3511,1771
11747,35758,19710,19142,568,13168,5974,2.66,2.03,19142,373,9383,3785
11748,35759,4087,3967,120,3770,197,2.65,2.93,3967,38,2678,1092
11749,35760,1885,1731,154,1372,359,3.00,2.69,1731,140,879,493
11750,35761,5130,4780,350,4006,774,2.68,3.12,4780,78,2568,1438
11751,35763,7139,7010,129,6429,581,2.74,2.78,7010,22,4750,1679
11752,35764,310,259,51,223,36,2.24,1.58,259,33,71,152
11753,35765,2051,1681,370,1409,272,2.72,3.45,1681,85,516,893
11754,35766,119,79,40,56,23,3.05,2.61,79,0,43,13
11755,35768,5639,4743,896,3115,1628,2.79,2.30,4743,268,1433,1682
11756,35769,4935,4123,812,3307,816,2.45,2.09,4123,161,1598,1709
11757,35771,1444,1102,342,920,182,2.75,2.97,1102,5,411,509
11758,35772,2325,1856,469,1372,484,2.65,2.43,1856,148,486,886
11759,35773,5801,5475,326,4756,719,2.57,2.57,5475,77,2968,1788
11760,35774,71,58,13,58,0,3.43,-,58,0,34,24
11761,35775,256,207,49,197,10,2.41,7.50,207,0,51,146
11762,35776,1609,1322,287,1112,210,2.66,2.34,1322,26,450,662
11763,35801,11518,10555,963,6885,3670,2.18,1.83,10555,552,4332,2553
11764,35802,12352,11209,1143,5918,5291,2.36,1.82,11209,256,2869,3049
11765,35803,12738,11846,892,9537,2309,2.42,2.08,11846,269,5682,3855
11766,35805,10305,9252,1053,2916,6336,2.35,1.94,9252,1283,1329,1587
11767,35806,13423,12886,537,6113,6773,2.43,1.61,12886,519,4320,1793
11768,35808,388,379,9,13,366,1.46,2.59,379,0,9,4
11769,35810,13194,12067,1127,7870,4197,2.52,2.70,12067,643,4462,3408
11770,35811,12002,11011,991,8308,2703,2.40,2.32,11011,484,5970,2338
11771,35816,7736,6758,978,1948,4810,1.98,1.99,6758,627,1209,739
11772,35824,4464,4218,246,2239,1979,2.27,2.04,4218,96,1296,943
11773,35896,0,0,0,0,0,-,-,0,0,0,0
11774,35901,9047,7123,1924,4606,2517,2.64,2.43,7123,589,2277,2329
11775,35903,8758,7051,1707,4579,2472,2.62,2.47,7051,403,2181,2398
11776,35904,6435,5056,1379,3856,1200,2.51,3.05,5056,258,1282,2574
11777,35905,2836,2196,640,1865,331,2.73,2.20,2196,34,1005,860
11778,35906,4689,3882,807,2305,1577,2.85,2.36,3882,223,1271,1034
11779,35907,3272,2971,301,2696,275,3.04,3.32,2971,58,1522,1174
11780,35950,7724,7185,539,4731,2454,2.73,3.17,7185,258,2840,1891
11781,35951,5327,4526,801,3387,1139,2.92,2.89,4526,191,1732,1655
11782,35952,3716,3221,495,2574,647,2.70,2.60,3221,135,1088,1486
11783,35953,3513,2770,743,2252,518,2.38,2.52,2770,157,1077,1175
11784,35954,5801,4642,1159,3782,860,2.74,2.36,4642,151,1612,2170
11785,35956,3730,2983,747,2365,618,2.89,2.79,2983,162,1212,1153
11786,35957,6871,5961,910,4020,1941,2.55,2.98,5961,377,2061,1959
11787,35958,1335,1186,149,979,207,3.12,1.69,1186,84,451,528
11788,35959,3411,1774,1637,1428,346,2.34,2.50,1774,67,475,953
11789,35960,5381,3452,1929,2579,873,2.49,2.04,3452,128,1077,1502
11790,35961,2540,2049,491,1481,568,2.85,3.08,2049,66,478,1003
11791,35962,3411,2846,565,2099,747,2.66,3.25,2846,103,972,1127
11792,35963,548,495,53,375,120,2.30,2.28,495,41,274,101
11793,35966,1732,1259,473,1070,189,2.72,2.28,1259,86,418,652
11794,35967,7603,6287,1316,4319,1968,2.80,2.24,6287,233,2085,2234
11795,35968,2088,1766,322,1341,425,2.88,2.53,1766,81,641,700
11796,35971,2067,1928,139,1369,559,2.73,3.09,1928,265,507,862
11797,35972,557,463,94,417,46,2.20,2.61,463,0,113,304
11798,35973,1408,1120,288,935,185,3.08,3.78,1120,81,285,650
11799,35974,711,644,67,443,201,2.95,2.11,644,34,272,171
11800,35975,449,449,0,411,38,2.92,2.82,449,0,118,293
11801,35976,7696,6683,1013,5219,1464,2.47,2.80,6683,419,2757,2462
11802,35978,2210,1804,406,1443,361,2.97,3.45,1804,46,744,699
11803,35979,464,382,82,346,36,2.59,3.00,382,0,152,194
11804,35980,2167,1915,252,1571,344,3.12,3.78,1915,75,870,701
11805,35981,856,649,207,502,147,3.34,2.29,649,24,121,381
11806,35983,2192,1488,704,1261,227,2.61,2.99,1488,14,634,627
11807,35984,1542,747,795,560,187,2.01,1.46,747,11,248,312
11808,35986,3458,3075,383,2372,703,2.54,2.60,3075,146,1183,1189
11809,35987,1083,932,151,738,194,2.40,3.65,932,32,233,505
11810,35988,900,802,98,553,249,3.35,2.29,802,0,202,351
11811,35989,1452,1288,164,1078,210,3.04,2.24,1288,43,308,770
11812,35990,12,0,12,0,0,-,-,0,0,0,0
11813,36003,1267,1056,211,851,205,2.29,2.00,1056,94,178,673
11814,36005,874,563,311,479,84,2.74,2.05,563,7,162,317
11815,36006,813,699,114,643,56,2.43,2.20,699,1,171,472
11816,36008,0,0,0,0,0,-,-,0,0,0,0
11817,36009,1189,866,323,628,238,2.49,2.82,866,51,192,436
11818,36010,2767,1852,915,1243,609,2.88,2.84,1852,124,601,642
11819,36013,164,148,16,148,0,2.67,-,148,0,105,43
11820,36016,1969,1484,485,975,509,2.54,1.94,1484,142,356,619
11821,36017,1018,791,227,498,293,2.80,1.90,791,73,133,365
11822,36020,481,414,67,307,107,2.74,2.61,414,38,152,155
11823,36022,5888,5373,515,4717,656,2.81,2.96,5373,209,3025,1692
11824,36024,3450,2208,1242,1744,464,2.36,2.23,2208,54,805,939
11825,36025,1733,1581,152,1129,452,2.55,2.53,1581,115,592,537
11826,36026,973,541,432,522,19,2.30,1.95,541,2,282,240
11827,36027,7188,5768,1420,3370,2398,2.51,2.60,5768,664,1669,1701
11828,36028,867,588,279,384,204,2.50,2.66,588,117,92,292
11829,36029,393,334,59,277,57,3.26,5.00,334,64,85,192
11830,36030,256,126,130,103,23,3.39,3.30,126,18,20,83
11831,36031,26,26,0,26,0,4.12,-,26,0,20,6
11832,36032,1100,862,238,631,231,2.80,2.55,862,58,233,398
11833,36033,2198,1306,892,1021,285,2.52,3.15,1306,81,241,780
11834,36034,431,309,122,266,43,3.17,3.07,309,15,50,216
11835,36035,1125,733,392,632,101,2.77,2.18,733,25,246,386
11836,36036,1038,743,295,634,109,2.58,2.72,743,30,283,351
11837,36037,6263,4345,1918,2984,1361,3.05,2.86,4345,237,1307,1677
11838,36038,33,25,8,23,2,3.26,2.50,25,2,4,19
11839,36039,137,92,45,46,46,1.61,4.46,92,0,34,12
11840,36040,1519,1345,174,879,466,3.00,2.17,1345,183,402,477
11841,36041,746,530,216,474,56,2.77,2.00,530,6,120,354
11842,36042,789,404,385,370,34,3.06,1.65,404,6,80,290
11843,36043,1564,1307,257,1097,210,2.74,3.81,1307,30,431,666
11844,36046,581,491,90,470,21,3.23,1.76,491,6,160,310
11845,36047,532,385,147,375,10,2.48,-,385,43,101,274
11846,36048,796,581,215,403,178,2.16,2.10,581,67,148,255
11847,36049,2593,1941,652,1452,489,2.85,3.38,1941,168,542,910
11848,36051,1145,1004,141,846,158,3.20,2.25,1004,24,257,589
11849,36052,382,357,25,325,32,1.96,-,357,3,210,115
11850,36053,1280,910,370,696,214,2.78,2.27,910,112,137,559
11851,36054,6180,5706,474,3867,1839,2.72,2.63,5706,381,2694,1173
11852,36057,0,0,0,0,0,-,-,0,0,0,0
11853,36064,4753,4305,448,3668,637,2.95,2.99,4305,52,2716,952
11854,36066,8957,8677,280,5238,3439,2.58,2.24,8677,375,3670,1568
11855,36067,11197,9971,1226,7510,2461,2.82,2.53,9971,545,4334,3176
11856,36069,1213,919,294,704,215,2.27,1.64,919,53,379,325
11857,36071,256,163,93,131,32,1.99,2.97,163,0,36,95
11858,36075,913,731,182,629,102,2.52,1.80,731,78,241,388
11859,36078,5840,5207,633,3646,1561,2.50,2.65,5207,471,1767,1879
11860,36079,4305,3340,965,2646,694,2.70,3.02,3340,132,1374,1272
11861,36080,1058,843,215,680,163,2.71,3.52,843,13,427,253
11862,36081,7736,5606,2130,2493,3113,3.01,2.41,5606,504,1262,1231
11863,36082,0,0,0,0,0,-,-,0,0,0,0
11864,36083,4572,3399,1173,2059,1340,2.39,2.21,3399,388,992,1067
11865,36088,1846,1105,741,604,501,2.13,2.57,1105,147,259,345
11866,36089,3381,2547,834,1560,987,2.67,3.22,2547,366,669,891
11867,36091,2009,1532,477,1195,337,2.36,2.51,1532,122,412,783
11868,36092,8882,7752,1130,5865,1887,2.53,2.48,7752,275,3535,2330
11869,36093,4540,4235,305,3896,339,3.03,1.49,4235,89,2863,1033
11870,36101,0,0,0,0,0,-,-,0,0,0,0
11871,36104,5147,3825,1322,1025,2800,2.34,1.82,3825,806,372,653
11872,36105,5674,4383,1291,2710,1673,2.54,2.19,4383,589,1299,1411
11873,36106,7013,6220,793,3478,2742,2.36,2.12,6220,246,2283,1195
11874,36107,4106,3095,1011,1169,1926,1.95,2.83,3095,233,620,549
11875,36108,8686,6363,2323,3848,2515,2.50,2.33,6363,1294,1374,2474
11876,36109,11116,10058,1058,6635,3423,2.28,2.51,10058,361,4170,2465
11877,36110,5241,3952,1289,2139,1813,2.55,3.37,3952,372,1184,955
11878,36111,5665,4790,875,2916,1874,2.58,2.95,4790,282,2137,779
11879,36112,17,17,0,0,17,-,2.12,17,0,0,0
11880,36113,313,270,43,0,270,-,3.26,270,8,0,0
11881,36114,0,0,0,0,0,-,-,0,0,0,0
11882,36115,250,242,8,0,242,-,4.13,242,4,0,0
11883,36116,19932,17215,2717,7971,9244,2.74,2.44,17215,1307,6079,1892
11884,36117,23426,21303,2123,12807,8496,2.57,2.23,21303,728,9114,3693
11885,36130,0,0,0,0,0,-,-,0,0,0,0
11886,36201,9753,7388,2365,4554,2834,2.42,2.17,7388,1127,1671,2883
11887,36203,7794,7026,768,4872,2154,2.71,2.51,7026,278,3052,1820
11888,36205,518,423,95,225,198,2.55,1.49,423,69,102,123
11889,36206,4821,4172,649,2681,1491,2.58,2.71,4172,201,1570,1111
11890,36207,9130,7663,1467,5616,2047,2.40,2.60,7663,195,3400,2216
11891,36250,1671,1534,137,1312,222,3.06,2.78,1534,28,910,402
11892,36251,2469,2035,434,1515,520,2.60,2.61,2035,200,570,945
11893,36255,500,402,98,378,24,2.45,3.79,402,17,152,226
11894,36256,754,625,129,548,77,2.32,2.71,625,21,198,350
11895,36258,752,550,202,493,57,2.50,1.23,550,10,198,295
11896,36260,1601,1398,203,1141,257,3.05,3.37,1398,62,676,465
11897,36262,691,567,124,495,72,2.95,2.50,567,56,167,328
11898,36263,271,156,115,121,35,3.34,2.23,156,23,67,54
11899,36264,3809,3142,667,2245,897,2.81,2.54,3142,241,910,1335
11900,36265,9578,8338,1240,5501,2837,2.43,2.26,8338,480,2861,2640
11901,36266,3229,2377,852,1686,691,2.73,2.11,2377,126,747,939
11902,36267,13,13,0,13,0,17.54,-,13,0,13,0
11903,36268,2646,2135,511,1900,235,2.80,2.66,2135,85,815,1085
11904,36269,629,544,85,399,145,3.10,1.77,544,10,128,271
11905,36271,2849,2300,549,2109,191,2.61,2.91,2300,3,1080,1029
11906,36272,6518,5134,1384,3982,1152,2.52,2.64,5134,250,1666,2316
11907,36273,1421,1150,271,987,163,2.41,2.87,1150,69,410,577
11908,36274,5227,4123,1104,3140,983,2.48,2.29,4123,251,1258,1882
11909,36276,1184,997,187,788,209,2.69,2.11,997,42,248,540
11910,36277,2292,1924,368,1614,310,2.97,3.63,1924,75,1024,590
11911,36278,3319,1740,1579,1469,271,2.14,2.81,1740,72,554,915
11912,36279,1092,914,178,776,138,2.97,4.49,914,14,328,448
11913,36280,2056,1585,471,1349,236,2.58,3.22,1585,17,617,732
11914,36301,17681,15084,2597,9101,5983,2.45,2.53,15084,949,5311,3790
11915,36303,14747,11898,2849,7166,4732,2.59,2.57,11898,1015,4100,3066
11916,36305,7118,6350,768,4396,1954,2.67,2.55,6350,216,3092,1304
11917,36310,4144,2408,1736,1853,555,2.34,2.58,2408,340,647,1206
11918,36311,1183,912,271,735,177,2.44,2.75,912,17,390,345
11919,36312,2806,2339,467,1697,642,2.55,2.74,2339,147,782,915
11920,36313,179,140,39,116,24,1.22,-,140,0,20,96
11921,36314,263,207,56,178,29,2.72,1.62,207,0,31,147
11922,36316,963,790,173,687,103,2.60,3.42,790,8,354,333
11923,36317,327,266,61,239,27,2.40,2.85,266,4,45,194
11924,36318,758,554,204,504,50,2.68,3.08,554,2,288,216
11925,36319,1047,878,169,714,164,2.90,1.90,878,22,402,312
11926,36320,1655,1304,351,1076,228,2.54,2.28,1304,42,442,634
11927,36321,852,761,91,604,157,2.77,2.92,761,16,354,250
11928,36322,4613,3922,691,2264,1658,2.11,2.21,3922,197,826,1438
11929,36323,3805,2970,835,2295,675,2.54,2.54,2970,149,973,1322
11930,36330,16554,14726,1828,9531,5195,2.46,2.73,14726,636,5965,3566
11931,36340,2669,2327,342,1533,794,2.12,2.69,2327,308,676,857
11932,36343,721,535,186,417,118,2.28,2.97,535,42,187,230
11933,36344,2716,2100,616,1533,567,2.81,3.15,2100,194,867,666
11934,36345,3571,3146,425,2669,477,2.70,2.71,3146,65,1423,1246
11935,36346,724,474,250,424,50,2.48,2.00,474,8,137,287
11936,36350,3355,2940,415,1795,1145,2.63,2.55,2940,176,1152,643
11937,36351,1800,1509,291,1232,277,2.45,2.39,1509,77,583,649
11938,36352,2052,1882,170,1622,260,2.92,2.70,1882,86,998,624
11939,36353,811,581,230,533,48,2.85,1.96,581,27,243,290
11940,36360,9087,7823,1264,5036,2787,2.31,2.54,7823,453,2434,2602
11941,36362,1519,1461,58,10,1451,5.60,3.30,1461,2,0,10
11942,36370,485,398,87,370,28,2.45,3.00,398,22,131,239
11943,36371,206,195,11,147,48,2.07,2.71,195,16,87,60
11944,36373,466,217,249,192,25,3.11,2.72,217,5,84,108
11945,36374,457,222,235,180,42,2.31,2.83,222,9,76,104
11946,36375,3095,2611,484,1913,698,2.55,2.86,2611,112,1043,870
11947,36376,1121,915,206,745,170,2.38,2.75,915,65,345,400
11948,36401,3969,2577,1392,2002,575,2.79,3.10,2577,256,464,1538
11949,36420,5126,4076,1050,2971,1105,2.58,2.28,4076,160,1299,1672
11950,36421,4938,3581,1357,2606,975,2.82,2.18,3581,280,1181,1425
11951,36425,491,293,198,214,79,2.97,2.63,293,9,65,149
11952,36426,7053,5328,1725,3668,1660,2.92,2.60,5328,288,1515,2153
11953,36432,1052,665,387,463,202,3.59,2.03,665,12,127,336
11954,36435,286,167,119,140,27,2.85,3.48,167,20,39,101
11955,36436,333,202,131,182,20,2.32,9.80,202,0,98,84
11956,36439,70,34,36,21,13,2.62,2.08,34,5,14,7
11957,36441,2057,1461,596,1044,417,2.57,2.74,1461,49,347,697
11958,36442,1698,1231,467,889,342,2.75,3.22,1231,77,372,517
11959,36444,458,252,206,200,52,2.86,1.58,252,38,71,129
11960,36445,2329,1901,428,1531,370,2.62,3.58,1901,75,352,1179
11961,36446,214,136,78,99,37,3.77,2.11,136,14,9,90
11962,36451,2363,1800,563,1361,439,2.50,2.71,1800,86,488,873
11963,36453,1088,940,148,738,202,2.74,2.22,940,30,269,469
11964,36454,57,22,35,22,0,1.05,-,22,0,0,22
11965,36455,190,116,74,71,45,2.51,1.84,116,6,5,66
11966,36456,907,648,259,526,122,2.64,2.57,648,28,149,377
11967,36460,4912,3735,1177,2469,1266,2.86,2.10,3735,335,1015,1454
11968,36467,4824,3958,866,2983,975,2.46,2.37,3958,209,1295,1688
11969,36470,0,0,0,0,0,-,-,0,0,0,0
11970,36471,563,310,253,156,154,2.47,2.15,310,4,28,128
11971,36473,140,74,66,52,22,3.33,6.82,74,0,4,48
11972,36474,1460,1051,409,931,120,2.60,2.20,1051,19,280,651
11973,36475,912,623,289,560,63,2.56,3.60,623,17,109,451
11974,36476,34,11,23,3,8,2.00,2.50,11,0,0,3
11975,36477,1923,1511,412,1133,378,2.38,2.52,1511,96,441,692
11976,36480,931,575,356,510,65,2.87,3.15,575,35,172,338
11977,36481,138,69,69,57,12,3.84,3.25,69,3,28,29
11978,36482,514,363,151,319,44,2.90,1.61,363,22,141,178
11979,36483,277,211,66,179,32,2.70,1.91,211,1,34,145
11980,36502,7513,6053,1460,3871,2182,2.42,2.65,6053,449,1554,2317
11981,36503,0,0,0,0,0,-,-,0,0,0,0
11982,36505,377,366,11,331,35,2.64,1.34,366,17,207,124
11983,36507,7976,7121,855,5390,1731,2.71,2.93,7121,344,2858,2532
11984,36509,771,593,178,378,215,2.77,2.55,593,50,133,245
11985,36511,534,271,263,271,0,1.31,-,271,0,95,176
11986,36512,7,7,0,7,0,1.86,-,7,0,0,7
11987,36513,126,104,22,104,0,2.87,-,104,0,7,97
11988,36518,1148,785,363,628,157,3.21,2.31,785,26,301,327
11989,36521,2121,1949,172,1763,186,2.58,3.32,1949,99,1018,745
11990,36522,2918,2454,464,1726,728,2.86,2.83,2454,39,864,862
11991,36523,1092,932,160,675,257,2.84,3.86,932,10,272,403
11992,36524,866,428,438,355,73,2.83,2.18,428,17,105,250
11993,36525,806,744,62,574,170,3.12,3.20,744,3,264,310
11994,36526,13800,12682,1118,9214,3468,2.73,2.63,12682,109,6326,2888
11995,36527,6579,5926,653,4316,1610,3.30,1.79,5926,214,3102,1214
11996,36528,2157,773,1384,736,37,2.24,2.54,773,5,300,436
11997,36529,191,86,105,86,0,2.94,-,86,25,30,56
11998,36530,3821,2870,951,2258,612,2.21,2.34,2870,112,1136,1122
11999,36532,15921,13481,2440,11442,2039,2.71,2.21,13481,492,6189,5253
12000,36535,17850,15286,2564,11818,3468,2.40,2.32,15286,176,7162,4656
12001,36538,269,146,123,106,40,1.97,3.73,146,29,0,106
12002,36539,317,203,114,196,7,2.73,-,203,0,84,112
12003,36540,360,257,103,208,49,3.86,1.24,257,87,12,196
12004,36541,6188,5214,974,4557,657,2.85,3.02,5214,266,2560,1997
12005,36542,18322,7926,10396,5094,2832,2.25,1.85,7926,154,2660,2434
12006,36543,5,5,0,5,0,1.60,-,5,0,0,5
12007,36544,4884,4263,621,3146,1117,2.89,2.65,4263,368,1366,1780
12008,36545,4369,3151,1218,2275,876,3.06,2.21,3151,389,839,1436
12009,36547,0,0,0,0,0,-,-,0,0,0,0
12010,36548,459,319,140,306,13,3.05,6.46,319,23,140,166
12011,36549,2901,2314,587,1968,346,2.41,2.95,2314,38,837,1131
12012,36550,194,143,51,101,42,1.57,4.52,143,27,44,57
12013,36551,4523,3873,650,3143,730,3.11,3.07,3873,54,2172,971
12014,36553,1459,1007,452,958,49,3.39,2.37,1007,4,215,743
12015,36555,647,446,201,403,43,3.18,1.65,446,23,230,173
12016,36556,316,54,262,54,0,2.46,-,54,0,23,31
12017,36558,1945,1421,524,1319,102,2.84,2.21,1421,20,434,885
12018,36559,184,69,115,69,0,2.17,-,69,0,0,69
12019,36560,1313,1075,238,800,275,2.82,2.25,1075,153,176,624
12020,36561,15689,4029,11660,2993,1036,2.36,1.65,4029,72,1558,1435
12021,36562,647,532,115,437,95,2.43,3.27,532,8,173,264
12022,36564,0,0,0,0,0,-,-,0,0,0,0
12023,36567,5564,5051,513,3901,1150,2.70,2.84,5051,143,2049,1852
12024,36568,55,55,0,34,21,1.50,2.29,55,0,0,34
12025,36569,340,231,109,225,6,3.08,2.67,231,14,52,173
12026,36571,7245,6421,824,5001,1420,2.67,2.25,6421,220,2998,2003
12027,36572,2543,2395,148,1958,437,2.84,2.56,2395,33,1362,596
12028,36574,626,485,141,405,80,3.14,3.58,485,43,202,203
12029,36575,8144,7610,534,6227,1383,2.91,2.82,7610,256,4127,2100
12030,36576,1981,1701,280,1381,320,2.48,2.68,1701,22,848,533
12031,36578,552,448,104,427,21,2.74,2.19,448,0,278,149
12032,36579,955,430,525,389,41,2.98,2.29,430,9,223,166
12033,36580,2506,2072,434,1743,329,2.92,2.22,2072,88,913,830
12034,36581,165,132,33,132,0,2.30,-,132,0,85,47
12035,36582,10254,9216,1038,7029,2187,2.58,2.79,9216,565,4173,2856
12036,36583,340,304,36,293,11,2.78,1.73,304,7,66,227
12037,36584,426,272,154,237,35,1.65,1.63,272,38,16,221
12038,36585,402,297,105,262,35,3.16,4.80,297,0,53,209
12039,36587,4809,3942,867,3145,797,2.91,3.83,3942,168,1618,1527
12040,36602,743,588,155,120,468,1.70,1.21,588,133,84,36
12041,36603,4007,2971,1036,1036,1935,2.54,2.20,2971,787,403,633
12042,36604,4992,3825,1167,2146,1679,2.55,2.08,3825,353,1299,847
12043,36605,12098,9965,2133,5125,4840,2.55,2.80,9965,1167,3096,2029
12044,36606,9143,7943,1200,3945,3998,2.28,2.38,7943,800,2594,1351
12045,36607,3177,2545,632,1220,1325,2.58,2.03,2545,382,468,752
12046,36608,17428,15134,2294,7918,7216,2.53,1.99,15134,701,5287,2631
12047,36609,12809,11099,1710,4733,6366,2.44,1.85,11099,920,2987,1746
12048,36610,5293,3671,1622,1637,2034,2.58,2.82,3671,653,304,1333
12049,36611,2785,2316,469,1095,1221,2.71,2.81,2316,115,579,516
12050,36612,1725,1414,311,861,553,2.89,3.10,1414,255,488,373
12051,36613,5094,4140,954,2993,1147,2.76,3.20,4140,130,1800,1193
12052,36615,0,0,0,0,0,-,-,0,0,0,0
12053,36617,5834,5012,822,2383,2629,2.45,2.42,5012,542,758,1625
12054,36618,7281,6801,480,4991,1810,2.62,2.77,6801,261,3321,1670
12055,36619,6298,5606,692,3865,1741,2.68,2.83,5606,177,2322,1543
12056,36652,0,0,0,0,0,-,-,0,0,0,0
12057,36663,4,4,0,4,0,2.00,-,4,4,0,4
12058,36688,173,96,77,0,96,-,1.65,96,18,0,0
12059,36693,8779,7609,1170,5314,2295,2.69,2.15,7609,170,3443,1871
12060,36695,20955,19367,1588,13025,6342,2.82,2.46,19367,922,9614,3411
12061,36701,10334,7746,2588,4716,3030,2.85,2.50,7746,700,2185,2531
12062,36703,5919,4756,1163,2676,2080,2.66,2.46,4756,866,795,1881
12063,36720,316,237,79,196,41,2.91,2.39,237,28,54,142
12064,36722,170,66,104,45,21,1.69,2.00,66,0,9,36
12065,36723,240,123,117,113,10,3.81,1.30,123,12,20,93
12066,36726,2411,1734,677,1259,475,2.73,2.86,1734,297,495,764
12067,36727,113,76,37,76,0,1.42,-,76,0,1,75
12068,36728,248,137,111,113,24,4.56,-,137,21,10,103
12069,36732,3927,3178,749,1937,1241,2.26,2.38,3178,422,750,1187
12070,36736,549,424,125,374,50,4.32,2.22,424,27,69,305
12071,36738,409,284,125,198,86,4.57,1.35,284,34,76,122
12072,36740,686,361,325,239,122,3.67,1.70,361,77,29,210
12073,36741,23,0,23,0,0,-,-,0,0,0,0
12074,36742,1238,1029,209,851,178,2.71,3.44,1029,26,171,680
12075,36744,3070,2194,876,1468,726,2.64,2.32,2194,227,509,959
12076,36748,1374,893,481,639,254,2.47,3.22,893,63,241,398
12077,36749,407,297,110,180,117,2.56,1.93,297,62,29,151
12078,36750,1032,844,188,723,121,2.80,2.43,844,15,324,399
12079,36751,248,136,112,119,17,4.17,2.47,136,20,36,83
12080,36752,673,498,175,464,34,2.11,-,498,41,195,269
12081,36753,34,27,7,27,0,-,-,27,0,0,27
12082,36754,146,136,10,110,26,4.95,1.92,136,23,28,82
12083,36756,2069,1490,579,1049,441,3.14,2.45,1490,84,321,728
12084,36758,543,453,90,396,57,3.02,3.00,453,0,166,230
12085,36759,927,716,211,596,120,2.88,3.25,716,17,167,429
12086,36761,491,303,188,201,102,2.03,2.32,303,57,11,190
12087,36763,69,38,31,35,3,3.51,-,38,1,3,32
12088,36764,0,0,0,0,0,-,-,0,0,0,0
12089,36765,596,513,83,471,42,2.99,3.43,513,51,96,375
12090,36766,30,16,14,11,5,1.73,-,16,5,0,11
12091,36767,715,371,344,302,69,4.23,1.55,371,56,67,235
12092,36768,542,325,217,232,93,2.96,3.22,325,19,41,191
12093,36769,1145,829,316,661,168,2.20,3.46,829,114,174,487
12094,36773,201,99,102,55,44,1.58,4.61,99,6,14,41
12095,36775,763,584,179,379,205,2.75,1.35,584,139,102,277
12096,36776,861,569,292,442,127,3.81,2.39,569,56,85,357
12097,36782,1156,776,380,699,77,2.60,4.21,776,22,197,502
12098,36783,562,324,238,207,117,2.31,1.97,324,34,66,141
12099,36784,3032,2040,992,1294,746,3.45,1.98,2040,126,577,717
12100,36785,590,426,164,322,104,2.38,1.45,426,32,219,103
12101,36786,1349,981,368,668,313,2.22,2.91,981,217,101,567
12102,36790,276,238,38,178,60,2.15,3.28,238,29,48,130
12103,36792,753,469,284,395,74,2.80,1.91,469,0,95,300
12104,36793,265,191,74,143,48,3.22,4.56,191,0,67,76
12105,36801,10640,9454,1186,6208,3246,2.49,2.33,9454,1064,3552,2656
12106,36804,7826,6961,865,5698,1263,2.77,2.77,6961,51,3504,2194
12107,36830,22519,19492,3027,10485,9007,2.76,2.08,19492,766,6706,3779
12108,36832,13506,10248,3258,4895,5353,2.80,2.46,10248,519,3002,1893
12109,36849,0,0,0,0,0,-,-,0,0,0,0
12110,36850,1473,1117,356,888,229,2.43,2.72,1117,141,292,596
12111,36851,0,0,0,0,0,-,-,0,0,0,0
12112,36852,961,761,200,542,219,3.68,3.96,761,37,318,224
12113,36853,5827,3238,2589,2582,656,2.46,2.37,3238,248,1213,1369
12114,36854,7724,6201,1523,4085,2116,2.68,2.44,6201,355,2310,1775
12115,36855,651,561,90,487,74,2.16,3.39,561,15,248,239
12116,36856,2897,2737,160,2492,245,3.15,3.02,2737,33,1679,813
12117,36858,241,224,17,213,11,2.03,3.64,224,51,83,130
12118,36860,1026,775,251,560,215,2.32,2.58,775,64,117,443
12119,36861,2030,1218,812,1143,75,2.36,1.65,1218,57,586,557
12120,36862,2658,2115,543,1516,599,2.31,2.68,2115,251,561,955
12121,36863,5826,4549,1277,3140,1409,2.76,2.55,4549,352,1476,1664
12122,36865,19,13,6,7,6,3.86,2.50,13,0,7,0
12123,36866,1948,1670,278,1264,406,2.26,3.16,1670,35,527,737
12124,36867,10384,8852,1532,4070,4782,2.41,2.37,8852,854,2244,1826
12125,36869,10190,8732,1458,5284,3448,2.50,2.48,8732,680,3109,2175
12126,36870,8021,7254,767,5429,1825,2.65,2.85,7254,215,3624,1805
12127,36871,676,435,241,392,43,2.55,2.00,435,9,137,255
12128,36874,4180,3487,693,3191,296,2.78,2.10,3487,34,1632,1559
12129,36875,1642,1445,197,1134,311,2.74,2.01,1445,93,529,605
12130,36877,4479,4020,459,3090,930,3.20,3.24,4020,133,1977,1113
12131,36879,960,826,134,685,141,3.22,2.69,826,1,509,176
12132,36901,57,34,23,34,0,2.18,-,34,0,0,34
12133,36904,2141,1582,559,1241,341,2.24,2.77,1582,98,572,669
12134,36907,1104,794,310,678,116,2.23,2.51,794,21,119,559
12135,36908,1068,682,386,594,88,2.46,3.98,682,46,196,398
12136,36910,6,6,0,6,0,2.33,-,6,0,6,0
12137,36912,949,640,309,543,97,2.42,4.88,640,20,156,387
12138,36913,23,23,0,23,0,2.17,-,23,0,0,23
12139,36915,380,290,90,227,63,2.78,1.76,290,7,83,144
12140,36916,406,307,99,245,62,2.60,2.15,307,27,25,220
12141,36919,926,700,226,584,116,2.50,2.28,700,29,102,482
12142,36921,721,641,80,566,75,1.50,1.61,641,97,124,442
12143,36922,372,205,167,178,27,3.22,5.56,205,12,20,158
12144,36925,1681,1337,344,802,535,2.17,1.89,1337,168,295,507
12145,37010,2028,1821,207,1721,100,2.92,3.81,1821,76,1135,586
12146,37012,1011,872,139,690,182,2.46,2.10,872,81,392,298
12147,37013,37809,35483,2326,19926,15557,3.00,2.71,35483,1110,16362,3564
12148,37014,1252,1220,32,1196,24,2.43,2.08,1220,0,594,602
12149,37015,7902,7047,855,5260,1787,2.62,2.71,7047,175,3254,2006
12150,37016,430,409,21,345,64,2.26,2.28,409,1,179,166
12151,37018,1003,750,253,609,141,3.14,4.09,750,0,286,323
12152,37019,315,266,49,159,107,2.57,3.55,266,0,92,67
12153,37020,2042,1974,68,1847,127,2.61,2.50,1974,1,1275,572
12154,37022,2505,2281,224,1995,286,2.78,3.35,2281,114,1167,828
12155,37023,594,529,65,370,159,2.55,2.76,529,16,179,191
12156,37025,2314,1902,412,1797,105,2.71,2.06,1902,86,999,798
12157,37026,1030,965,65,826,139,2.54,2.34,965,64,328,498
12158,37027,22696,21914,782,18115,3799,2.90,2.12,21914,270,11742,6373
12159,37028,303,194,109,180,14,1.82,-,194,0,77,103
12160,37029,2688,2451,237,2295,156,2.84,2.51,2451,30,1406,889
12161,37030,3332,3099,233,2183,916,2.48,2.43,3099,172,1040,1143
12162,37031,1750,1645,105,1500,145,2.54,2.18,1645,10,968,532
12163,37032,1964,1732,232,1377,355,3.00,3.10,1732,21,1004,373
12164,37033,3752,3046,706,2124,922,2.43,2.88,3046,175,1105,1019
12165,37034,3216,2915,301,2356,559,2.64,2.36,2915,18,1552,804
12166,37035,1472,1433,39,1294,139,2.45,2.78,1433,32,787,507
12167,37036,2531,2055,476,1807,248,2.94,2.96,2055,81,788,1019
12168,37037,3067,2672,395,2475,197,3.27,3.62,2672,66,1946,529
12169,37040,23149,21037,2112,12468,8569,2.85,2.45,21037,1130,8909,3559
12170,37042,33024,30082,2942,16816,13266,2.84,2.64,30082,1169,13426,3390
12171,37043,20220,18988,1232,13498,5490,2.89,2.22,18988,528,9217,4281
12172,37046,2296,2180,116,2026,154,2.72,2.79,2180,12,1227,799
12173,37047,1011,836,175,665,171,2.51,3.53,836,9,331,334
12174,37048,2560,2374,186,2067,307,2.86,2.69,2374,49,1191,876
12175,37049,1433,1383,50,1137,246,2.87,2.56,1383,44,701,436
12176,37050,842,623,219,506,117,2.79,3.40,623,38,200,306
12177,37051,1760,1431,329,1213,218,2.37,4.61,1431,16,665,548
12178,37052,927,844,83,818,26,1.96,3.35,844,36,284,534
12179,37055,11606,10449,1157,7625,2824,2.71,2.60,10449,346,4292,3333
12180,37057,446,320,126,220,100,1.97,2.81,320,27,7,213
12181,37058,3895,2825,1070,2263,562,2.66,2.64,2825,194,954,1309
12182,37059,632,588,44,395,193,2.16,3.17,588,28,124,271
12183,37060,1189,963,226,854,109,2.82,2.42,963,26,578,276
12184,37061,2087,1625,462,1203,422,3.18,3.14,1625,121,575,628
12185,37062,4922,4778,144,3805,973,2.71,2.60,4778,118,2460,1345
12186,37064,23511,22401,1110,17698,4703,2.80,2.39,22401,891,12811,4887
12187,37066,24194,22478,1716,15345,7133,2.54,2.46,22478,788,9950,5395
12188,37067,13356,12896,460,7215,5681,2.94,1.94,12896,405,5007,2208
12189,37069,7236,7019,217,6173,846,2.87,3.17,7019,67,3988,2185
12190,37072,14111,13324,787,9090,4234,2.52,2.13,13324,452,5726,3364
12191,37073,5190,4974,216,4242,732,2.80,3.25,4974,52,2731,1511
12192,37074,3209,2936,273,2256,680,2.77,3.31,2936,69,1447,809
12193,37075,28160,26699,1461,19774,6925,2.73,2.40,26699,606,14168,5606
12194,37076,18135,16614,1521,9569,7045,2.48,2.09,16614,479,6632,2937
12195,37078,315,171,144,122,49,2.07,4.24,171,0,57,65
12196,37079,1300,1018,282,811,207,2.62,3.73,1018,0,290,521
12197,37080,3246,3001,245,2423,578,2.27,2.76,3001,50,1233,1190
12198,37082,2255,2222,33,1803,419,2.55,2.63,2222,80,1185,618
12199,37083,6468,5851,617,4276,1575,2.58,2.55,5851,121,2517,1759
12200,37085,2188,1909,279,1735,174,2.76,2.17,1909,59,1172,563
12201,37086,13301,12593,708,9111,3482,2.79,3.23,12593,226,7088,2023
12202,37087,20138,18754,1384,13078,5676,2.70,2.48,18754,877,8264,4814
12203,37090,6423,5959,464,4204,1755,2.79,2.36,5959,166,2499,1705
12204,37091,9588,8597,991,6084,2513,2.67,2.58,8597,379,2735,3349
12205,37095,1127,953,174,656,297,2.71,2.54,953,58,288,368
12206,37096,3318,2126,1192,1663,463,2.67,2.96,2126,104,484,1179
12207,37097,1225,757,468,572,185,2.48,2.45,757,17,213,359
12208,37098,2278,2170,108,1553,617,3.04,2.73,2170,41,738,815
12209,37101,2625,2171,454,1859,312,3.15,2.72,2171,95,983,876
12210,37110,14841,12962,1879,8864,4098,2.56,2.38,12962,771,3955,4909
12211,37115,18638,17142,1496,7500,9642,2.40,2.39,17142,2042,5148,2352
12212,37118,449,449,0,449,0,2.40,-,449,32,195,254
12213,37122,24495,22563,1932,18665,3898,2.79,2.69,22563,342,12999,5666
12214,37127,7261,6901,360,5461,1440,2.90,2.96,6901,138,3868,1593
12215,37128,25901,24552,1349,16535,8017,3.02,2.41,24552,329,12866,3669
12216,37129,22607,20894,1713,14503,6391,2.94,2.46,20894,396,10223,4280
12217,37130,25642,22855,2787,10178,12677,2.65,2.49,22855,1114,6591,3587
12218,37132,0,0,0,0,0,-,-,0,0,0,0
12219,37134,1358,1004,354,787,217,2.83,4.27,1004,41,378,409
12220,37135,6794,6566,228,6172,394,3.23,3.09,6566,94,5010,1162
12221,37137,1357,1136,221,1004,132,2.13,1.89,1136,33,471,533
12222,37138,9954,9527,427,7563,1964,2.50,2.72,9527,307,5288,2275
12223,37140,156,83,73,82,1,2.94,2.00,83,0,32,50
12224,37141,530,494,36,449,45,2.57,2.24,494,18,173,276
12225,37142,885,711,174,602,109,2.78,2.47,711,0,234,368
12226,37143,1550,1443,107,1245,198,2.63,2.91,1443,9,857,388
12227,37144,1418,1296,122,1164,132,2.66,2.35,1296,21,569,595
12228,37145,1161,1013,148,866,147,2.63,2.68,1013,37,372,494
12229,37146,2957,2866,91,2394,472,2.58,2.94,2866,61,1815,579
12230,37148,9464,8820,644,6345,2475,2.85,2.69,8820,271,4332,2013
12231,37149,1043,920,123,822,98,2.36,1.69,920,9,447,375
12232,37150,2213,1693,520,1187,506,2.29,3.47,1693,113,450,737
12233,37151,299,238,61,169,69,2.11,1.12,238,37,115,54
12234,37153,1952,1845,107,1617,228,2.81,3.54,1845,10,940,677
12235,37160,13666,12616,1050,7963,4653,2.63,2.98,12616,723,4895,3068
12236,37165,29,26,3,18,8,2.89,-,26,8,11,7
12237,37166,6776,5676,1100,3713,1963,2.44,2.43,5676,452,2118,1595
12238,37167,22702,21585,1117,12965,8620,2.89,2.63,21585,573,9685,3280
12239,37171,358,358,0,304,54,3.53,5.19,358,0,163,141
12240,37172,12267,11514,753,7788,3726,2.45,3.01,11514,515,4889,2899
12241,37174,17543,16722,821,12575,4147,2.82,2.58,16722,358,9837,2738
12242,37175,726,341,385,300,41,2.06,1.88,341,4,122,178
12243,37178,1030,835,195,744,91,2.41,1.89,835,0,338,406
12244,37179,5267,5088,179,4339,749,3.23,2.92,5088,76,3234,1105
12245,37180,1470,1454,16,1185,269,2.95,2.95,1454,32,733,452
12246,37181,829,678,151,562,116,2.46,2.54,678,13,228,334
12247,37183,1543,1311,232,1185,126,2.42,2.19,1311,26,676,509
12248,37184,2770,2638,132,2049,589,2.65,2.55,2638,9,1124,925
12249,37185,4679,3392,1287,2583,809,2.46,2.72,3392,53,1153,1430
12250,37186,4211,3651,560,2512,1139,2.94,2.84,3651,188,1306,1206
12251,37187,3393,2962,431,2198,764,2.72,2.30,2962,98,1390,808
12252,37188,6324,6288,36,4974,1314,2.73,2.13,6288,113,3857,1117
12253,37189,1784,1655,129,1317,338,2.45,3.08,1655,85,943,374
12254,37190,3862,3416,446,2558,858,2.53,2.42,3416,161,1217,1341
12255,37191,1803,1525,278,1361,164,2.89,1.96,1525,21,1105,256
12256,37201,1652,857,795,404,453,1.80,1.11,857,95,122,282
12257,37203,13967,10819,3148,2110,8709,1.76,1.53,10819,1473,1429,681
12258,37204,7571,6632,939,3678,2954,2.51,2.03,6632,275,2503,1175
12259,37205,12543,11588,955,7917,3671,2.31,1.80,11588,784,4442,3475
12260,37206,13445,12176,1269,6092,6084,2.36,2.24,12176,1253,4969,1123
12261,37207,17142,15745,1397,9064,6681,2.57,2.58,15745,1312,6330,2734
12262,37208,9547,8114,1433,2615,5499,2.13,2.04,8114,1275,1857,758
12263,37209,19126,17410,1716,7685,9725,2.17,2.00,17410,1281,5607,2078
12264,37210,8332,7154,1178,1882,5272,2.26,2.13,7154,1460,1130,752
12265,37211,32692,29394,3298,14194,15200,2.53,2.44,29394,1551,9740,4454
12266,37212,8108,6896,1212,2888,4008,2.44,1.82,6896,598,1876,1012
12267,37213,24,24,0,0,24,-,-,24,0,0,0
12268,37214,15078,14203,875,8752,5451,2.10,2.32,14203,333,6227,2525
12269,37215,11422,10345,1077,8026,2319,2.34,1.65,10345,356,4988,3038
12270,37216,9407,8572,835,6143,2429,2.26,2.16,8572,251,4720,1423
12271,37217,13893,12416,1477,5893,6523,2.53,2.48,12416,801,4327,1566
12272,37218,6421,5877,544,3815,2062,2.43,2.32,5877,618,2502,1313
12273,37219,1553,991,562,253,738,1.34,1.45,991,30,114,139
12274,37220,2610,2456,154,2297,159,2.68,2.04,2456,36,1357,940
12275,37221,19551,18388,1163,13375,5013,2.35,2.14,18388,291,8712,4663
12276,37228,1353,1249,104,0,1249,-,1.25,1249,374,0,0
12277,37232,0,0,0,0,0,-,-,0,0,0,0
12278,37238,0,0,0,0,0,-,-,0,0,0,0
12279,37301,497,376,121,324,52,2.48,2.33,376,25,95,229
12280,37302,2021,1885,136,1369,516,2.83,2.30,1885,123,901,468
12281,37303,11099,9900,1199,6711,3189,2.54,2.08,9900,461,3685,3026
12282,37305,552,385,167,383,2,2.69,4.00,385,14,184,199
12283,37306,1159,892,267,793,99,2.57,1.92,892,59,428,365
12284,37307,2125,1882,243,1537,345,2.79,1.82,1882,55,957,580
12285,37308,1222,1010,212,838,172,2.35,2.68,1010,9,475,363
12286,37309,923,853,70,641,212,2.35,3.04,853,12,321,320
12287,37310,1655,1430,225,1141,289,2.38,2.17,1430,12,765,376
12288,37311,12412,11117,1295,4964,6153,2.42,2.51,11117,967,2792,2172
12289,37312,14617,13706,911,9475,4231,2.63,2.53,13706,383,5592,3883
12290,37313,680,522,158,440,82,2.30,2.57,522,5,184,256
12291,37315,0,0,0,0,0,-,-,0,0,0,0
12292,37316,0,0,0,0,0,-,-,0,0,0,0
12293,37317,1431,1217,214,892,325,2.30,2.08,1217,168,443,449
12294,37318,822,714,108,432,282,2.55,2.57,714,74,149,283
12295,37321,8683,7634,1049,5366,2268,2.54,2.73,7634,486,2587,2779
12296,37322,3612,3304,308,2482,822,2.47,2.59,3304,157,1092,1390
12297,37323,12866,12005,861,9578,2427,2.62,2.47,12005,539,5370,4208
12298,37324,2588,2255,333,1251,1004,2.40,2.15,2255,193,581,670
12299,37325,888,730,158,616,114,2.28,2.53,730,52,265,351
12300,37326,298,245,53,98,147,2.48,1.15,245,90,61,37
12301,37327,5180,4441,739,3353,1088,2.59,2.68,4441,200,1492,1861
12302,37328,665,567,98,521,46,2.18,3.22,567,0,197,324
12303,37329,2777,2561,216,2130,431,2.38,2.65,2561,104,1169,961
12304,37330,3298,2813,485,2368,445,2.20,3.39,2813,31,1474,894
12305,37331,3574,2807,767,2165,642,2.26,2.83,2807,64,1172,993
12306,37332,1063,952,111,844,108,2.27,2.99,952,22,447,397
12307,37333,274,231,43,172,59,2.37,1.78,231,0,32,140
12308,37334,10228,9380,848,6736,2644,2.63,2.27,9380,696,3641,3095
12309,37335,1361,1071,290,954,117,2.49,2.04,1071,57,458,496
12310,37336,2084,1883,201,1737,146,2.80,2.32,1883,38,884,853
12311,37337,650,402,248,359,43,1.92,1.21,402,0,85,274
12312,37338,1229,1077,152,833,244,2.88,2.19,1077,44,394,439
12313,37339,726,540,186,464,76,2.95,4.12,540,12,171,293
12314,37340,207,207,0,158,49,1.64,5.20,207,0,0,158
12315,37341,5588,5216,372,4265,951,2.60,2.10,5216,71,2726,1539
12316,37342,1587,1460,127,1129,331,2.57,3.08,1460,52,481,648
12317,37343,18099,16815,1284,12807,4008,2.56,2.11,16815,642,7769,5038
12318,37345,1029,969,60,774,195,2.70,2.54,969,56,332,442
12319,37347,3771,3464,307,2774,690,2.32,2.43,3464,76,1136,1638
12320,37348,434,312,122,252,60,2.42,1.35,312,18,101,151
12321,37350,833,770,63,735,35,2.72,2.09,770,18,411,324
12322,37351,204,150,54,120,30,1.99,1.70,150,14,71,49
12323,37352,1563,1211,352,994,217,2.49,2.83,1211,61,497,497
12324,37353,2163,2033,130,1670,363,2.57,1.98,2033,112,817,853
12325,37354,7694,6959,735,5085,1874,2.53,2.21,6959,300,2244,2841
12326,37355,12015,10981,1034,7390,3591,2.59,2.49,10981,254,3663,3727
12327,37356,1438,1040,398,680,360,2.66,2.45,1040,67,279,401
12328,37357,2310,2011,299,1665,346,2.82,2.57,2011,81,748,917
12329,37359,527,436,91,391,45,2.54,2.04,436,31,172,219
12330,37360,762,714,48,547,167,2.89,2.06,714,11,310,237
12331,37361,1045,760,285,584,176,2.28,2.15,760,17,203,381
12332,37362,1552,1351,201,1078,273,2.70,1.96,1351,100,395,683
12333,37363,15739,14878,861,11247,3631,2.76,2.24,14878,394,6816,4431
12334,37365,642,536,106,470,66,3.46,3.17,536,39,179,291
12335,37366,510,425,85,368,57,2.19,2.96,425,0,203,165
12336,37367,4591,3907,684,3090,817,2.58,3.20,3907,223,1383,1707
12337,37369,380,178,202,164,14,2.85,1.29,178,9,38,126
12338,37370,2348,2124,224,1783,341,2.58,2.69,2124,16,969,814
12339,37373,1177,1119,58,982,137,3.00,1.59,1119,52,528,454
12340,37374,738,666,72,543,123,2.76,2.28,666,11,296,247
12341,37375,1297,1053,244,844,209,2.22,2.65,1053,7,378,466
12342,37376,271,216,55,105,111,2.38,-,216,131,30,75
12343,37377,6595,6159,436,5368,791,2.69,2.11,6159,149,3157,2211
12344,37379,11788,10781,1007,8850,1931,2.66,2.09,10781,287,4742,4108
12345,37380,2740,2444,296,1637,807,2.57,2.41,2444,154,954,683
12346,37381,5083,3959,1124,3129,830,2.52,2.23,3959,222,1334,1795
12347,37383,0,0,0,0,0,-,-,0,0,0,0
12348,37385,4138,3070,1068,2580,490,2.83,2.62,3070,67,1087,1493
12349,37387,1748,1453,295,1201,252,2.83,2.04,1453,133,670,531
12350,37388,11664,10692,972,7352,3340,2.51,2.34,10692,522,4152,3200
12351,37391,884,636,248,473,163,2.78,2.70,636,28,155,318
12352,37394,71,51,20,47,4,2.02,-,51,4,16,31
12353,37396,137,110,27,98,12,2.22,2.83,110,9,64,34
12354,37397,4687,4004,683,3043,961,2.54,2.27,4004,248,1486,1557
12355,37398,7348,6150,1198,4465,1685,2.52,2.34,6150,299,2352,2113
12356,37402,3030,2421,609,136,2285,2.12,1.53,2421,996,115,21
12357,37403,2122,1801,321,415,1386,1.82,1.69,1801,221,294,121
12358,37404,6140,5123,1017,2527,2596,2.30,2.66,5123,485,1411,1116
12359,37405,9930,8857,1073,4228,4629,2.28,1.83,8857,785,2958,1270
12360,37406,6058,5480,578,2531,2949,2.38,2.42,5480,914,1253,1278
12361,37407,3550,3168,382,1027,2141,2.68,3.46,3168,515,361,666
12362,37408,1334,1054,280,348,706,2.26,1.85,1054,97,212,136
12363,37409,1740,1535,205,1014,521,2.16,2.26,1535,57,769,245
12364,37410,1961,1494,467,425,1069,1.80,2.36,1494,407,235,190
12365,37411,8618,7682,936,4400,3282,2.47,2.26,7682,902,2892,1508
12366,37412,10348,9774,574,5924,3850,2.21,2.25,9774,493,4026,1898
12367,37415,11824,10712,1112,6544,4168,2.26,1.87,10712,263,3856,2688
12368,37416,6470,6142,328,3614,2528,2.55,2.17,6142,124,2354,1260
12369,37419,2966,2600,366,2068,532,2.32,2.51,2600,115,1052,1016
12370,37421,23636,21863,1773,12452,9411,2.49,2.20,21863,774,8000,4452
12371,37450,0,0,0,0,0,-,-,0,0,0,0
12372,37601,17957,16115,1842,8658,7457,2.31,2.17,16115,1187,4597,4061
12373,37604,18600,16739,1861,8285,8454,2.43,1.92,16739,1439,4928,3357
12374,37614,0,0,0,0,0,-,-,0,0,0,0
12375,37615,10002,9211,791,6953,2258,2.47,2.07,9211,215,3858,3095
12376,37616,2316,1982,334,1461,521,2.76,1.56,1982,183,856,605
12377,37617,6092,5549,543,4736,813,2.50,2.19,5549,162,2488,2248
12378,37618,5893,5231,662,3948,1283,2.40,2.78,5231,183,1887,2061
12379,37620,18406,16327,2079,11543,4784,2.36,2.16,16327,784,5780,5763
12380,37640,2425,1518,907,1166,352,2.17,2.14,1518,69,522,644
12381,37641,4515,4014,501,3217,797,2.33,2.70,4014,161,1479,1738
12382,37642,7260,6194,1066,4773,1421,2.44,2.21,6194,197,2385,2388
12383,37643,16058,13970,2088,9934,4036,2.40,2.24,13970,921,4660,5274
12384,37645,2350,2251,99,1922,329,2.53,1.81,2251,96,1108,814
12385,37650,6266,5393,873,4193,1200,2.40,2.08,5393,332,1895,2298
12386,37656,1673,1484,189,1269,215,2.42,1.65,1484,93,603,666
12387,37657,493,349,144,280,69,2.26,3.67,349,13,95,185
12388,37658,1872,1550,322,1271,279,2.46,2.71,1550,101,472,799
12389,37659,12551,11463,1088,9380,2083,2.40,2.34,11463,428,5697,3683
12390,37660,20117,17343,2774,10781,6562,2.24,2.15,17343,1500,5135,5646
12391,37663,6518,6070,448,5067,1003,2.31,2.19,6070,141,2949,2118
12392,37664,13798,12553,1245,8893,3660,2.39,1.92,12553,899,4742,4151
12393,37665,2609,2180,429,1324,856,2.27,2.31,2180,120,838,486
12394,37680,225,197,28,163,34,1.89,2.06,197,14,14,149
12395,37681,2806,2495,311,2078,417,2.54,1.68,2495,120,876,1202
12396,37682,31,31,0,31,0,3.03,-,31,0,0,31
12397,37683,6052,4969,1083,3991,978,2.44,2.33,4969,229,1608,2383
12398,37686,3553,3148,405,2539,609,2.89,2.15,3148,75,1464,1075
12399,37687,2422,1777,645,1563,214,2.48,2.08,1777,119,543,1020
12400,37688,643,485,158,442,43,1.98,1.35,485,6,173,269
12401,37690,2060,1966,94,1693,273,2.63,2.63,1966,32,1165,528
12402,37691,339,221,118,95,126,2.07,2.83,221,41,21,74
12403,37692,2265,2124,141,1393,731,2.60,1.80,2124,125,492,901
12404,37694,1047,888,159,758,130,2.30,2.55,888,62,363,395
12405,37701,3966,3398,568,2263,1135,2.39,2.62,3398,128,1325,938
12406,37705,2400,1733,667,1386,347,2.91,2.80,1733,39,954,432
12407,37708,3470,2633,837,1956,677,2.58,2.13,2633,169,901,1055
12408,37709,1581,1479,102,1125,354,2.49,3.24,1479,48,553,572
12409,37710,469,421,48,395,26,2.64,3.27,421,7,178,217
12410,37711,2491,2053,438,1738,315,2.54,2.78,2053,42,705,1033
12411,37713,629,533,96,425,108,2.59,2.87,533,29,223,202
12412,37714,2163,1648,515,1231,417,2.60,2.69,1648,24,431,800
12413,37715,407,331,76,296,35,2.55,2.14,331,14,36,260
12414,37716,11553,10468,1085,7357,3111,2.55,2.29,10468,496,3655,3702
12415,37719,66,23,43,19,4,1.37,9.00,23,11,8,11
12416,37721,5920,5595,325,4813,782,2.57,2.31,5595,78,3020,1793
12417,37722,3425,2645,780,2137,508,2.58,2.65,2645,127,808,1329
12418,37723,722,563,159,474,89,2.11,1.73,563,11,170,304
12419,37724,1327,1189,138,661,528,2.21,1.69,1189,40,268,393
12420,37725,8181,6442,1739,5141,1301,2.74,2.62,6442,87,3030,2111
12421,37726,847,654,193,557,97,3.01,2.13,654,19,152,405
12422,37727,1066,859,207,729,130,2.67,2.22,859,50,223,506
12423,37729,654,553,101,455,98,2.98,3.24,553,29,116,339
12424,37730,20,20,0,20,0,2.25,-,20,0,5,15
12425,37731,473,226,247,204,22,2.49,5.09,226,0,35,169
12426,37732,17,17,0,17,0,2.24,-,17,0,0,17
12427,37733,11,0,11,0,0,-,-,0,0,0,0
12428,37737,3002,2547,455,2163,384,2.35,3.01,2547,32,1237,926
12429,37738,6913,1910,5003,1411,499,2.41,2.80,1910,50,765,646
12430,37742,2815,2391,424,2167,224,2.54,3.55,2391,21,1446,721
12431,37743,11301,9727,1574,7572,2155,2.43,2.61,9727,305,3688,3884
12432,37745,8693,7390,1303,5176,2214,2.48,2.42,7390,429,2891,2285
12433,37748,8388,7014,1374,5036,1978,2.37,2.09,7014,711,2536,2500
12434,37752,2652,2384,268,1709,675,2.33,2.01,2384,99,616,1093
12435,37753,481,372,109,232,140,2.63,3.07,372,0,30,202
12436,37754,1779,1432,347,1233,199,2.55,2.03,1432,103,606,627
12437,37755,1298,1144,154,830,314,2.43,2.37,1144,54,389,441
12438,37756,1521,1286,235,854,432,2.54,1.91,1286,61,243,611
12439,37757,4731,4033,698,2841,1192,2.46,2.21,4033,229,1868,973
12440,37760,5539,4823,716,3041,1782,2.70,2.50,4823,206,1784,1257
12441,37762,1329,1098,231,620,478,2.58,1.84,1098,164,338,282
12442,37763,7551,6645,906,5355,1290,2.36,2.51,6645,154,2629,2726
12443,37764,4178,3763,415,2927,836,2.58,2.98,3763,175,1535,1392
12444,37765,378,253,125,244,9,2.57,8.44,253,8,69,175
12445,37766,9549,7144,2405,4285,2859,2.27,2.61,7144,486,2172,2113
12446,37769,2689,2254,435,1615,639,2.43,2.41,2254,82,859,756
12447,37770,1430,1263,167,1119,144,2.31,1.53,1263,63,453,666
12448,37771,7232,6818,414,4758,2060,2.55,2.71,6818,206,2596,2162
12449,37772,5793,5308,485,4538,770,2.44,2.77,5308,118,2765,1773
12450,37774,9402,8300,1102,7219,1081,2.20,2.66,8300,455,3632,3587
12451,37777,5813,5227,586,3477,1750,2.46,2.55,5227,111,1933,1544
12452,37779,1547,1331,216,1085,246,2.49,3.27,1331,66,407,678
12453,37801,12226,11147,1079,7856,3291,2.61,2.19,11147,539,4659,3197
12454,37803,14189,13025,1164,10563,2462,2.48,2.52,13025,410,5742,4821
12455,37804,10423,9669,754,7335,2334,2.61,2.69,9669,297,4565,2770
12456,37806,1515,1279,236,834,445,2.21,2.96,1279,41,390,444
12457,37807,4839,4090,749,3052,1038,2.69,2.85,4090,160,1521,1531
12458,37809,924,831,93,545,286,2.43,2.98,831,42,208,337
12459,37810,851,614,237,485,129,3.05,3.29,614,9,212,273
12460,37811,2124,1723,401,1498,225,2.39,2.79,1723,21,720,778
12461,37813,7546,6614,932,4498,2116,2.68,2.56,6614,276,2317,2181
12462,37814,14929,13298,1631,8247,5051,2.60,2.35,13298,867,4438,3809
12463,37818,2588,2156,432,1730,426,2.56,2.22,2156,72,740,990
12464,37819,254,241,13,148,93,3.03,2.14,241,8,65,83
12465,37820,3315,2804,511,2277,527,2.59,2.48,2804,40,1180,1097
12466,37821,10686,8641,2045,5668,2973,2.43,2.56,8641,451,2304,3364
12467,37825,4332,3831,501,2662,1169,2.36,1.90,3831,326,1369,1293
12468,37826,1954,1851,103,1552,299,2.34,2.56,1851,69,677,875
12469,37828,827,778,49,642,136,1.98,1.46,778,14,352,290
12470,37829,862,630,232,522,108,2.71,4.50,630,29,368,154
12471,37830,15147,13056,2091,8224,4832,2.45,2.31,13056,649,4419,3805
12472,37840,4083,3943,140,2837,1106,2.71,2.52,3943,113,1464,1373
12473,37841,4196,3707,489,2603,1104,2.78,2.08,3707,213,1298,1305
12474,37843,2071,1813,258,1462,351,2.23,2.85,1813,24,637,825
12475,37845,199,112,87,79,33,1.71,7.24,112,0,25,54
12476,37846,1834,1489,345,1144,345,2.81,2.72,1489,28,510,634
12477,37847,1122,1030,92,856,174,2.80,2.87,1030,32,307,549
12478,37848,110,47,63,39,8,1.82,-,47,8,30,9
12479,37849,11164,10828,336,8621,2207,2.74,2.22,10828,354,5227,3394
12480,37851,11,0,11,0,0,-,-,0,0,0,0
12481,37852,1444,1171,273,963,208,2.46,3.42,1171,50,487,476
12482,37853,1570,1386,184,1017,369,2.45,2.17,1386,71,446,571
12483,37854,5759,4741,1018,3482,1259,2.62,2.33,4741,256,1514,1968
12484,37857,9231,7685,1546,5738,1947,2.57,2.69,7685,343,2701,3037
12485,37860,1556,1556,0,1066,490,2.64,2.35,1556,88,604,462
12486,37861,4332,3431,901,2635,796,2.27,2.64,3431,292,1267,1368
12487,37862,13555,8787,4768,5291,3496,2.42,2.67,8787,299,2892,2399
12488,37863,5594,2379,3215,1214,1165,2.37,3.04,2379,66,540,674
12489,37865,9962,8987,975,7375,1612,2.75,2.73,8987,138,4859,2516
12490,37866,1153,661,492,583,78,2.29,3.83,661,23,304,279
12491,37869,2429,1929,500,1421,508,2.23,2.38,1929,175,515,906
12492,37870,2422,1857,565,1506,351,2.25,2.26,1857,147,551,955
12493,37871,3855,3506,349,2363,1143,2.50,2.79,3506,60,1236,1127
12494,37872,874,648,226,539,109,2.96,3.51,648,15,286,253
12495,37873,2138,1738,400,1378,360,2.49,2.37,1738,114,444,934
12496,37874,6949,6338,611,3924,2414,2.60,2.11,6338,492,2083,1841
12497,37876,17479,12376,5103,9622,2754,2.59,2.67,12376,497,4984,4638
12498,37877,3940,3403,537,2909,494,2.71,2.10,3403,24,1679,1230
12499,37878,334,173,161,155,18,2.49,-,173,0,59,96
12500,37879,5397,4784,613,3550,1234,2.32,2.57,4784,284,1609,1941
12501,37880,2273,1546,727,1237,309,2.66,2.07,1546,59,545,692
12502,37881,1033,779,254,654,125,2.38,2.50,779,24,241,413
12503,37882,2565,1306,1259,1041,265,2.19,2.14,1306,38,503,538
12504,37885,2956,2591,365,2067,524,2.25,2.49,2591,59,818,1249
12505,37886,1854,1529,325,1201,328,2.96,3.44,1529,46,674,527
12506,37887,2093,1900,193,1462,438,2.31,2.89,1900,61,673,789
12507,37888,1646,1297,349,1092,205,2.79,1.86,1297,116,213,879
12508,37890,3410,3058,352,2474,584,2.53,2.50,3058,111,967,1507
12509,37891,1561,1402,159,1183,219,2.37,3.62,1402,44,549,634
12510,37892,970,834,136,655,179,2.35,2.97,834,17,256,399
12511,37902,1839,1534,305,298,1236,1.87,1.26,1534,367,213,85
12512,37909,7893,7560,333,3281,4279,2.28,1.95,7560,628,2214,1067
12513,37912,10958,9766,1192,5031,4735,2.18,2.27,9766,447,3075,1956
12514,37914,9858,8737,1121,5845,2892,2.25,2.49,8737,738,3504,2341
12515,37915,3464,2739,725,591,2148,1.96,1.86,2739,1159,232,359
12516,37916,3445,2992,453,111,2881,2.86,2.70,2992,217,41,70
12517,37917,13963,12255,1708,6068,6187,2.11,1.92,12255,1566,3916,2152
12518,37918,19966,18524,1442,12384,6140,2.52,2.20,18524,740,7772,4612
12519,37919,14847,13356,1491,7549,5807,2.43,1.94,13356,996,4394,3155
12520,37920,19764,17461,2303,10394,7067,2.40,2.29,17461,904,5809,4585
12521,37921,12191,10972,1219,6879,4093,2.61,2.52,10972,771,4545,2334
12522,37922,14988,14245,743,11995,2250,2.82,2.33,14245,254,7999,3996
12523,37923,14289,13054,1235,7858,5196,2.56,2.26,13054,400,4957,2901
12524,37924,5654,5234,420,3968,1266,2.65,2.22,5234,209,2541,1427
12525,37929,0,0,0,0,0,-,-,0,0,0,0
12526,37931,12440,11904,536,8306,3598,2.68,2.02,11904,374,5293,3013
12527,37932,8003,7405,598,5431,1974,2.87,2.06,7405,160,3891,1540
12528,37934,10832,10570,262,9070,1500,2.61,2.33,10570,247,5759,3311
12529,37938,7061,6660,401,5937,723,2.58,2.36,6660,190,3568,2369
12530,38001,1908,1696,212,1121,575,2.53,2.54,1696,126,490,631
12531,38002,14824,14555,269,12262,2293,3.02,2.60,14555,367,9180,3082
12532,38004,4224,4047,177,3418,629,2.76,2.95,4047,33,2564,854
12533,38006,2070,1893,177,1185,708,2.81,2.57,1893,137,508,677
12534,38007,6,6,0,6,0,2.17,-,6,0,6,0
12535,38008,4183,3652,531,2297,1355,2.31,2.16,3652,320,1236,1061
12536,38011,3628,3338,290,2619,719,2.95,2.69,3338,91,1584,1035
12537,38012,6030,5234,796,2807,2427,2.47,2.49,5234,604,1491,1316
12538,38015,1013,892,121,748,144,2.45,2.79,892,35,387,361
12539,38016,20307,18536,1771,10634,7902,2.66,2.12,18536,577,8645,1989
12540,38017,20463,19699,764,15531,4168,2.93,2.28,19699,328,11268,4263
12541,38018,14686,14134,552,8681,5453,2.68,2.79,14134,287,6416,2265
12542,38019,6383,5881,502,3516,2365,2.58,2.50,5881,533,1981,1535
12543,38021,5,5,0,5,0,2.40,-,5,0,5,0
12544,38023,2081,1918,163,1454,464,2.81,3.30,1918,101,824,630
12545,38024,11591,10532,1059,6465,4067,2.48,2.40,10532,749,2984,3481
12546,38028,2998,2876,122,2754,122,2.70,2.75,2876,6,1704,1050
12547,38029,15,15,0,15,0,1.93,-,15,0,0,15
12548,38030,176,139,37,54,85,3.56,2.38,139,8,38,16
12549,38034,1587,1328,259,1090,238,2.46,2.55,1328,55,435,655
12550,38036,88,70,18,40,30,2.13,1.73,70,25,21,19
12551,38037,617,521,96,352,169,2.33,2.26,521,39,164,188
12552,38039,826,605,221,471,134,2.78,2.59,605,4,221,250
12553,38040,2369,2095,274,1180,915,2.24,2.31,2095,187,546,634
12554,38041,1331,1038,293,637,401,2.23,2.47,1038,90,228,409
12555,38042,352,303,49,208,95,1.94,1.86,303,9,80,128
12556,38044,415,231,184,185,46,2.17,2.85,231,22,52,133
12557,38046,5,5,0,5,0,1.60,-,5,0,4,1
12558,38047,82,60,22,12,48,1.83,4.79,60,0,12,0
12559,38049,1782,1458,324,1087,371,2.61,2.44,1458,50,663,424
12560,38050,287,255,32,149,106,1.95,2.05,255,19,57,92
12561,38052,1860,1633,227,1255,378,2.49,1.92,1633,97,578,677
12562,38053,10866,9687,1179,6552,3135,2.51,3.06,9687,381,3627,2925
12563,38054,0,0,0,0,0,-,-,0,0,0,0
12564,38057,1684,1383,301,1087,296,2.51,2.25,1383,63,488,599
12565,38058,4160,3778,382,3062,716,2.81,2.68,3778,20,2080,982
12566,38059,3344,3016,328,2031,985,2.55,2.77,3016,104,1076,955
12567,38060,4358,4183,175,3637,546,2.58,2.53,4183,208,2497,1140
12568,38061,583,432,151,387,45,2.90,2.58,432,0,121,266
12569,38063,7124,6036,1088,3611,2425,2.55,2.74,6036,518,1867,1744
12570,38066,1309,1219,90,1126,93,2.44,1.96,1219,78,627,499
12571,38067,889,711,178,608,103,2.15,1.96,711,18,213,395
12572,38068,4449,4043,406,2699,1344,2.71,2.71,4043,236,1624,1075
12573,38069,1439,1147,292,832,315,2.63,2.08,1147,106,313,519
12574,38070,70,70,0,70,0,1.13,-,70,0,61,9
12575,38075,1770,1551,219,1118,433,2.33,2.40,1551,117,579,539
12576,38076,363,355,8,293,62,2.62,2.73,355,16,205,88
12577,38077,21,21,0,21,0,1.76,-,21,0,21,0
12578,38079,1564,1242,322,648,594,1.80,1.99,1242,176,232,416
12579,38080,1099,964,135,547,417,2.41,2.86,964,104,303,244
12580,38103,8532,7594,938,2504,5090,1.91,1.40,7594,529,1748,756
12581,38104,14409,12667,1742,4630,8037,2.07,1.55,12667,1822,3037,1593
12582,38105,3896,3157,739,338,2819,2.37,1.57,3157,846,199,139
12583,38106,12036,9414,2622,4075,5339,2.65,2.40,9414,1868,1199,2876
12584,38107,8021,6481,1540,2624,3857,2.55,2.10,6481,1084,1514,1110
12585,38108,8232,6634,1598,2960,3674,2.45,2.71,6634,1326,1023,1937
12586,38109,19025,16268,2757,8996,7272,2.61,2.92,16268,2131,3988,5008
12587,38111,19831,17364,2467,8088,9276,2.28,2.30,17364,2833,4696,3392
12588,38112,7707,6639,1068,3317,3322,2.27,2.18,6639,1117,1714,1603
12589,38113,0,0,0,0,0,-,-,0,0,0,0
12590,38114,12467,9791,2676,4519,5272,2.27,2.33,9791,1530,1675,2844
12591,38115,19107,16352,2755,3879,12473,2.31,2.30,16352,1789,2855,1024
12592,38116,18497,15105,3392,6724,8381,2.59,2.75,15105,1363,3674,3050
12593,38117,12195,11425,770,9050,2375,2.33,2.27,11425,343,5703,3347
12594,38118,15864,12665,3199,5388,7277,2.79,3.24,12665,1114,3364,2024
12595,38119,10702,9996,706,5789,4207,2.53,2.14,9996,225,3911,1878
12596,38120,6789,6237,552,4781,1456,2.56,1.68,6237,160,2585,2196
12597,38122,9931,8511,1420,4360,4151,2.55,2.86,8511,660,2440,1920
12598,38125,15827,14997,830,8734,6263,3.07,2.52,14997,285,7408,1326
12599,38126,2854,2421,433,300,2121,2.86,2.06,2421,847,97,203
12600,38127,17987,13935,4052,6700,7235,2.65,3.16,13935,1682,3846,2854
12601,38128,18373,15599,2774,6325,9274,2.91,2.84,15599,1850,4110,2215
12602,38131,0,0,0,0,0,-,-,0,0,0,0
12603,38132,0,0,0,0,0,-,-,0,0,0,0
12604,38133,7970,7764,206,5548,2216,2.86,2.50,7764,177,3654,1894
12605,38134,15623,14616,1007,7293,7323,2.89,2.56,14616,670,4744,2549
12606,38135,11035,10695,340,8714,1981,2.84,2.73,10695,418,6180,2534
12607,38138,10568,10049,519,8240,1809,2.67,1.86,10049,611,5643,2597
12608,38139,5851,5742,109,5533,209,2.83,2.99,5742,79,3528,2005
12609,38141,8328,7861,467,5124,2737,2.85,3.18,7861,190,4282,842
12610,38152,0,0,0,0,0,-,-,0,0,0,0
12611,38201,4237,3654,583,2698,956,2.62,2.76,3654,342,1293,1405
12612,38220,929,687,242,595,92,2.53,2.14,687,18,327,268
12613,38221,1824,1241,583,951,290,2.37,2.52,1241,51,358,593
12614,38222,1207,772,435,693,79,2.82,3.03,772,0,373,320
12615,38224,362,296,66,242,54,2.84,2.61,296,0,76,166
12616,38225,2380,2236,144,1549,687,2.31,2.34,2236,121,831,718
12617,38226,154,154,0,154,0,1.81,-,154,5,22,132
12618,38229,1335,1127,208,824,303,2.48,2.38,1127,90,449,375
12619,38230,1897,1684,213,1335,349,2.31,2.14,1684,90,627,708
12620,38231,856,696,160,541,155,2.12,3.66,696,88,174,367
12621,38232,1151,828,323,634,194,2.44,2.81,828,57,210,424
12622,38233,1218,1066,152,840,226,2.50,2.42,1066,66,400,440
12623,38235,95,82,13,54,28,2.48,1.71,82,2,28,26
12624,38236,467,407,60,277,130,2.03,1.33,407,0,111,166
12625,38237,6644,5773,871,3328,2445,2.35,2.14,5773,470,1677,1651
12626,38240,1043,893,150,605,288,2.20,2.68,893,39,195,410
12627,38241,491,393,98,330,63,2.57,2.78,393,12,148,182
12628,38242,9430,7936,1494,5687,2249,2.57,2.29,7936,576,2361,3326
12629,38251,1300,1143,157,941,202,2.78,2.36,1143,41,411,530
12630,38253,427,361,66,252,109,2.58,3.46,361,13,154,98
12631,38254,0,0,0,0,0,-,-,0,0,0,0
12632,38255,1234,1100,134,723,377,2.55,1.87,1100,49,292,431
12633,38256,3198,1579,1619,1343,236,1.98,1.86,1579,106,604,739
12634,38257,2177,1839,338,1345,494,2.31,2.34,1839,85,627,718
12635,38258,672,575,97,475,100,2.53,2.83,575,70,249,226
12636,38259,385,282,103,189,93,2.70,2.74,282,11,61,128
12637,38260,1778,1600,178,1250,350,2.29,2.76,1600,101,787,463
12638,38261,7299,6554,745,3725,2829,2.49,2.29,6554,626,1930,1795
12639,38301,15807,13533,2274,6721,6812,2.20,2.53,13533,1736,3269,3452
12640,38305,22432,20328,2104,13373,6955,2.57,2.32,20328,1393,8133,5240
12641,38310,2873,2385,488,1851,534,2.52,3.01,2385,35,825,1026
12642,38311,533,387,146,351,36,1.95,1.50,387,8,136,215
12643,38313,1475,1344,131,1317,27,2.79,1.22,1344,0,680,637
12644,38315,1888,1500,388,1268,232,2.84,1.89,1500,72,429,839
12645,38316,1256,1071,185,859,212,2.79,2.26,1071,40,283,576
12646,38317,1455,1145,310,946,199,2.03,2.74,1145,152,353,593
12647,38318,258,168,90,133,35,2.53,6.00,168,11,65,68
12648,38320,5137,4223,914,3002,1221,2.52,2.39,4223,254,1140,1862
12649,38321,1191,1090,101,903,187,2.37,2.53,1090,74,316,587
12650,38326,2860,1362,1498,1107,255,2.03,1.93,1362,35,547,560
12651,38327,298,237,61,205,32,2.09,2.72,237,28,70,135
12652,38328,422,321,101,306,15,2.82,2.80,321,5,129,177
12653,38329,1927,1158,769,971,187,2.78,2.27,1158,50,401,570
12654,38330,1637,1452,185,987,465,2.60,3.02,1452,84,536,451
12655,38332,656,517,139,480,37,2.38,1.59,517,1,69,411
12656,38333,337,97,240,65,32,2.02,-,97,0,9,56
12657,38334,959,671,288,614,57,2.51,4.12,671,22,301,313
12658,38337,549,482,67,372,110,2.41,2.56,482,30,174,198
12659,38338,25,25,0,16,9,2.56,4.00,25,4,10,6
12660,38339,323,247,76,166,81,2.61,2.32,247,28,106,60
12661,38340,4560,4009,551,2839,1170,2.64,2.55,4009,229,1472,1367
12662,38341,1298,1021,277,869,152,2.15,2.39,1021,73,351,518
12663,38342,651,577,74,420,157,2.17,2.64,577,54,192,228
12664,38343,7315,6550,765,4315,2235,2.51,2.07,6550,822,2296,2019
12665,38344,4014,3399,615,2376,1023,2.55,2.38,3399,203,1002,1374
12666,38345,852,628,224,519,109,2.77,3.01,628,42,245,274
12667,38347,129,117,12,97,20,3.70,4.45,117,0,52,45
12668,38348,483,393,90,342,51,2.18,2.59,393,11,120,222
12669,38351,8116,6929,1187,4796,2133,2.54,2.52,6929,408,2165,2631
12670,38352,309,309,0,200,109,2.88,1.09,309,0,135,65
12671,38355,3225,2986,239,2373,613,2.64,2.74,2986,16,1736,637
12672,38356,1350,1200,150,893,307,2.83,1.95,1200,0,453,440
12673,38357,1432,1106,326,961,145,2.90,3.01,1106,16,455,506
12674,38358,5081,4402,679,2955,1447,2.71,2.88,4402,236,1638,1317
12675,38359,142,127,15,105,22,2.30,2.00,127,2,48,57
12676,38361,710,530,180,467,63,2.40,3.63,530,0,299,168
12677,38362,485,444,41,293,151,2.70,1.83,444,0,244,49
12678,38363,2771,2102,669,1619,483,2.64,2.44,2102,72,801,818
12679,38365,0,0,0,0,0,-,-,0,0,0,0
12680,38366,1179,883,296,768,115,2.57,1.63,883,0,392,376
12681,38367,1384,1079,305,854,225,2.60,2.31,1079,34,336,518
12682,38368,761,714,47,555,159,2.36,3.49,714,28,196,359
12683,38369,818,665,153,556,109,2.32,3.23,665,22,263,293
12684,38370,671,414,257,323,91,2.47,1.78,414,9,127,196
12685,38371,579,385,194,335,50,2.15,2.28,385,15,75,260
12686,38372,8612,6678,1934,4696,1982,2.54,2.51,6678,418,2282,2414
12687,38374,1044,825,219,622,203,2.39,2.41,825,16,180,442
12688,38375,3747,3238,509,2332,906,2.28,2.64,3238,141,965,1367
12689,38376,203,158,45,93,65,2.38,1.51,158,0,71,22
12690,38379,672,602,70,425,177,3.01,2.41,602,12,212,213
12691,38380,593,188,405,173,15,2.33,1.60,188,0,70,103
12692,38381,730,612,118,402,210,2.89,2.85,612,40,208,194
12693,38382,4114,3478,636,2128,1350,2.34,2.30,3478,415,680,1448
12694,38387,241,183,58,150,33,2.01,1.33,183,0,55,95
12695,38388,916,644,272,544,100,3.09,1.98,644,2,280,264
12696,38389,17,17,0,16,1,3.00,2.00,17,3,10,6
12697,38390,486,443,43,359,84,2.86,2.50,443,33,102,257
12698,38391,476,438,38,304,134,2.16,3.36,438,10,187,117
12699,38392,310,264,46,220,44,3.03,2.27,264,0,101,119
12700,38401,27380,24948,2432,17618,7330,2.65,2.32,24948,658,11374,6244
12701,38425,959,667,292,548,119,2.93,3.21,667,39,250,298
12702,38449,1438,1182,256,991,191,2.29,3.02,1182,30,562,429
12703,38450,1373,1106,267,853,253,2.43,2.13,1106,62,304,549
12704,38451,1753,1569,184,1346,223,2.53,2.08,1569,19,699,647
12705,38452,523,389,134,368,21,3.06,2.95,389,35,148,220
12706,38453,219,123,96,90,33,4.18,-,123,17,52,38
12707,38454,500,391,109,316,75,2.43,1.08,391,0,141,175
12708,38455,55,44,11,42,2,3.36,4.00,44,0,33,9
12709,38456,1553,1374,179,1144,230,3.52,3.41,1374,255,538,606
12710,38457,295,237,58,169,68,3.15,2.03,237,0,35,134
12711,38459,234,147,87,106,41,2.85,2.61,147,0,57,49
12712,38460,686,614,72,579,35,2.47,2.03,614,0,374,205
12713,38461,635,551,84,454,97,2.34,2.29,551,0,207,247
12714,38462,4548,3966,582,3245,721,2.33,3.37,3966,224,1478,1767
12715,38463,1263,988,275,898,90,2.44,2.38,988,23,403,495
12716,38464,10410,9339,1071,6495,2844,2.61,2.11,9339,718,3243,3252
12717,38468,2169,1949,220,1490,459,2.94,2.58,1949,115,797,693
12718,38469,1772,1605,167,1401,204,2.63,2.99,1605,24,716,685
12719,38471,203,113,90,93,20,2.40,2.80,113,0,22,71
12720,38472,1403,1150,253,963,187,2.59,3.33,1150,5,499,464
12721,38473,440,359,81,262,97,2.66,3.82,359,1,144,118
12722,38474,3464,3053,411,2326,727,2.77,2.31,3053,82,1279,1047
12723,38475,507,310,197,283,27,2.92,3.11,310,0,42,241
12724,38476,480,352,128,328,24,3.79,2.25,352,76,171,157
12725,38477,1536,1220,316,1052,168,2.91,2.20,1220,6,496,556
12726,38478,8339,6901,1438,4288,2613,2.59,2.36,6901,350,2065,2223
12727,38481,429,389,40,314,75,2.38,2.04,389,27,126,188
12728,38482,709,600,109,542,58,2.69,2.14,600,0,355,187
12729,38483,2521,2078,443,1655,423,3.11,2.14,2078,63,872,783
12730,38485,3225,2510,715,1863,647,2.45,2.24,2510,270,1015,848
12731,38486,602,504,98,327,177,2.70,1.60,504,0,130,197
12732,38487,491,373,118,320,53,2.58,1.94,373,0,77,243
12733,38488,1087,956,131,855,101,2.35,1.67,956,54,468,387
12734,38501,18601,16743,1858,8488,8255,2.50,2.13,16743,838,4862,3626
12735,38503,0,0,0,0,0,-,-,0,0,0,0
12736,38504,562,243,319,243,0,2.67,-,243,0,92,151
12737,38505,0,0,0,0,0,-,-,0,0,0,0
12738,38506,12776,12114,662,8742,3372,2.38,2.26,12114,379,4477,4265
12739,38541,802,687,115,562,125,2.30,2.39,687,27,185,377
12740,38542,8,8,0,0,8,-,2.13,8,0,0,0
12741,38543,242,142,100,122,20,2.38,2.60,142,0,85,37
12742,38544,3286,2707,579,2258,449,2.87,2.40,2707,37,1142,1116
12743,38545,633,526,107,448,78,2.18,2.96,526,51,113,335
12744,38547,839,770,69,741,29,2.42,1.41,770,29,454,287
12745,38548,500,392,108,369,23,2.90,3.65,392,9,103,266
12746,38549,2556,1669,887,1267,402,2.40,2.50,1669,145,420,847
12747,38550,0,0,0,0,0,-,-,0,0,0,0
12748,38551,2290,1636,654,1120,516,2.31,2.75,1636,146,244,876
12749,38552,186,98,88,68,30,3.01,1.33,98,0,28,40
12750,38553,1118,1075,43,877,198,2.43,2.97,1075,43,399,478
12751,38554,424,332,92,256,76,2.45,1.42,332,11,113,143
12752,38555,9630,8871,759,5506,3365,2.38,2.18,8871,556,2879,2627
12753,38556,6325,5050,1275,3544,1506,2.15,2.26,5050,480,1306,2238
12754,38558,5422,4699,723,4103,596,1.92,1.89,4699,282,1981,2122
12755,38559,644,549,95,418,131,2.62,2.50,549,18,171,247
12756,38560,576,420,156,347,73,3.50,3.48,420,28,156,191
12757,38562,3205,2477,728,1995,482,2.63,2.70,2477,271,691,1304
12758,38563,924,895,29,676,219,2.89,2.35,895,68,417,259
12759,38564,433,293,140,244,49,1.72,-,293,22,112,132
12760,38565,337,291,46,270,21,3.55,2.14,291,0,140,130
12761,38567,363,319,44,256,63,2.32,2.05,319,17,163,93
12762,38568,1007,739,268,653,86,2.28,2.13,739,44,244,409
12763,38569,219,69,150,44,25,2.36,4.76,69,0,6,38
12764,38570,4775,4119,656,3209,910,2.38,2.37,4119,269,1222,1987
12765,38571,6327,5811,516,4861,950,2.43,2.44,5811,176,2470,2391
12766,38572,5943,5015,928,4510,505,2.28,2.72,5015,96,2527,1983
12767,38573,1114,869,245,735,134,2.23,3.42,869,69,187,548
12768,38574,3762,3221,541,2475,746,2.61,3.02,3221,126,1168,1307
12769,38575,410,375,35,291,84,2.60,2.94,375,0,99,192
12770,38577,632,532,100,393,139,2.37,4.43,532,5,159,234
12771,38578,130,86,44,62,24,1.44,1.58,86,3,5,57
12772,38579,526,444,82,360,84,3.43,2.76,444,16,175,185
12773,38580,627,524,103,442,82,3.23,2.76,524,14,211,231
12774,38581,1828,1485,343,1208,277,2.43,2.39,1485,112,544,664
12775,38582,934,696,238,661,35,2.67,1.60,696,48,357,304
12776,38583,11065,9474,1591,7375,2099,2.67,2.32,9474,382,3398,3977
12777,38585,2183,1858,325,1349,509,2.64,2.24,1858,226,407,942
12778,38587,605,570,35,452,118,2.36,1.85,570,42,197,255
12779,38588,557,388,169,310,78,2.57,3.78,388,31,65,245
12780,38589,120,111,9,107,4,2.21,2.75,111,0,57,50
12781,38601,1045,776,269,688,88,2.68,4.14,776,26,253,435
12782,38603,1675,1125,550,1007,118,2.11,2.88,1125,16,395,612
12783,38606,5828,5193,635,3727,1466,2.76,2.85,5193,286,1658,2069
12784,38610,1321,959,362,707,252,3.03,3.71,959,81,291,416
12785,38611,6964,5848,1116,4456,1392,2.64,3.08,5848,182,2418,2038
12786,38614,7787,6412,1375,3389,3023,2.50,2.63,6412,772,1334,2055
12787,38617,382,283,99,119,164,2.29,2.43,283,38,18,101
12788,38618,5044,4663,381,3597,1066,2.43,2.71,4663,102,1668,1929
12789,38619,2782,1906,876,1058,848,3.40,2.05,1906,131,332,726
12790,38620,1485,1267,218,1002,265,2.93,2.62,1267,118,580,422
12791,38621,980,669,311,331,338,2.25,3.81,669,66,82,249
12792,38622,302,282,20,152,130,3.31,1.98,282,40,28,124
12793,38623,90,72,18,51,21,1.59,1.81,72,0,0,51
12794,38625,698,595,103,309,286,2.93,2.13,595,11,122,187
12795,38626,650,392,258,372,20,2.02,1.65,392,35,170,202
12796,38627,865,644,221,618,26,2.40,4.12,644,10,378,240
12797,38629,912,658,254,553,105,3.51,1.86,658,6,256,297
12798,38631,541,497,44,220,277,2.44,2.52,497,140,74,146
12799,38632,11163,10426,737,9027,1399,2.79,1.90,10426,268,5578,3449
12800,38633,1050,918,132,656,262,2.80,2.27,918,73,253,403
12801,38635,6096,5165,931,3829,1336,2.58,2.48,5165,254,2016,1813
12802,38637,10181,9449,732,5404,4045,2.73,2.92,9449,420,3821,1583
12803,38639,278,197,81,119,78,3.12,3.01,197,26,24,95
12804,38641,904,787,117,719,68,2.51,2.09,787,98,345,374
12805,38642,1044,924,120,741,183,2.94,1.51,924,0,275,466
12806,38643,819,644,175,259,385,2.10,2.03,644,138,51,208
12807,38644,67,33,34,13,20,5.15,4.55,33,0,6,7
12808,38645,504,447,57,286,161,3.18,1.81,447,46,80,206
12809,38646,1295,1115,180,802,313,2.47,2.47,1115,125,299,503
12810,38647,452,240,212,153,87,3.76,1.61,240,0,9,144
12811,38650,1831,1476,355,1133,343,2.84,3.85,1476,6,553,580
12812,38651,3115,2955,160,2725,230,2.94,3.83,2955,30,2048,677
12813,38652,7168,5886,1282,4287,1599,2.56,2.39,5886,316,1924,2363
12814,38654,20732,20009,723,16645,3364,2.74,2.82,20009,568,11817,4828
12815,38655,24295,16617,7678,9815,6802,2.76,2.57,16617,1099,5457,4358
12816,38658,1292,979,313,819,160,2.82,4.04,979,16,282,537
12817,38659,1207,951,256,670,281,2.62,2.59,951,55,214,456
12818,38661,967,855,112,840,15,2.53,3.93,855,22,381,459
12819,38663,5473,4491,982,3184,1307,2.64,2.55,4491,227,1811,1373
12820,38664,1757,1229,528,120,1109,1.94,2.64,1229,16,91,29
12821,38665,1138,994,144,615,379,2.74,2.59,994,0,330,285
12822,38666,3132,2584,548,1780,804,2.30,2.66,2584,172,789,991
12823,38668,5210,4849,361,3587,1262,2.70,2.19,4849,291,2315,1272
12824,38670,433,370,63,245,125,2.22,3.00,370,35,47,198
12825,38671,15358,14273,1085,8781,5492,2.42,2.67,14273,597,6352,2429
12826,38672,5706,5422,284,5091,331,2.85,3.96,5422,149,3738,1353
12827,38673,480,470,10,459,11,2.92,1.91,470,2,347,112
12828,38674,554,513,41,448,65,2.73,4.37,513,0,202,246
12829,38676,2491,2130,361,978,1152,2.83,2.87,2130,232,439,539
12830,38677,16,0,16,0,0,-,-,0,0,0,0
12831,38680,2751,2545,206,1584,961,2.45,2.80,2545,66,1188,396
12832,38683,1912,1456,456,1011,445,2.40,2.49,1456,96,325,686
12833,38685,640,594,46,584,10,2.29,9.20,594,0,138,446
12834,38701,10661,8653,2008,4576,4077,2.38,2.71,8653,1349,2068,2508
12835,38703,5283,4512,771,2476,2036,2.28,3.15,4512,644,847,1629
12836,38720,325,278,47,227,51,2.24,2.96,278,13,44,183
12837,38721,416,378,38,262,116,2.15,3.31,378,40,127,135
12838,38722,121,61,60,52,9,4.46,1.56,61,8,3,49
12839,38723,32,32,0,32,0,1.81,-,32,0,0,32
12840,38725,515,339,176,235,104,3.69,3.38,339,26,91,144
12841,38726,226,180,46,142,38,2.51,2.47,180,20,22,120
12842,38730,779,687,92,439,248,2.68,2.52,687,36,194,245
12843,38731,5,5,0,0,5,-,2.00,5,0,0,0
12844,38732,7053,6008,1045,3521,2487,2.54,2.69,6008,482,1707,1814
12845,38733,0,0,0,0,0,-,-,0,0,0,0
12846,38736,193,149,44,140,9,4.10,6.11,149,8,91,49
12847,38737,1250,1157,93,536,621,2.41,2.81,1157,198,191,345
12848,38738,43,24,19,10,14,4.30,-,24,0,10,0
12849,38740,225,144,81,124,20,2.37,2.90,144,14,74,50
12850,38744,301,240,61,187,53,1.72,5.32,240,19,57,130
12851,38745,33,33,0,12,21,-,9.57,33,0,0,12
12852,38746,226,183,43,92,91,2.47,2.53,183,36,19,73
12853,38748,1288,1042,246,648,394,2.71,3.11,1042,36,248,400
12854,38751,4398,3778,620,1957,1821,2.81,2.68,3778,314,1007,950
12855,38753,599,520,79,337,183,2.62,2.67,520,35,181,156
12856,38754,653,508,145,344,164,2.28,2.35,508,41,114,230
12857,38756,2989,2588,401,1673,915,2.35,2.61,2588,230,725,948
12858,38759,639,555,84,425,130,2.81,1.32,555,10,315,110
12859,38760,400,305,95,194,111,3.46,2.41,305,41,99,95
12860,38761,871,679,192,399,280,2.92,2.99,679,60,113,286
12861,38762,1040,882,158,359,523,2.33,3.00,882,135,110,249
12862,38764,168,132,36,101,31,2.55,1.42,132,1,20,81
12863,38765,40,40,0,0,40,-,-,40,0,0,0
12864,38767,21,21,0,21,0,4.33,-,21,0,0,21
12865,38768,45,26,19,18,8,-,3.38,26,0,18,0
12866,38769,848,760,88,346,414,2.22,2.81,760,173,69,277
12867,38771,1047,880,167,454,426,3.16,3.00,880,155,289,165
12868,38772,33,33,0,33,0,1.85,-,33,0,0,33
12869,38773,1430,1181,249,736,445,2.35,2.78,1181,129,226,510
12870,38774,787,664,123,383,281,2.34,2.58,664,124,147,236
12871,38776,6,6,0,6,0,2.67,-,6,0,6,0
12872,38778,578,499,79,209,290,2.71,2.51,499,50,50,159
12873,38781,70,59,11,17,42,3.71,1.29,59,25,3,14
12874,38801,13594,11672,1922,7423,4249,2.57,2.49,11672,676,4356,3067
12875,38804,7838,6666,1172,4025,2641,2.46,2.02,6666,711,2267,1758
12876,38821,5745,4884,861,3452,1432,2.39,2.37,4884,222,1641,1811
12877,38824,3562,2941,621,2418,523,2.57,3.43,2941,135,1166,1252
12878,38826,2510,2157,353,1360,797,2.71,2.09,2157,50,825,535
12879,38827,1689,1469,220,891,578,2.76,1.75,1469,25,440,451
12880,38828,1864,1443,421,1102,341,3.60,3.13,1443,11,508,594
12881,38829,7985,6592,1393,4933,1659,2.59,2.28,6592,506,2133,2800
12882,38833,1150,888,262,555,333,2.62,2.51,888,49,160,395
12883,38834,13219,11324,1895,7111,4213,2.45,2.30,11324,828,3375,3736
12884,38838,651,453,198,453,0,2.82,-,453,43,156,297
12885,38839,17,17,0,14,3,1.86,-,17,0,0,14
12886,38841,1428,1325,103,1032,293,2.82,2.86,1325,77,553,479
12887,38843,4878,4060,818,3237,823,2.51,2.93,4060,135,1604,1633
12888,38844,207,119,88,119,0,2.03,-,119,0,48,71
12889,38846,808,725,83,642,83,2.48,1.64,725,1,293,349
12890,38847,1607,1417,190,1129,288,2.59,2.44,1417,55,356,773
12891,38848,508,330,178,311,19,2.46,1.89,330,17,55,256
12892,38849,2177,1918,259,1512,406,2.98,2.68,1918,20,916,596
12893,38850,1377,1015,362,839,176,2.62,2.70,1015,101,224,615
12894,38851,4125,3627,498,2500,1127,2.49,2.04,3627,311,971,1529
12895,38852,4917,3773,1144,2716,1057,2.22,2.08,3773,233,659,2057
12896,38855,2359,1991,368,1581,410,2.62,2.52,1991,122,743,838
12897,38856,667,616,51,541,75,3.10,1.77,616,45,261,280
12898,38857,1453,1344,109,1126,218,3.51,2.58,1344,49,874,252
12899,38858,3261,2296,965,1698,598,2.95,3.23,2296,93,539,1159
12900,38859,346,194,152,172,22,2.82,5.00,194,0,81,91
12901,38860,2425,2174,251,1475,699,3.25,2.25,2174,169,733,742
12902,38862,1237,995,242,794,201,2.53,2.41,995,155,320,474
12903,38863,8245,6852,1393,5055,1797,2.62,2.90,6852,298,2501,2554
12904,38864,867,692,175,565,127,3.19,3.19,692,63,361,204
12905,38865,2084,1820,264,1503,317,3.00,2.26,1820,53,556,947
12906,38866,5410,4559,851,3825,734,2.75,2.80,4559,107,2580,1245
12907,38868,2484,2083,401,1569,514,2.72,2.82,2083,120,604,965
12908,38869,146,129,17,72,57,2.49,2.46,129,5,12,60
12909,38870,1352,1074,278,957,117,2.69,2.33,1074,40,540,417
12910,38871,815,693,122,548,145,2.88,2.61,693,2,289,259
12911,38873,1544,1180,364,1010,170,2.63,2.16,1180,78,415,595
12912,38876,625,475,150,371,104,2.48,2.73,475,6,106,265
12913,38878,1172,1029,143,796,233,2.40,2.58,1029,50,247,549
12914,38879,56,44,12,44,0,1.32,-,44,0,24,20
12915,38901,8946,7464,1482,5083,2381,2.42,2.61,7464,561,2739,2344
12916,38913,190,148,42,131,17,2.39,3.53,148,0,46,85
12917,38914,314,277,37,235,42,3.03,2.45,277,1,96,139
12918,38915,1949,1647,302,1112,535,2.09,2.04,1647,106,451,661
12919,38916,2248,1896,352,1255,641,2.29,2.79,1896,156,436,819
12920,38917,1631,1314,317,995,319,3.05,2.49,1314,14,458,537
12921,38920,396,277,119,229,48,2.13,1.90,277,23,91,138
12922,38921,2102,1507,595,973,534,3.33,2.86,1507,145,275,698
12923,38922,1734,1214,520,945,269,2.42,2.60,1214,49,370,575
12924,38923,662,506,156,378,128,1.82,-,506,24,176,202
12925,38924,291,152,139,113,39,2.15,1.85,152,15,7,106
12926,38925,1138,902,236,689,213,2.35,2.54,902,31,384,305
12927,38927,432,293,139,219,74,2.96,1.97,293,7,49,170
12928,38928,149,108,41,18,90,3.28,3.02,108,23,13,5
12929,38929,779,696,83,554,142,2.49,3.44,696,72,92,462
12930,38930,10343,8118,2225,4603,3515,2.91,2.85,8118,1037,2099,2504
12931,38940,785,601,184,520,81,2.76,2.43,601,35,213,307
12932,38941,1762,1184,578,521,663,3.04,2.33,1184,118,267,254
12933,38943,376,234,142,227,7,2.74,10.14,234,0,112,115
12934,38944,88,61,27,18,43,2.61,3.49,61,0,5,13
12935,38946,133,85,48,65,20,2.94,3.15,85,8,34,31
12936,38947,27,27,0,27,0,1.11,-,27,0,2,25
12937,38948,1260,944,316,636,308,2.33,2.10,944,31,157,479
12938,38949,139,139,0,139,0,2.41,-,139,0,43,96
12939,38950,277,224,53,168,56,4.22,-,224,77,54,114
12940,38951,532,399,133,269,130,2.12,1.17,399,43,61,208
12941,38952,264,168,96,104,64,2.87,1.78,168,15,49,55
12942,38953,258,190,68,190,0,1.88,-,190,0,105,85
12943,38954,500,306,194,263,43,2.70,2.77,306,8,58,205
12944,38957,257,212,45,80,132,2.69,2.14,212,17,4,76
12945,38961,367,250,117,193,57,2.03,6.96,250,12,26,167
12946,38962,33,0,33,0,0,-,-,0,0,0,0
12947,38963,1148,1035,113,623,412,3.64,2.23,1035,181,156,467
12948,38964,19,19,0,19,0,4.21,-,19,0,11,8
12949,38965,4262,3528,734,2538,990,2.39,2.79,3528,193,1241,1297
12950,38966,371,232,139,114,118,2.11,2.55,232,29,72,42
12951,38967,3261,2513,748,1594,919,2.76,2.88,2513,125,605,989
12952,39038,2443,2012,431,1173,839,2.54,3.00,2012,359,416,757
12953,39039,1497,1314,183,1101,213,2.43,2.22,1314,0,417,684
12954,39040,1785,1527,258,973,554,2.36,2.55,1527,158,366,607
12955,39041,1591,1390,201,1094,296,2.70,1.70,1390,102,346,748
12956,39042,14375,13576,799,11480,2096,2.75,2.38,13576,89,7345,4135
12957,39044,1382,1149,233,1041,108,2.52,3.78,1149,37,606,435
12958,39045,909,808,101,715,93,2.01,3.66,808,14,413,302
12959,39046,12430,11397,1033,6543,4854,2.63,2.20,11397,892,4288,2255
12960,39047,16181,15175,1006,12911,2264,2.66,2.43,15175,307,9256,3655
12961,39051,6819,5551,1268,4146,1405,2.74,2.79,5551,557,1520,2626
12962,39054,174,113,61,66,47,3.38,4.13,113,2,23,43
12963,39056,11673,10573,1100,7334,3239,2.73,2.46,10573,391,4752,2582
12964,39057,899,764,135,644,120,2.80,3.28,764,4,234,410
12965,39058,0,0,0,0,0,-,-,0,0,0,0
12966,39059,4938,4248,690,3509,739,2.72,3.10,4248,480,1499,2010
12967,39061,0,0,0,0,0,-,-,0,0,0,0
12968,39062,190,166,24,118,48,3.40,2.48,166,4,46,72
12969,39063,1484,1116,368,687,429,3.36,2.66,1116,222,234,453
12970,39066,2449,1975,474,1618,357,2.63,2.36,1975,119,622,996
12971,39067,716,400,316,332,68,2.82,3.09,400,9,97,235
12972,39069,2011,1478,533,934,544,3.35,2.38,1478,133,210,724
12973,39071,2957,2499,458,1853,646,2.79,2.49,2499,169,1085,768
12974,39073,8877,7771,1106,6503,1268,2.71,2.85,7771,130,3337,3166
12975,39074,5919,4867,1052,3195,1672,2.88,2.57,4867,558,1032,2163
12976,39078,424,289,135,217,72,2.89,4.08,289,12,82,135
12977,39079,461,386,75,174,212,2.59,3.40,386,112,42,132
12978,39082,474,332,142,305,27,2.41,-,332,27,92,213
12979,39083,4595,3330,1265,2387,943,2.58,3.52,3330,300,817,1570
12980,39086,817,441,376,268,173,3.68,3.57,441,44,57,211
12981,39088,22,10,12,10,0,3.90,-,10,0,0,10
12982,39090,5710,4673,1037,3084,1589,2.87,2.23,4673,562,1142,1942
12983,39092,1541,1307,234,1064,243,2.85,2.67,1307,188,535,529
12984,39094,1854,1468,386,1286,182,2.57,1.91,1468,155,434,852
12985,39095,2929,2050,879,1308,742,2.85,2.38,2050,225,304,1004
12986,39096,881,532,349,374,158,3.27,-,532,52,99,275
12987,39097,208,160,48,94,66,1.64,1.80,160,0,27,67
12988,39108,1048,612,436,555,57,2.42,4.00,612,11,137,418
12989,39110,16891,15947,944,15233,714,2.75,2.90,15947,140,11489,3744
12990,39111,4081,3021,1060,2214,807,3.02,2.51,3021,150,672,1542
12991,39113,136,114,22,23,91,1.30,1.74,114,40,5,18
12992,39114,4303,3415,888,2785,630,2.83,3.18,3415,275,1126,1659
12993,39115,55,55,0,55,0,2.35,-,55,1,49,6
12994,39116,1105,896,209,877,19,2.80,2.63,896,132,374,503
12995,39117,3958,3512,446,2704,808,2.74,3.99,3512,136,1298,1406
12996,39119,2499,2028,471,1678,350,3.11,2.65,2028,34,613,1065
12997,39120,14983,11482,3501,7282,4200,2.53,2.22,11482,998,2465,4817
12998,39140,1179,888,291,668,220,2.63,2.92,888,28,340,328
12999,39144,417,245,172,210,35,2.85,3.06,245,19,93,117
13000,39145,2384,2014,370,1684,330,2.47,3.04,2014,58,659,1025
13001,39146,1391,1135,256,794,341,3.28,2.43,1135,98,328,466
13002,39148,0,0,0,0,0,-,-,0,0,0,0
13003,39149,807,629,178,555,74,2.34,2.84,629,111,75,480
13004,39150,2545,1796,749,1331,465,3.23,2.85,1796,211,406,925
13005,39152,457,377,80,341,36,2.55,3.14,377,31,162,179
13006,39153,1309,1039,270,859,180,2.56,1.92,1039,55,307,552
13007,39154,3808,3382,426,2891,491,2.36,2.83,3382,189,1503,1388
13008,39156,362,268,94,252,16,2.28,-,268,0,5,247
13009,39157,11839,10723,1116,5375,5348,2.64,1.96,10723,247,3808,1567
13010,39159,1222,942,280,573,369,3.31,2.47,942,148,232,341
13011,39160,1275,899,376,772,127,3.30,2.31,899,82,190,582
13012,39162,96,70,26,69,1,2.86,2.00,70,0,9,60
13013,39166,254,200,54,122,78,4.44,1.54,200,26,60,62
13014,39167,0,0,0,0,0,-,-,0,0,0,0
13015,39168,3032,2441,591,2030,411,2.19,3.11,2441,118,641,1389
13016,39169,1281,1046,235,487,559,3.28,2.85,1046,239,134,353
13017,39170,4079,3673,406,3412,261,2.52,2.41,3673,166,1567,1845
13018,39173,0,0,0,0,0,-,-,0,0,0,0
13019,39174,39,39,0,0,39,-,1.97,39,0,0,0
13020,39175,2039,1414,625,1121,293,2.28,2.29,1414,138,410,711
13021,39176,1096,842,254,683,159,2.35,2.26,842,106,202,481
13022,39177,60,51,9,35,16,1.97,-,51,0,0,35
13023,39179,630,582,48,436,146,2.43,2.72,582,71,91,345
13024,39180,14470,11962,2508,8290,3672,2.61,2.53,11962,837,4579,3711
13025,39183,6679,4861,1818,3452,1409,2.66,2.78,4861,359,1951,1501
13026,39189,1281,1153,128,801,352,2.78,3.34,1153,72,318,483
13027,39191,3605,2639,966,2243,396,2.69,3.85,2639,62,844,1399
13028,39192,671,456,215,410,46,4.46,1.54,456,34,53,357
13029,39193,16,16,0,0,16,-,1.63,16,0,0,0
13030,39194,6261,5041,1220,2735,2306,2.82,2.72,5041,698,1228,1507
13031,39201,637,543,94,10,533,2.70,1.07,543,14,0,10
13032,39202,4247,3568,679,946,2622,2.08,1.55,3568,526,566,380
13033,39203,2853,2040,813,620,1420,2.24,2.12,2040,539,151,469
13034,39204,7698,5820,1878,1982,3838,2.67,2.38,5820,542,1109,873
13035,39206,11059,9720,1339,4554,5166,2.48,2.16,9720,613,2738,1816
13036,39208,13513,12412,1101,7865,4547,2.40,2.56,12412,397,4422,3443
13037,39209,12486,9905,2581,4567,5338,2.59,2.65,9905,982,1671,2896
13038,39210,0,0,0,0,0,-,-,0,0,0,0
13039,39211,10881,9832,1049,6262,3570,2.57,1.93,9832,222,4356,1906
13040,39212,12718,10869,1849,6487,4382,2.59,3.15,10869,454,3993,2494
13041,39213,10179,8309,1870,3798,4511,2.50,2.46,8309,1229,1312,2486
13042,39216,1986,1637,349,729,908,2.31,1.72,1637,91,422,307
13043,39217,78,78,0,0,78,-,2.15,78,20,0,0
13044,39218,3033,2866,167,1882,984,2.40,2.43,2866,31,1139,743
13045,39232,4043,3870,173,2124,1746,2.45,2.12,3870,14,1481,643
13046,39269,0,0,0,0,0,-,-,0,0,0,0
13047,39272,5521,5294,227,3964,1330,2.82,2.39,5294,101,3288,676
13048,39301,11525,9436,2089,5592,3844,2.48,2.52,9436,1177,2189,3403
13049,39305,9044,8006,1038,5308,2698,2.75,2.26,8006,354,2980,2328
13050,39307,7199,6129,1070,3142,2987,2.24,2.44,6129,880,1521,1621
13051,39309,0,0,0,0,0,-,-,0,0,0,0
13052,39320,720,633,87,513,120,2.93,3.28,633,0,261,252
13053,39322,735,625,110,554,71,2.90,2.34,625,57,128,426
13054,39323,536,489,47,404,85,2.51,3.59,489,62,126,278
13055,39324,0,0,0,0,0,-,-,0,0,0,0
13056,39325,2476,2216,260,1949,267,2.65,3.13,2216,92,866,1083
13057,39326,119,92,27,92,0,2.73,-,92,0,64,28
13058,39327,1612,1450,162,1173,277,2.43,2.48,1450,65,538,635
13059,39328,2257,1783,474,1209,574,2.53,2.21,1783,260,360,849
13060,39330,1161,983,178,900,83,2.89,1.71,983,41,318,582
13061,39332,780,640,140,511,129,3.30,3.96,640,4,246,265
13062,39335,1415,875,540,735,140,1.91,2.11,875,74,324,411
13063,39336,515,414,101,353,61,2.08,4.43,414,36,57,296
13064,39337,909,668,241,588,80,2.40,2.98,668,50,259,329
13065,39338,1783,1377,406,1262,115,2.59,2.40,1377,21,284,978
13066,39339,6505,5623,882,4098,1525,2.41,2.57,5623,395,1674,2424
13067,39341,2558,2027,531,1434,593,3.03,3.20,2027,162,723,711
13068,39342,800,673,127,311,362,3.30,2.36,673,32,228,83
13069,39345,2698,2242,456,1621,621,2.55,2.62,2242,233,422,1199
13070,39346,1112,824,288,648,176,2.52,2.57,824,28,253,395
13071,39347,875,587,288,475,112,2.06,2.47,587,136,213,262
13072,39348,205,170,35,170,0,3.22,-,170,0,22,148
13073,39350,9808,8326,1482,5906,2420,2.82,3.26,8326,783,2387,3519
13074,39352,236,203,33,160,43,1.23,5.84,203,0,46,114
13075,39354,879,800,79,673,127,3.23,2.06,800,17,367,306
13076,39355,3318,2579,739,2201,378,2.15,2.58,2579,84,660,1541
13077,39356,290,265,25,184,81,1.63,2.95,265,0,17,167
13078,39358,506,282,224,184,98,2.90,2.89,282,7,71,113
13079,39359,103,101,2,64,37,2.14,3.27,101,6,26,38
13080,39360,1684,1220,464,1091,129,3.13,2.07,1220,138,345,746
13081,39361,806,624,182,580,44,1.90,1.86,624,60,206,374
13082,39362,1834,1439,395,1132,307,2.30,3.30,1439,104,262,870
13083,39363,759,514,245,334,180,2.85,2.62,514,43,97,237
13084,39364,1406,1317,89,1183,134,2.21,1.37,1317,74,416,767
13085,39365,3583,2831,752,2213,618,2.87,2.96,2831,210,804,1409
13086,39366,494,333,161,308,25,3.09,-,333,84,43,265
13087,39367,6685,5532,1153,4827,705,2.31,4.34,5532,370,1688,3139
13088,39401,19579,16415,3164,7068,9347,2.57,2.31,16415,1784,3552,3516
13089,39402,18419,17276,1143,10100,7176,2.58,2.44,17276,1041,6119,3981
13090,39406,27,0,27,0,0,-,-,0,0,0,0
13091,39421,1343,1179,164,1085,94,2.73,2.73,1179,72,464,621
13092,39422,2101,1713,388,1412,301,2.70,2.39,1713,279,272,1140
13093,39423,1340,1110,230,971,139,2.24,2.12,1110,53,378,593
13094,39425,1109,968,141,875,93,3.00,1.94,968,24,362,513
13095,39426,7558,6450,1108,5591,859,2.69,2.78,6450,30,2994,2597
13096,39427,604,461,143,424,37,2.70,2.43,461,9,125,299
13097,39428,3984,3237,747,2279,958,2.84,2.19,3237,211,1132,1147
13098,39429,7599,6224,1375,4737,1487,2.50,2.28,6224,465,1684,3053
13099,39437,5121,4251,870,3257,994,2.94,2.32,4251,211,1585,1672
13100,39439,2178,1734,444,1521,213,2.76,2.27,1734,84,575,946
13101,39440,9016,7496,1520,4579,2917,2.44,3.06,7496,694,1873,2706
13102,39443,9647,8167,1480,6534,1633,2.72,2.55,8167,226,2031,4503
13103,39451,1287,1106,181,756,350,3.39,2.84,1106,91,294,462
13104,39452,12092,10032,2060,8157,1875,2.77,2.35,10032,567,3451,4706
13105,39455,4606,3490,1116,2800,690,2.65,2.50,3490,242,1312,1488
13106,39456,488,245,243,237,8,4.00,2.38,245,7,91,146
13107,39459,1619,1443,176,1053,390,2.99,3.08,1443,28,350,703
13108,39461,374,351,23,239,112,1.87,1.77,351,0,37,202
13109,39462,574,436,138,300,136,3.07,1.60,436,28,152,148
13110,39464,1216,1033,183,913,120,3.32,2.58,1033,36,207,706
13111,39465,9040,8157,883,6409,1748,2.91,2.74,8157,292,3485,2924
13112,39466,12717,10748,1969,8158,2590,2.72,2.53,10748,548,4130,4028
13113,39470,5357,4179,1178,3539,640,2.55,3.21,4179,107,1432,2107
13114,39474,2736,2143,593,1615,528,2.67,1.89,2143,164,514,1101
13115,39475,5845,5429,416,4113,1316,2.53,2.37,5429,159,2398,1715
13116,39476,3046,2292,754,2034,258,2.91,2.51,2292,52,734,1300
13117,39477,337,239,98,221,18,2.26,3.28,239,24,69,152
13118,39478,860,772,88,668,104,2.96,2.68,772,25,226,442
13119,39479,2514,2213,301,1753,460,2.78,1.99,2213,206,905,848
13120,39480,1117,977,140,902,75,2.76,1.65,977,73,449,453
13121,39481,828,617,211,535,82,2.79,1.96,617,64,295,240
13122,39482,4472,4117,355,3601,516,2.54,2.65,4117,115,2005,1596
13123,39483,2478,2034,444,1720,314,2.86,3.18,2034,77,525,1195
13124,39501,10521,8822,1699,3161,5661,2.49,2.57,8822,1126,1632,1529
13125,39503,21854,19976,1878,13314,6662,2.66,2.86,19976,941,8757,4557
13126,39507,9048,7507,1541,3649,3858,2.55,2.26,7507,562,2061,1588
13127,39520,7874,6423,1451,4436,1987,2.18,2.70,6423,522,1907,2529
13128,39525,4569,4160,409,3624,536,2.26,2.25,4160,132,2139,1485
13129,39529,0,0,0,0,0,-,-,0,0,0,0
13130,39530,4519,3632,887,1627,2005,2.02,2.33,3632,325,841,786
13131,39531,9620,7821,1799,2872,4949,2.32,2.33,7821,763,1771,1101
13132,39532,14857,13411,1446,7902,5509,2.76,2.31,13411,513,4484,3418
13133,39534,0,0,0,0,0,-,-,0,0,0,0
13134,39540,5101,4764,337,2465,2299,2.77,2.54,4764,193,1304,1161
13135,39553,7884,6638,1246,4882,1756,2.89,2.05,6638,353,2567,2315
13136,39556,3273,2725,548,2474,251,3.02,1.92,2725,65,1105,1369
13137,39560,8328,7145,1183,4810,2335,2.66,2.27,7145,273,2620,2190
13138,39561,784,651,133,600,51,1.98,1.37,651,0,308,292
13139,39562,7893,6802,1091,5680,1122,2.56,2.41,6802,411,2370,3310
13140,39563,5723,4656,1067,3464,1192,2.60,2.65,4656,221,1208,2256
13141,39564,17795,16632,1163,12108,4524,2.58,2.25,16632,383,7709,4399
13142,39565,7801,6905,896,5974,931,2.93,2.79,6905,126,3374,2600
13143,39567,4485,3617,868,2349,1268,2.48,2.98,3617,202,1086,1263
13144,39571,6462,5216,1246,4302,914,2.59,2.41,5216,193,1965,2337
13145,39572,662,564,98,564,0,2.04,-,564,23,156,408
13146,39573,3834,3347,487,3081,266,2.60,2.82,3347,0,1609,1472
13147,39574,5314,4480,834,3790,690,2.84,3.51,4480,173,2212,1578
13148,39576,3185,2546,639,1662,884,2.59,2.10,2546,359,1176,486
13149,39577,3989,3489,500,2274,1215,2.87,3.00,3489,376,1117,1157
13150,39581,5531,4500,1031,2068,2432,2.68,2.50,4500,307,1168,900
13151,39595,0,0,0,0,0,-,-,0,0,0,0
13152,39601,10549,8854,1695,6451,2403,2.62,2.81,8854,566,2356,4095
13153,39629,2938,2442,496,2081,361,2.55,2.22,2442,62,522,1559
13154,39630,672,466,206,187,279,2.93,2.01,466,47,66,121
13155,39631,1835,1515,320,1076,439,2.18,3.02,1515,107,265,811
13156,39633,472,278,194,213,65,2.43,3.08,278,48,41,172
13157,39635,155,103,52,62,41,2.32,2.22,103,0,38,24
13158,39638,1987,1520,467,1153,367,2.37,2.27,1520,157,155,998
13159,39641,2212,1842,370,1536,306,2.57,4.13,1842,41,359,1177
13160,39643,553,380,173,311,69,3.44,-,380,9,119,192
13161,39645,2694,2153,541,1610,543,1.99,2.38,2153,284,324,1286
13162,39647,521,233,288,223,10,2.48,7.00,233,0,81,142
13163,39648,10234,8108,2126,4300,3808,2.56,2.34,8108,570,1600,2700
13164,39652,3918,3143,775,2544,599,2.72,2.34,3143,143,809,1735
13165,39653,1379,1031,348,709,322,2.35,2.24,1031,6,86,623
13166,39654,2568,1936,632,1442,494,2.71,2.73,1936,87,617,825
13167,39656,367,236,131,190,46,3.58,3.37,236,19,110,80
13168,39657,1056,693,363,608,85,1.99,2.54,693,44,190,418
13169,39661,1273,897,376,705,192,3.06,2.45,897,37,272,433
13170,39662,563,446,117,446,0,3.39,-,446,0,153,293
13171,39663,1101,869,232,634,235,2.67,2.36,869,39,217,417
13172,39664,853,813,40,739,74,2.04,3.53,813,67,199,540
13173,39665,502,404,98,348,56,2.58,3.21,404,50,94,254
13174,39666,4634,3791,843,2981,810,2.86,3.41,3791,179,1259,1722
13175,39667,5799,4460,1339,3754,706,2.51,2.17,4460,318,1319,2435
13176,39668,525,326,199,288,38,3.19,1.13,326,0,22,266
13177,39669,2864,2038,826,1765,273,2.06,1.88,2038,121,386,1379
13178,39701,6876,5321,1555,2525,2796,2.39,2.04,5321,657,1122,1403
13179,39702,9578,8268,1310,5429,2839,2.83,2.69,8268,667,3484,1945
13180,39705,6329,5105,1224,3098,2007,2.20,2.75,5105,147,1552,1546
13181,39730,5139,4174,965,2942,1232,2.74,2.37,4174,251,1227,1715
13182,39735,1843,1549,294,1159,390,2.55,2.20,1549,77,534,625
13183,39736,209,173,36,93,80,2.58,1.56,173,35,23,70
13184,39737,200,77,123,64,13,1.73,-,77,13,12,52
13185,39739,1395,989,406,694,295,2.87,2.66,989,75,290,404
13186,39740,2276,1983,293,1485,498,3.01,2.62,1983,24,939,546
13187,39741,749,651,98,542,109,2.21,2.47,651,15,128,414
13188,39743,901,814,87,759,55,2.52,1.35,814,27,254,505
13189,39744,2848,2353,495,1793,560,2.44,2.43,2353,210,964,829
13190,39745,329,265,64,191,74,2.17,3.04,265,14,55,136
13191,39746,1363,1166,197,959,207,2.31,1.69,1166,58,357,602
13192,39747,1035,687,348,486,201,2.42,1.48,687,23,135,351
13193,39750,1855,1432,423,1088,344,2.32,2.99,1432,118,380,708
13194,39751,583,518,65,417,101,2.67,2.74,518,41,165,252
13195,39752,1175,957,218,795,162,2.52,2.28,957,33,301,494
13196,39753,0,0,0,0,0,-,-,0,0,0,0
13197,39755,468,385,83,346,39,2.06,2.95,385,18,111,235
13198,39756,783,540,243,517,23,3.33,2.57,540,0,146,371
13199,39759,22938,19247,3691,9040,10207,2.52,2.01,19247,1089,4820,4220
13200,39762,0,0,0,0,0,-,-,0,0,0,0
13201,39766,1269,1158,111,817,341,2.85,2.45,1158,38,473,344
13202,39767,494,392,102,347,45,2.17,1.91,392,35,29,318
13203,39769,757,609,148,443,166,2.31,1.58,609,17,165,278
13204,39771,71,49,22,38,11,2.00,3.82,49,2,10,28
13205,39772,969,787,182,685,102,2.36,1.92,787,71,302,383
13206,39773,7243,6090,1153,4068,2022,2.35,2.56,6090,572,1887,2181
13207,39776,650,531,119,360,171,2.29,2.11,531,4,169,191
13208,39813,1012,699,313,475,224,2.87,2.14,699,69,175,300
13209,39815,717,499,218,333,166,3.32,2.97,499,31,99,234
13210,39817,4930,3830,1100,2299,1531,2.68,2.63,3830,234,1345,954
13211,39819,5457,4527,930,2677,1850,2.54,2.85,4527,347,1414,1263
13212,39823,3762,3174,588,2185,989,2.36,3.39,3174,343,873,1312
13213,39824,337,259,78,207,52,2.62,2.65,259,2,44,163
13214,39825,786,621,165,432,189,2.54,3.37,621,8,259,173
13215,39826,351,300,51,202,98,2.30,2.65,300,48,29,173
13216,39827,2095,1859,236,1254,605,2.55,2.41,1859,61,695,559
13217,39828,6152,5336,816,3104,2232,2.64,3.09,5336,505,1516,1588
13218,39832,4,4,0,4,0,-,-,4,0,0,4
13219,39834,904,696,208,522,174,3.46,2.25,696,92,117,405
13220,39836,256,140,116,91,49,2.22,4.27,140,0,33,58
13221,39837,2959,2591,368,1715,876,2.30,2.36,2591,313,728,987
13222,39840,2371,1732,639,808,924,2.44,2.71,1732,373,399,409
13223,39841,424,290,134,251,39,2.73,2.36,290,57,72,179
13224,39842,3501,2720,781,1501,1219,2.40,3.07,2720,251,675,826
13225,39845,4540,3182,1358,2251,931,2.54,2.52,3182,321,941,1310
13226,39846,802,616,186,445,171,2.48,3.16,616,43,158,287
13227,39851,1474,867,607,572,295,1.83,2.41,867,104,188,384
13228,39854,1865,1021,844,832,189,2.10,3.39,1021,130,259,573
13229,39859,512,356,156,308,48,2.99,1.63,356,0,100,208
13230,39861,600,467,133,298,169,2.41,2.04,467,41,124,174
13231,39862,550,431,119,297,134,2.31,2.40,431,20,84,213
13232,39866,266,150,116,102,48,1.58,3.92,150,28,28,74
13233,39867,197,126,71,99,27,3.12,1.44,126,3,27,72
13234,39870,984,766,218,462,304,2.52,2.07,766,47,181,281
13235,39877,330,231,99,201,30,2.31,1.53,231,9,84,117
13236,39885,11,9,2,6,3,2.33,3.00,9,4,4,2
13237,39886,720,537,183,335,202,2.02,4.20,537,96,96,239
13238,39897,1797,1402,395,1137,265,2.47,2.80,1402,41,544,593
13239,40003,743,699,44,590,109,2.56,4.21,699,12,403,187
13240,40004,12773,11967,806,8727,3240,2.57,2.35,11967,552,5323,3404
13241,40006,2070,1785,285,1427,358,2.75,2.92,1785,86,830,597
13242,40007,20,20,0,20,0,-,-,20,0,0,20
13243,40008,1741,1529,212,1309,220,2.49,2.21,1529,57,647,662
13244,40009,749,572,177,511,61,2.43,3.61,572,25,151,360
13245,40010,181,181,0,181,0,3.38,-,181,0,133,48
13246,40011,1071,926,145,744,182,2.63,3.15,926,23,402,342
13247,40012,227,227,0,149,78,3.07,3.56,227,22,102,47
13248,40013,2405,2275,130,2111,164,2.55,2.81,2275,67,1480,631
13249,40014,7583,7341,242,6350,991,3.09,2.92,7341,99,4761,1589
13250,40019,1578,1411,167,916,495,2.71,2.94,1411,136,575,341
13251,40020,135,135,0,124,11,1.69,1.55,135,0,15,109
13252,40022,315,291,24,247,44,2.91,3.57,291,7,150,97
13253,40023,2251,2165,86,2033,132,2.77,2.15,2165,43,1476,557
13254,40025,203,194,9,193,1,2.38,-,194,5,89,104
13255,40026,2169,2032,137,1915,117,3.12,3.14,2032,40,1500,415
13256,40031,8248,7995,253,6363,1632,2.86,2.26,7995,145,4254,2109
13257,40033,5151,4834,317,3161,1673,2.46,2.21,4834,421,1584,1577
13258,40036,124,124,0,114,10,2.18,4.30,124,0,0,114
13259,40037,1142,1064,78,950,114,2.76,1.80,1064,16,547,403
13260,40040,228,180,48,143,37,1.87,5.19,180,4,37,106
13261,40041,316,259,57,71,188,1.13,1.49,259,54,0,71
13262,40045,1620,1340,280,1085,255,2.31,2.42,1340,91,410,675
13263,40046,607,516,91,498,18,2.98,-,516,43,389,109
13264,40047,8578,8216,362,7127,1089,2.71,2.34,8216,259,5032,2095
13265,40049,0,0,0,0,0,-,-,0,0,0,0
13266,40050,828,712,116,529,183,2.55,2.17,712,52,293,236
13267,40051,2086,1768,318,1440,328,2.73,2.26,1768,136,794,646
13268,40052,214,194,20,181,13,2.52,3.08,194,20,68,113
13269,40055,1013,858,155,674,184,2.79,2.64,858,12,455,219
13270,40056,1362,1270,92,1213,57,2.62,2.89,1270,25,860,353
13271,40057,1690,1575,115,1158,417,2.37,2.76,1575,14,663,495
13272,40058,17,17,0,17,0,1.59,-,17,0,9,8
13273,40059,8274,7653,621,7022,631,2.68,2.02,7653,114,4505,2517
13274,40060,552,500,52,415,85,2.79,1.72,500,6,245,170
13275,40061,0,0,0,0,0,-,-,0,0,0,0
13276,40062,77,77,0,45,32,1.69,3.78,77,13,16,29
13277,40063,0,0,0,0,0,-,-,0,0,0,0
13278,40065,12474,11420,1054,7603,3817,2.69,2.58,11420,434,5143,2460
13279,40067,2418,2260,158,1757,503,2.57,2.89,2260,37,1231,526
13280,40068,985,964,21,795,169,2.71,3.04,964,14,584,211
13281,40069,3611,3259,352,2400,859,2.50,2.06,3259,284,1424,976
13282,40070,225,162,63,132,30,3.05,-,162,10,84,48
13283,40071,6032,5701,331,4899,802,2.80,2.78,5701,99,3676,1223
13284,40075,487,377,110,290,87,2.96,1.54,377,10,111,179
13285,40076,1282,1128,154,914,214,2.94,2.64,1128,0,528,386
13286,40077,332,266,66,171,95,2.21,2.00,266,0,125,46
13287,40078,1109,967,142,794,173,2.93,2.40,967,70,510,284
13288,40104,495,390,105,365,25,2.77,2.76,390,16,151,214
13289,40107,949,839,110,687,152,2.66,2.89,839,0,438,249
13290,40108,5194,4517,677,3614,903,2.92,2.14,4517,177,2440,1174
13291,40109,889,858,31,800,58,2.77,-,858,34,440,360
13292,40110,232,188,44,99,89,1.66,3.31,188,0,34,65
13293,40111,782,680,102,503,177,2.99,2.09,680,65,198,305
13294,40115,311,257,54,232,25,3.47,1.92,257,16,95,137
13295,40117,971,912,59,742,170,2.77,2.56,912,27,326,416
13296,40118,4355,3880,475,2644,1236,2.52,2.50,3880,300,1423,1221
13297,40119,2054,781,1273,757,24,2.63,2.17,781,62,284,473
13298,40121,2618,2342,276,15,2327,2.27,3.16,2342,35,0,15
13299,40140,346,269,77,216,53,1.95,4.15,269,0,75,141
13300,40142,821,763,58,589,174,2.95,2.10,763,0,241,348
13301,40143,2873,2328,545,1757,571,2.68,2.41,2328,91,797,960
13302,40144,690,529,161,529,0,2.08,-,529,4,329,200
13303,40145,540,205,335,179,26,3.63,4.23,205,30,82,97
13304,40146,1689,1368,321,1009,359,2.80,2.48,1368,103,532,477
13305,40150,1867,1745,122,1364,381,2.75,2.64,1745,77,713,651
13306,40152,786,337,449,337,0,2.51,-,337,8,185,152
13307,40155,569,461,108,242,219,2.47,2.43,461,49,43,199
13308,40157,424,342,82,275,67,2.57,3.00,342,0,181,94
13309,40160,10204,9047,1157,4622,4425,2.53,2.58,9047,664,2635,1987
13310,40161,99,67,32,38,29,3.00,2.03,67,0,15,23
13311,40162,2039,1935,104,1734,201,2.62,3.40,1935,87,1121,613
13312,40165,15220,14077,1143,11031,3046,2.71,2.27,14077,539,7196,3835
13313,40170,172,159,13,139,20,3.25,-,159,10,60,79
13314,40171,137,114,23,62,52,1.18,2.08,114,0,12,50
13315,40175,6232,5328,904,3984,1344,3.00,2.70,5328,170,2788,1196
13316,40176,356,329,27,282,47,2.52,3.96,329,0,116,166
13317,40177,826,664,162,476,188,2.58,2.14,664,40,178,298
13318,40178,507,182,325,182,0,2.62,-,182,10,101,81
13319,40202,4103,3030,1073,188,2842,1.65,1.31,3030,1792,61,127
13320,40203,10768,8917,1851,1878,7039,2.11,1.72,8917,3248,1137,741
13321,40204,8718,7684,1034,3793,3891,1.97,1.74,7684,584,2692,1101
13322,40205,11110,10561,549,7864,2697,2.36,1.84,10561,623,5020,2844
13323,40206,11394,10524,870,5618,4906,2.11,1.69,10524,915,3826,1792
13324,40207,14540,13688,852,9512,4176,2.25,1.87,13688,522,5685,3827
13325,40208,6442,5090,1352,1214,3876,2.45,2.09,5090,1144,712,502
13326,40209,229,209,20,138,71,1.91,2.85,209,0,113,25
13327,40210,7233,5733,1500,2269,3464,2.35,2.62,5733,1685,1104,1165
13328,40211,11545,9315,2230,3873,5442,2.27,2.45,9315,2741,2129,1744
13329,40212,8622,6745,1877,3481,3264,2.37,2.53,6745,1768,1655,1826
13330,40213,7845,7116,729,4365,2751,2.19,2.26,7116,330,2503,1862
13331,40214,20484,18396,2088,9710,8686,2.59,2.54,18396,1831,6348,3362
13332,40215,9245,7845,1400,3260,4585,2.26,2.74,7845,1656,2057,1203
13333,40216,19081,17401,1680,10743,6658,2.54,2.43,17401,1581,7474,3269
13334,40217,6522,6053,469,3712,2341,2.05,1.80,6053,490,2253,1459
13335,40218,14747,13483,1264,6549,6934,2.46,2.46,13483,719,4692,1857
13336,40219,16342,15565,777,8156,7409,2.59,2.32,15565,1235,5287,2869
13337,40220,16098,15339,759,9543,5796,2.25,2.19,15339,645,6084,3459
13338,40221,0,0,0,0,0,-,-,0,0,0,0
13339,40222,10801,10114,687,5708,4406,2.32,1.81,10114,599,3435,2273
13340,40223,10517,10046,471,7327,2719,2.46,2.00,10046,244,5089,2238
13341,40228,7269,7059,210,5761,1298,2.41,3.05,7059,256,4035,1726
13342,40229,15372,14725,647,10812,3913,2.70,2.66,14725,482,7435,3377
13343,40231,0,0,0,0,0,-,-,0,0,0,0
13344,40241,13412,12730,682,8880,3850,2.49,2.09,12730,564,5512,3368
13345,40242,4773,4522,251,3185,1337,2.42,2.40,4522,215,2135,1050
13346,40243,5777,5445,332,3582,1863,2.42,1.72,5445,647,2432,1150
13347,40245,14466,13718,748,10801,2917,2.84,2.10,13718,349,8080,2721
13348,40258,11577,10565,1012,7473,3092,2.68,2.40,10565,703,5101,2372
13349,40272,15681,14523,1158,10706,3817,2.59,2.86,14523,689,6751,3955
13350,40280,8,8,0,0,8,-,-,8,0,0,0
13351,40291,16052,15379,673,12079,3300,2.53,2.67,15379,576,8336,3743
13352,40299,17222,16654,568,12754,3900,2.53,2.32,16654,688,8972,3782
13353,40310,299,229,70,172,57,2.47,3.07,229,18,84,88
13354,40311,3276,2710,566,1900,810,2.91,2.28,2710,228,1010,890
13355,40312,2703,2300,403,1532,768,2.58,2.05,2300,244,761,771
13356,40313,1347,1076,271,637,439,2.94,1.95,1076,281,186,451
13357,40316,192,166,26,110,56,3.65,2.63,166,0,60,50
13358,40322,1533,1083,450,787,296,2.63,2.88,1083,55,322,465
13359,40324,19690,18718,972,13115,5603,2.73,2.29,18718,703,9772,3343
13360,40328,664,436,228,360,76,2.30,2.51,436,9,121,239
13361,40330,9450,8169,1281,5874,2295,2.52,2.20,8169,394,3247,2627
13362,40334,6,6,0,6,0,2.50,-,6,0,0,6
13363,40336,5946,4985,961,3531,1454,2.58,2.35,4985,449,1551,1980
13364,40337,2351,1955,396,1530,425,3.10,2.77,1955,217,815,715
13365,40339,65,32,33,27,5,8.37,3.40,32,0,23,4
13366,40342,9633,8804,829,6943,1861,2.66,2.44,8804,274,4282,2661
13367,40346,334,213,121,160,53,2.26,7.30,213,23,27,133
13368,40347,1518,1362,156,1021,341,2.68,2.26,1362,51,693,328
13369,40348,419,352,67,165,187,2.02,1.44,352,6,89,76
13370,40350,65,65,0,65,0,1.25,-,65,0,26,39
13371,40351,9391,7995,1396,4933,3062,2.59,2.21,7995,693,2744,2189
13372,40353,9657,8734,923,5424,3310,2.49,2.44,8734,522,3382,2042
13373,40355,71,71,0,34,37,-,2.11,71,0,0,34
13374,40356,17652,16571,1081,11492,5079,2.67,2.61,16571,707,7290,4202
13375,40357,69,64,5,17,47,2.06,2.62,64,5,9,8
13376,40358,474,474,0,387,87,2.60,1.07,474,0,225,162
13377,40359,3381,2602,779,2154,448,2.61,2.70,2602,76,1083,1071
13378,40360,3046,2685,361,1824,861,2.63,2.55,2685,243,1104,720
13379,40361,8036,7203,833,4601,2602,2.47,2.59,7203,295,2915,1686
13380,40363,15,15,0,15,0,-,-,15,0,0,15
13381,40370,1219,1047,172,944,103,2.32,3.35,1047,19,682,262
13382,40371,1339,1100,239,941,159,2.81,2.39,1100,97,450,491
13383,40372,913,834,79,743,91,3.21,2.12,834,46,556,187
13384,40374,787,724,63,567,157,3.34,1.96,724,60,297,270
13385,40376,69,15,54,15,0,1.73,-,15,0,0,15
13386,40379,1653,1562,91,1334,228,2.39,2.51,1562,61,725,609
13387,40380,2852,2366,486,1651,715,3.22,2.67,2366,166,855,796
13388,40383,10276,9447,829,6616,2831,2.64,2.42,9447,424,4167,2449
13389,40385,1321,962,359,761,201,2.54,2.67,962,43,279,482
13390,40387,1476,680,796,527,153,2.46,3.86,680,33,173,354
13391,40390,2455,2113,342,1169,944,2.68,2.99,2113,131,734,435
13392,40391,15889,14703,1186,10527,4176,2.49,2.33,14703,932,6807,3720
13393,40402,897,780,117,626,154,2.71,1.90,780,82,315,311
13394,40403,10795,9795,1000,6611,3184,2.68,2.37,9795,373,4025,2586
13395,40404,0,0,0,0,0,-,-,0,0,0,0
13396,40409,1605,1392,213,885,507,2.76,2.14,1392,153,469,416
13397,40419,1927,1583,344,1250,333,2.78,2.94,1583,175,635,615
13398,40422,10307,9389,918,6086,3303,2.50,2.21,9389,532,3500,2586
13399,40434,0,0,0,0,0,-,-,0,0,0,0
13400,40437,2089,1990,99,1665,325,2.36,3.46,1990,29,736,929
13401,40440,1266,1146,120,994,152,2.20,2.11,1146,139,614,380
13402,40442,441,305,136,294,11,1.92,1.73,305,48,77,217
13403,40444,6125,5425,700,4475,950,2.55,2.59,5425,261,2844,1631
13404,40445,375,263,112,229,34,2.85,1.88,263,34,18,211
13405,40447,3872,3041,831,2230,811,2.65,1.94,3041,348,851,1379
13406,40448,0,0,0,0,0,-,-,0,0,0,0
13407,40456,4123,3622,501,2703,919,2.35,2.38,3622,310,1048,1655
13408,40460,412,352,60,325,27,3.18,2.81,352,22,122,203
13409,40461,955,925,30,737,188,2.51,2.96,925,19,291,446
13410,40464,493,413,80,367,46,2.37,1.35,413,39,201,166
13411,40468,981,848,133,689,159,2.31,3.42,848,24,362,327
13412,40472,869,607,262,463,144,2.51,2.40,607,30,112,351
13413,40475,27333,25087,2246,14514,10573,2.57,2.08,25087,1170,9151,5363
13414,40481,179,139,40,125,14,2.37,-,139,0,81,44
13415,40484,5668,5001,667,3709,1292,2.42,2.59,5001,216,2104,1605
13416,40486,1123,1024,99,956,68,3.17,2.69,1024,35,590,366
13417,40489,1553,1507,46,1407,100,2.95,2.38,1507,132,628,779
13418,40502,14142,12866,1276,7474,5392,2.18,1.97,12866,508,4462,3012
13419,40503,13404,12543,861,8011,4532,2.35,2.19,12543,590,5029,2982
13420,40504,12974,11881,1093,3749,8132,2.19,2.17,11881,2268,2327,1422
13421,40505,11933,11010,923,6614,4396,2.24,2.56,11010,1281,4556,2058
13422,40507,1462,1339,123,406,933,1.71,1.30,1339,449,201,205
13423,40508,11804,10190,1614,2888,7302,2.31,1.85,10190,1872,1927,961
13424,40509,19269,18044,1225,11275,6769,2.67,2.10,18044,627,8455,2820
13425,40510,425,417,8,303,114,1.84,1.61,417,4,136,167
13426,40511,14168,13036,1132,8215,4821,2.45,2.44,13036,546,6088,2127
13427,40513,4650,4395,255,3299,1096,2.61,2.04,4395,78,2125,1174
13428,40514,6519,6393,126,4586,1807,2.70,2.59,6393,51,3305,1281
13429,40515,15583,14686,897,9133,5553,2.62,2.18,14686,404,6538,2595
13430,40516,1066,1051,15,873,178,2.32,3.71,1051,35,584,289
13431,40517,18172,16778,1394,6168,10610,2.18,2.22,16778,1563,4352,1816
13432,40526,0,0,0,0,0,-,-,0,0,0,0
13433,40536,0,0,0,0,0,-,-,0,0,0,0
13434,40601,24058,22318,1740,13984,8334,2.28,2.10,22318,1478,8662,5322
13435,40701,13211,11302,1909,7491,3811,2.71,2.43,11302,950,4051,3440
13436,40729,2339,2071,268,1719,352,2.82,2.58,2071,83,499,1220
13437,40734,1597,1295,302,895,400,2.79,2.90,1295,66,225,670
13438,40737,596,515,81,443,72,3.02,3.06,515,0,259,184
13439,40740,1445,1380,65,903,477,2.92,2.98,1380,106,505,398
13440,40741,10586,9389,1197,6602,2787,2.65,2.54,9389,477,3522,3080
13441,40744,7719,6729,990,4924,1805,2.84,2.18,6729,345,2428,2496
13442,40759,984,793,191,710,83,2.86,2.70,793,67,184,526
13443,40763,288,211,77,164,47,2.14,2.09,211,37,55,109
13444,40769,7621,5933,1688,3767,2166,2.69,2.74,5933,561,1725,2042
13445,40771,630,608,22,243,365,3.61,2.41,608,86,98,145
13446,40801,0,0,0,0,0,-,-,0,0,0,0
13447,40803,21,21,0,21,0,3.62,-,21,0,0,21
13448,40806,967,872,95,592,280,2.53,2.17,872,32,236,356
13449,40807,246,217,29,190,27,2.43,3.11,217,31,86,104
13450,40808,83,17,66,17,0,4.24,-,17,0,4,13
13451,40810,654,494,160,425,69,2.53,2.04,494,45,55,370
13452,40813,128,121,7,72,49,2.42,2.86,121,0,8,64
13453,40815,550,372,178,246,126,2.29,2.75,372,0,40,206
13454,40816,0,0,0,0,0,-,-,0,0,0,0
13455,40818,68,38,30,38,0,3.47,-,38,0,0,38
13456,40819,401,367,34,327,40,2.35,1.75,367,16,141,186
13457,40820,177,145,32,145,0,2.54,-,145,8,26,119
13458,40823,1686,1338,348,732,606,2.34,3.03,1338,147,258,474
13459,40824,285,244,41,99,145,4.20,2.05,244,14,24,75
13460,40826,325,208,117,159,49,2.01,3.61,208,17,38,121
13461,40827,373,315,58,250,65,2.82,2.49,315,0,115,135
13462,40828,1943,1612,331,1295,317,2.74,2.83,1612,171,415,880
13463,40829,55,42,13,9,33,-,2.24,42,33,0,9
13464,40830,160,126,34,126,0,2.29,-,126,0,77,49
13465,40831,2479,1998,481,1083,915,2.60,2.13,1998,263,424,659
13466,40840,234,157,77,138,19,3.02,4.89,157,0,27,111
13467,40843,47,47,0,47,0,2.47,-,47,0,12,35
13468,40844,60,51,9,51,0,1.86,-,51,20,0,51
13469,40845,236,229,7,186,43,2.73,2.37,229,12,25,161
13470,40847,59,59,0,45,14,3.93,2.36,59,9,28,17
13471,40849,30,30,0,23,7,1.87,1.86,30,0,0,23
13472,40854,536,436,100,226,210,2.31,2.26,436,46,93,133
13473,40855,544,352,192,240,112,2.29,2.05,352,11,45,195
13474,40856,407,329,78,241,88,2.85,2.51,329,5,83,158
13475,40858,133,75,58,46,29,2.89,3.31,75,0,0,46
13476,40862,229,194,35,163,31,2.45,2.19,194,25,42,121
13477,40863,276,184,92,144,40,2.42,1.88,184,25,17,127
13478,40865,164,140,24,108,32,2.62,3.09,140,11,38,70
13479,40868,450,376,74,288,88,2.11,3.59,376,74,225,63
13480,40870,284,239,45,212,27,2.61,2.41,239,7,42,170
13481,40873,1066,798,268,570,228,2.69,2.84,798,85,267,303
13482,40874,92,80,12,56,24,2.02,-,80,15,56,0
13483,40902,407,328,79,244,84,2.29,3.10,328,22,93,151
13484,40903,399,262,137,218,44,3.11,2.68,262,10,80,138
13485,40906,5312,4348,964,2671,1677,2.44,2.76,4348,829,1030,1641
13486,40913,161,114,47,57,57,3.09,4.30,114,0,0,57
13487,40914,426,313,113,137,176,2.83,2.48,313,31,54,83
13488,40915,367,326,41,167,159,2.90,2.81,326,100,47,120
13489,40921,127,96,31,67,29,3.09,2.72,96,12,0,67
13490,40923,285,239,46,186,53,2.71,3.64,239,0,77,109
13491,40927,356,250,106,223,27,2.83,1.96,250,15,36,187
13492,40935,1169,878,291,563,315,2.29,3.13,878,67,105,458
13493,40939,106,55,51,55,0,2.75,-,55,0,13,42
13494,40940,202,121,81,104,17,2.01,3.00,121,16,44,60
13495,40941,0,0,0,0,0,-,-,0,0,0,0
13496,40943,329,245,84,171,74,3.38,1.49,245,60,57,114
13497,40946,35,20,15,10,10,3.70,3.40,20,0,0,10
13498,40949,163,82,81,49,33,3.16,3.45,82,0,45,4
13499,40953,200,157,43,108,49,1.84,2.96,157,0,29,79
13500,40958,234,209,25,142,67,2.43,3.04,209,9,9,133
13501,40962,7344,6081,1263,4446,1635,2.76,2.61,6081,804,1378,3068
13502,40964,66,24,42,0,24,-,-,24,14,0,0
13503,40965,5829,4792,1037,2668,2124,2.41,2.37,4792,541,904,1764
13504,40972,696,530,166,397,133,3.03,2.55,530,76,121,276
13505,40977,4043,3157,886,2140,1017,2.81,2.31,3157,270,593,1547
13506,40979,0,0,0,0,0,-,-,0,0,0,0
13507,40981,0,0,0,0,0,-,-,0,0,0,0
13508,40982,208,163,45,131,32,3.11,6.13,163,0,30,101
13509,40983,121,83,38,66,17,2.67,5.41,83,0,32,34
13510,40988,219,182,37,167,15,2.49,-,182,32,82,85
13511,40995,21,6,15,6,0,-,-,6,6,0,6
13512,40997,243,130,113,55,75,1.29,2.85,130,33,9,46
13513,41001,6933,6662,271,5834,828,2.93,1.80,6662,186,4156,1678
13514,41002,1227,970,257,692,278,2.46,3.14,970,37,376,316
13515,41003,1023,843,180,585,258,2.61,2.33,843,13,308,277
13516,41004,1600,1303,297,958,345,2.91,2.17,1303,55,600,358
13517,41005,9093,8416,677,6796,1620,3.01,2.56,8416,118,5208,1588
13518,41006,1717,1433,284,1081,352,2.45,2.39,1433,43,496,585
13519,41007,1790,1657,133,1536,121,2.91,2.51,1657,22,1061,475
13520,41008,3047,2775,272,1673,1102,2.66,2.30,2775,187,853,820
13521,41010,1747,1304,443,1124,180,2.31,3.29,1304,62,524,600
13522,41011,14318,12605,1713,5550,7055,2.37,1.92,12605,2185,3859,1691
13523,41014,3497,2958,539,1477,1481,2.13,2.52,2958,429,995,482
13524,41015,8757,8099,658,5610,2489,2.70,2.18,8099,571,3897,1713
13525,41016,3275,2770,505,1967,803,2.22,2.09,2770,458,1359,608
13526,41017,16456,15870,586,12021,3849,2.61,2.10,15870,633,8442,3579
13527,41018,12284,11497,787,7422,4075,2.51,2.49,11497,590,5548,1874
13528,41030,2011,1969,42,1389,580,3.14,2.61,1969,21,536,853
13529,41031,6962,6433,529,4532,1901,2.57,2.45,6433,549,2439,2093
13530,41033,891,632,259,562,70,3.51,2.37,632,0,397,165
13531,41034,524,477,47,426,51,2.18,2.90,477,19,162,264
13532,41035,4703,4386,317,3088,1298,2.57,2.97,4386,240,1509,1579
13533,41039,1140,1009,131,822,187,2.93,2.14,1009,63,335,487
13534,41040,3441,2869,572,1982,887,2.57,2.66,2869,200,1081,901
13535,41041,3324,2939,385,1929,1010,2.54,2.76,2939,232,949,980
13536,41042,23040,22003,1037,14621,7382,2.56,2.24,22003,917,9857,4764
13537,41043,774,597,177,501,96,2.80,4.33,597,12,265,236
13538,41044,541,455,86,367,88,2.92,3.74,455,15,231,136
13539,41045,597,510,87,384,126,2.64,3.10,510,14,93,291
13540,41046,658,543,115,452,91,3.26,5.93,543,3,265,187
13541,41048,5504,5390,114,4769,621,3.02,2.62,5390,99,3912,857
13542,41049,980,823,157,700,123,2.39,1.97,823,139,242,458
13543,41051,11252,10947,305,9300,1647,2.90,2.68,10947,65,7292,2008
13544,41052,115,89,26,62,27,1.73,3.26,89,24,62,0
13545,41055,998,734,264,643,91,2.39,2.11,734,48,387,256
13546,41056,6632,5345,1287,3395,1950,2.60,2.50,5345,607,1642,1753
13547,41059,1267,1175,92,989,186,2.71,1.52,1175,35,642,347
13548,41063,1070,1011,59,923,88,2.58,2.69,1011,28,493,430
13549,41064,991,794,197,616,178,2.23,3.53,794,19,261,355
13550,41071,10853,9653,1200,5095,4558,2.18,1.68,9653,1341,3344,1751
13551,41073,3003,2683,320,1770,913,2.17,1.91,2683,117,1212,558
13552,41074,2815,2564,251,1600,964,2.23,2.10,2564,305,1183,417
13553,41075,6803,6586,217,4823,1763,2.90,1.70,6586,282,3098,1725
13554,41076,7246,6658,588,4987,1671,2.41,2.08,6658,212,3193,1794
13555,41080,636,603,33,547,56,2.61,2.20,603,0,362,185
13556,41083,562,475,87,402,73,3.01,2.81,475,4,138,264
13557,41085,461,398,63,278,120,2.66,2.64,398,56,136,142
13558,41086,990,802,188,684,118,2.32,3.44,802,2,212,472
13559,41091,7900,7638,262,7120,518,3.00,5.04,7638,51,5427,1693
13560,41092,1216,1110,106,934,176,2.88,2.91,1110,20,404,530
13561,41093,1399,1074,325,927,147,2.87,2.46,1074,69,542,385
13562,41094,5043,4841,202,3840,1001,3.09,2.44,4841,127,2553,1287
13563,41095,1689,1359,330,785,574,2.91,2.61,1359,115,359,426
13564,41097,2938,2436,502,1741,695,2.80,2.41,2436,101,878,863
13565,41098,898,638,260,480,158,2.59,2.35,638,45,238,242
13566,41101,9151,7714,1437,4698,3016,2.60,2.38,7714,917,2622,2076
13567,41102,8680,7346,1334,5176,2170,2.41,2.78,7346,480,2923,2253
13568,41121,767,632,135,600,32,3.04,1.81,632,0,287,313
13569,41124,519,407,112,261,146,2.28,3.41,407,11,48,213
13570,41129,4143,3511,632,2688,823,2.71,1.96,3511,175,1457,1231
13571,41132,168,168,0,161,7,1.56,5.43,168,67,11,150
13572,41135,130,107,23,77,30,2.36,2.83,107,13,21,56
13573,41139,3755,3332,423,2565,767,2.56,2.22,3332,212,1431,1134
13574,41141,1084,769,315,614,155,2.88,2.55,769,66,194,420
13575,41142,28,28,0,28,0,5.79,-,28,0,0,28
13576,41143,6186,4706,1480,3499,1207,2.90,2.44,4706,359,1390,2109
13577,41144,4112,3601,511,2891,710,2.62,2.67,3601,214,1228,1663
13578,41146,201,184,17,149,35,2.85,2.77,184,20,7,142
13579,41149,259,154,105,129,25,3.80,3.00,154,8,44,85
13580,41159,257,164,93,116,48,3.68,2.60,164,21,31,85
13581,41164,5740,4467,1273,3658,809,2.82,2.46,4467,268,1118,2540
13582,41166,390,315,75,281,34,3.87,4.53,315,0,156,125
13583,41168,1252,981,271,852,129,3.65,3.62,981,0,593,259
13584,41169,2557,2293,264,1798,495,2.34,2.03,2293,148,1003,795
13585,41171,1940,1310,630,975,335,2.75,2.79,1310,94,293,682
13586,41174,510,400,110,341,59,2.29,2.24,400,9,131,210
13587,41175,2693,2201,492,1585,616,2.48,2.55,2201,84,549,1036
13588,41179,3505,2752,753,2137,615,2.60,2.45,2752,278,902,1235
13589,41180,551,355,196,303,52,2.39,2.12,355,16,84,219
13590,41181,52,52,0,52,0,2.40,-,52,0,11,41
13591,41183,799,714,85,480,234,2.39,2.24,714,8,290,190
13592,41189,874,709,165,532,177,2.66,2.59,709,13,303,229
13593,41201,156,71,85,63,8,2.89,-,71,0,33,30
13594,41203,378,269,109,250,19,3.49,4.58,269,8,49,201
13595,41204,329,286,43,221,65,2.90,1.80,286,40,105,116
13596,41214,215,152,63,25,127,2.40,3.58,152,0,0,25
13597,41216,638,549,89,464,85,2.76,2.54,549,16,272,192
13598,41219,888,696,192,551,145,2.69,2.51,696,106,225,326
13599,41222,1242,995,247,905,90,2.65,4.28,995,10,526,379
13600,41224,2165,1566,599,1253,313,2.38,2.08,1566,144,343,910
13601,41226,103,74,29,74,0,3.38,-,74,0,32,42
13602,41230,5552,4281,1271,3316,965,3.11,2.30,4281,215,1306,2010
13603,41231,496,420,76,332,88,2.59,1.80,420,58,103,229
13604,41232,242,172,70,64,108,2.47,3.20,172,20,17,47
13605,41234,277,202,75,172,30,2.72,2.67,202,0,107,65
13606,41238,430,341,89,210,131,2.74,3.12,341,67,51,159
13607,41240,3147,2429,718,1265,1164,2.67,2.43,2429,247,597,668
13608,41250,466,417,49,364,53,2.17,2.28,417,22,53,311
13609,41254,239,239,0,175,64,3.50,1.75,239,21,71,104
13610,41255,343,261,82,202,59,2.62,2.27,261,7,62,140
13611,41256,948,848,100,682,166,2.55,3.48,848,57,360,322
13612,41257,296,238,58,131,107,3.10,2.98,238,2,54,77
13613,41260,285,258,27,153,105,2.84,1.85,258,26,97,56
13614,41262,466,317,149,257,60,3.89,-,317,17,89,168
13615,41263,155,107,48,77,30,3.57,3.97,107,15,15,62
13616,41264,421,257,164,208,49,3.28,5.12,257,8,152,56
13617,41265,740,460,280,369,91,2.28,2.77,460,38,221,148
13618,41267,436,291,145,153,138,5.38,5.12,291,51,37,116
13619,41268,390,337,53,276,61,2.74,1.98,337,32,196,80
13620,41271,103,89,14,38,51,2.89,2.92,89,8,0,38
13621,41274,256,243,13,131,112,2.36,1.36,243,49,55,76
13622,41301,2638,2143,495,1470,673,2.71,2.44,2143,501,370,1100
13623,41310,0,0,0,0,0,-,-,0,0,0,0
13624,41311,2974,2341,633,1630,711,2.81,1.97,2341,348,601,1029
13625,41314,2073,1577,496,1084,493,2.99,2.46,1577,170,343,741
13626,41317,239,224,15,189,35,2.40,1.80,224,37,25,164
13627,41332,436,305,131,278,27,2.87,3.22,305,23,108,170
13628,41339,4959,4236,723,2990,1246,2.54,2.27,4236,537,975,2015
13629,41348,513,465,48,301,164,2.35,2.42,465,100,60,241
13630,41351,23,8,15,8,0,-,-,8,0,0,8
13631,41352,277,242,35,219,23,2.11,2.48,242,15,73,146
13632,41360,149,114,35,89,25,2.69,3.32,114,0,42,47
13633,41364,105,65,40,58,7,1.67,1.86,65,6,4,54
13634,41365,369,303,66,184,119,2.49,1.61,303,38,65,119
13635,41366,65,22,43,5,17,3.60,-,22,17,5,0
13636,41367,98,98,0,71,27,1.56,5.22,98,9,15,56
13637,41385,256,248,8,214,34,2.69,1.18,248,13,71,143
13638,41386,11,11,0,11,0,-,-,11,7,0,11
13639,41390,49,38,11,38,0,2.16,-,38,0,0,38
13640,41397,60,60,0,60,0,2.22,-,60,0,4,56
13641,41408,180,170,10,150,20,1.85,2.55,170,36,36,114
13642,41421,146,137,9,126,11,1.96,4.27,137,0,49,77
13643,41425,605,437,168,399,38,2.79,2.71,437,39,86,313
13644,41464,195,137,58,115,22,1.76,4.50,137,0,12,103
13645,41465,4982,4134,848,3080,1054,2.61,2.68,4134,417,831,2249
13646,41472,4097,3300,797,2520,780,2.86,2.67,3300,267,1130,1390
13647,41501,10711,9306,1405,5785,3521,2.59,1.94,9306,903,2355,3430
13648,41503,242,149,93,118,31,2.82,2.19,149,23,29,89
13649,41512,326,250,76,235,15,2.17,-,250,10,146,89
13650,41513,223,196,27,161,35,1.83,1.74,196,0,27,134
13651,41514,1501,1190,311,821,369,2.03,2.86,1190,85,207,614
13652,41517,22,22,0,22,0,2.00,-,22,0,10,12
13653,41519,375,312,63,244,68,2.50,1.25,312,38,90,154
13654,41522,2437,2004,433,1519,485,2.56,2.85,2004,158,378,1141
13655,41524,103,95,8,86,9,2.47,3.22,95,7,22,64
13656,41526,23,23,0,0,23,-,2.04,23,0,0,0
13657,41527,385,345,40,329,16,2.36,2.06,345,19,151,178
13658,41528,240,154,86,134,20,2.63,3.85,154,10,59,75
13659,41531,427,376,51,295,81,2.73,2.19,376,0,160,135
13660,41534,219,97,122,97,0,2.21,-,97,0,35,62
13661,41535,286,286,0,221,65,2.84,1.25,286,20,158,63
13662,41537,2079,1620,459,1218,402,2.40,2.98,1620,204,332,886
13663,41538,242,115,127,87,28,1.99,4.79,115,34,17,70
13664,41539,774,693,81,596,97,2.00,2.41,693,11,210,386
13665,41540,148,95,53,75,20,2.36,6.70,95,9,28,47
13666,41543,352,252,100,161,91,2.64,1.67,252,11,36,125
13667,41544,282,209,73,178,31,2.78,1.90,209,22,66,112
13668,41547,367,367,0,288,79,1.98,1.96,367,57,17,271
13669,41548,661,453,208,332,121,3.52,1.30,453,107,78,254
13670,41553,823,781,42,749,32,2.94,2.09,781,0,270,479
13671,41554,428,296,132,268,28,2.94,-,296,28,56,212
13672,41555,437,309,128,277,32,3.60,3.03,309,19,20,257
13673,41557,987,858,129,758,100,2.45,1.98,858,17,219,539
13674,41558,368,310,58,211,99,2.20,2.85,310,13,76,135
13675,41559,216,184,32,155,29,1.54,2.31,184,0,11,144
13676,41560,141,77,64,64,13,2.17,4.31,77,0,16,48
13677,41562,1096,955,141,758,197,2.20,2.89,955,36,311,447
13678,41563,165,114,51,107,7,2.79,3.57,114,15,23,84
13679,41564,343,241,102,237,4,2.39,-,241,4,32,205
13680,41566,262,199,63,119,80,2.99,2.84,199,18,26,93
13681,41567,98,33,65,25,8,2.84,1.88,33,0,18,7
13682,41568,461,350,111,350,0,1.88,-,350,110,85,265
13683,41571,273,208,65,182,26,3.24,2.35,208,20,6,176
13684,41572,1735,1375,360,1236,139,2.32,2.14,1375,88,326,910
13685,41601,454,288,166,194,94,1.57,2.36,288,51,19,175
13686,41602,350,346,4,297,49,3.15,1.98,346,0,222,75
13687,41603,949,671,278,377,294,2.03,3.50,671,32,124,253
13688,41604,309,197,112,185,12,2.86,-,197,27,70,115
13689,41605,421,347,74,327,20,2.28,-,347,20,155,172
13690,41606,305,251,54,222,29,2.43,2.00,251,10,56,166
13691,41607,234,169,65,162,7,2.46,2.14,169,74,82,80
13692,41612,140,126,14,103,23,1.66,-,126,56,34,69
13693,41615,241,137,104,125,12,2.68,6.00,137,12,28,97
13694,41616,303,248,55,175,73,2.58,1.84,248,21,24,151
13695,41619,205,141,64,87,54,2.40,2.11,141,23,27,60
13696,41621,89,71,18,51,20,1.80,3.90,71,0,38,13
13697,41622,86,86,0,76,10,1.61,-,86,0,13,63
13698,41630,358,337,21,247,90,2.26,2.68,337,26,111,136
13699,41631,339,288,51,199,89,3.00,2.63,288,65,58,141
13700,41632,259,229,30,156,73,2.73,1.10,229,16,31,125
13701,41635,1471,1263,208,948,315,2.65,2.11,1263,35,318,630
13702,41636,460,433,27,290,143,2.27,2.43,433,84,48,242
13703,41640,458,441,17,315,126,2.07,3.52,441,13,87,228
13704,41642,350,315,35,170,145,4.22,2.10,315,71,52,118
13705,41643,65,65,0,44,21,1.52,2.57,65,25,0,44
13706,41645,496,299,197,233,66,2.91,2.52,299,0,154,79
13707,41647,612,502,110,482,20,2.37,2.05,502,31,55,427
13708,41649,1166,950,216,641,309,2.34,2.71,950,74,202,439
13709,41650,323,194,129,123,71,3.22,1.61,194,0,0,123
13710,41651,98,76,22,30,46,1.77,1.87,76,0,30,0
13711,41653,4889,4135,754,2856,1279,2.31,2.28,4135,259,1194,1662
13712,41655,538,477,61,228,249,2.74,2.58,477,26,70,158
13713,41659,322,299,23,231,68,2.74,1.60,299,11,135,96
13714,41660,207,102,105,102,0,4.82,-,102,0,80,22
13715,41663,180,115,65,52,63,3.27,3.43,115,35,29,23
13716,41666,561,375,186,277,98,3.66,3.00,375,19,127,150
13717,41667,177,115,62,115,0,2.92,-,115,14,25,90
13718,41669,357,256,101,194,62,2.91,2.16,256,56,79,115
13719,41701,7216,6092,1124,4352,1740,2.45,2.74,6092,564,1790,2562
13720,41712,149,118,31,87,31,2.14,6.19,118,0,60,27
13721,41713,44,44,0,44,0,7.61,-,44,0,0,44
13722,41714,240,172,68,164,8,3.78,-,172,8,111,53
13723,41719,577,481,96,398,83,2.43,1.28,481,15,134,264
13724,41721,341,327,14,237,90,1.79,1.79,327,48,18,219
13725,41722,583,509,74,398,111,2.29,2.23,509,47,75,323
13726,41723,658,465,193,312,153,2.78,2.73,465,49,63,249
13727,41725,245,181,64,168,13,3.67,5.62,181,0,6,162
13728,41727,553,553,0,501,52,2.65,2.12,553,6,289,212
13729,41729,0,0,0,0,0,-,-,0,0,0,0
13730,41731,453,355,98,309,46,2.29,1.70,355,22,81,228
13731,41735,72,63,9,34,29,2.00,1.97,63,4,0,34
13732,41739,48,48,0,48,0,2.60,-,48,0,0,48
13733,41740,320,216,104,163,53,3.39,4.40,216,34,43,120
13734,41745,205,187,18,165,22,3.21,7.36,187,14,31,134
13735,41746,367,261,106,209,52,2.50,2.79,261,33,83,126
13736,41749,1312,939,373,875,64,2.11,4.00,939,15,458,417
13737,41751,168,112,56,90,22,2.71,2.27,112,0,15,75
13738,41754,334,263,71,260,3,2.28,-,263,4,0,260
13739,41759,296,209,87,127,82,3.17,1.63,209,0,31,96
13740,41760,180,180,0,180,0,2.06,-,180,63,59,121
13741,41762,0,0,0,0,0,-,-,0,0,0,0
13742,41763,253,233,20,213,20,3.19,2.25,233,9,52,161
13743,41764,244,219,25,197,22,2.06,2.09,219,24,11,186
13744,41766,209,209,0,209,0,3.24,-,209,25,35,174
13745,41772,144,135,9,118,17,4.03,1.71,135,0,43,75
13746,41773,578,504,74,368,136,2.21,2.72,504,72,70,298
13747,41774,1206,1033,173,887,146,2.36,2.09,1033,36,254,633
13748,41775,79,35,44,35,0,2.17,-,35,0,0,35
13749,41776,713,464,249,414,50,4.30,4.22,464,65,166,248
13750,41777,449,382,67,325,57,2.26,5.21,382,86,135,190
13751,41778,108,108,0,108,0,-,-,108,0,0,108
13752,41804,393,343,50,324,19,3.57,4.05,343,38,208,116
13753,41810,245,144,101,104,40,2.48,2.60,144,0,0,104
13754,41812,135,115,20,92,23,2.07,-,115,0,18,74
13755,41815,331,282,49,124,158,3.19,1.77,282,0,7,117
13756,41817,325,227,98,174,53,2.60,3.13,227,0,40,134
13757,41819,271,201,70,187,14,1.76,-,201,0,68,119
13758,41821,111,89,22,89,0,2.80,-,89,0,15,74
13759,41822,805,712,93,491,221,2.17,2.75,712,90,108,383
13760,41824,434,331,103,253,78,2.72,1.04,331,63,49,204
13761,41825,149,115,34,78,37,2.60,2.11,115,13,29,49
13762,41826,233,233,0,204,29,2.72,1.76,233,23,37,167
13763,41828,297,223,74,176,47,3.08,3.17,223,3,58,118
13764,41831,579,474,105,362,112,2.44,1.10,474,36,65,297
13765,41832,205,141,64,85,56,1.84,2.14,141,21,34,51
13766,41833,122,69,53,46,23,2.78,2.30,69,11,33,13
13767,41834,177,142,35,54,88,1.96,2.70,142,0,14,40
13768,41835,443,276,167,217,59,2.92,1.39,276,14,61,156
13769,41836,492,344,148,222,122,3.20,1.52,344,0,72,150
13770,41837,241,219,22,219,0,3.68,-,219,0,71,148
13771,41838,331,331,0,197,134,4.09,2.33,331,0,78,119
13772,41839,265,224,41,183,41,2.99,3.07,224,13,89,94
13773,41840,475,328,147,244,84,2.64,4.43,328,15,55,189
13774,41843,209,209,0,165,44,1.83,-,209,67,27,138
13775,41844,565,499,66,206,293,1.81,2.13,499,54,23,183
13776,41845,198,141,57,141,0,2.12,-,141,38,5,136
13777,41847,176,113,63,78,35,2.15,-,113,0,4,74
13778,41848,0,0,0,0,0,-,-,0,0,0,0
13779,41849,85,73,12,73,0,2.12,-,73,0,0,73
13780,41855,448,304,144,283,21,2.33,-,304,0,52,231
13781,41858,3798,3106,692,2145,961,2.25,2.92,3106,196,804,1341
13782,41859,111,111,0,90,21,2.00,2.48,111,0,37,53
13783,41861,174,140,34,113,27,2.96,2.15,140,11,32,81
13784,41862,465,360,105,298,62,2.13,3.55,360,16,120,178
13785,42001,14841,12874,1967,7898,4976,2.46,2.23,12874,810,4320,3578
13786,42003,13588,11256,2332,7276,3980,2.68,2.09,11256,1048,3692,3584
13787,42020,887,777,110,752,25,2.48,1.88,777,51,424,328
13788,42021,717,530,187,424,106,2.52,2.87,530,12,217,207
13789,42022,85,28,57,28,0,2.64,-,28,0,20,8
13790,42023,1099,829,270,668,161,2.61,3.08,829,33,251,417
13791,42024,646,426,220,308,118,2.13,2.13,426,15,151,157
13792,42025,9707,8127,1580,6901,1226,2.44,1.83,8127,536,3434,3467
13793,42027,1071,700,371,584,116,2.37,2.14,700,0,230,354
13794,42028,306,217,89,203,14,2.93,4.36,217,0,129,74
13795,42029,3024,2634,390,1886,748,2.45,1.92,2634,75,912,974
13796,42031,1601,1218,383,890,328,2.47,3.18,1218,106,363,527
13797,42032,160,105,55,98,7,2.56,1.57,105,0,11,87
13798,42035,368,353,15,283,70,2.88,3.14,353,6,122,161
13799,42036,577,516,61,462,54,1.82,2.19,516,0,262,200
13800,42037,0,0,0,0,0,-,-,0,0,0,0
13801,42038,3059,2037,1022,1673,364,2.33,2.67,2037,63,973,700
13802,42039,730,552,178,413,139,2.55,1.55,552,24,187,226
13803,42040,379,345,34,317,28,2.31,1.50,345,16,135,182
13804,42041,2203,1667,536,1145,522,2.88,2.99,1667,279,294,851
13805,42044,2291,1508,783,1312,196,2.54,2.71,1508,42,693,619
13806,42045,1201,904,297,768,136,2.68,1.74,904,31,365,403
13807,42047,84,72,12,8,64,1.75,2.86,72,0,0,8
13808,42048,1036,721,315,566,155,2.25,2.17,721,27,300,266
13809,42049,804,617,187,478,139,2.69,2.78,617,34,325,153
13810,42050,1531,1087,444,801,286,2.45,2.52,1087,114,343,458
13811,42051,1179,981,198,877,104,2.80,2.86,981,0,488,389
13812,42053,2453,2056,397,1681,375,2.64,2.63,2056,105,754,927
13813,42054,640,493,147,344,149,2.51,1.48,493,8,169,175
13814,42055,1615,1083,532,1027,56,2.09,2.88,1083,17,391,636
13815,42056,747,555,192,462,93,2.92,2.02,555,46,180,282
13816,42058,982,800,182,705,95,2.63,3.20,800,0,365,340
13817,42060,22,0,22,0,0,-,-,0,0,0,0
13818,42061,80,56,24,56,0,1.25,-,56,0,0,56
13819,42064,3889,3041,848,2460,581,2.43,3.02,3041,172,1046,1414
13820,42066,10640,9457,1183,6453,3004,2.55,2.43,9457,623,3457,2996
13821,42069,277,219,58,173,46,2.32,3.35,219,15,155,18
13822,42071,14114,11690,2424,7099,4591,2.46,2.03,11690,518,3540,3559
13823,42076,915,485,430,317,168,2.23,1.21,485,8,110,207
13824,42078,974,770,204,688,82,2.36,2.11,770,45,287,401
13825,42079,605,460,145,363,97,3.04,3.43,460,0,184,179
13826,42081,1013,761,252,643,118,2.12,3.56,761,4,237,406
13827,42082,994,867,127,803,64,2.28,2.83,867,21,455,348
13828,42083,259,187,72,131,56,2.53,2.77,187,0,55,76
13829,42085,351,270,81,255,15,2.64,1.53,270,15,92,163
13830,42086,1758,1540,218,1325,215,2.74,2.48,1540,8,778,547
13831,42087,1165,1009,156,872,137,2.81,2.61,1009,48,427,445
13832,42088,972,835,137,659,176,2.62,2.23,835,17,268,391
13833,42101,25204,22496,2708,10672,11824,2.70,2.37,22496,1859,6792,3880
13834,42103,9632,9100,532,5445,3655,2.48,2.17,9100,290,3238,2207
13835,42104,16378,15334,1044,9734,5600,2.64,2.14,15334,1142,6233,3501
13836,42120,1010,848,162,636,212,3.63,2.53,848,10,374,262
13837,42122,2229,2056,173,1882,174,2.79,2.38,2056,85,1365,517
13838,42123,563,438,125,355,83,2.50,2.59,438,39,183,172
13839,42124,43,30,13,30,0,2.17,-,30,0,23,7
13840,42127,3208,2894,314,1575,1319,2.47,2.30,2894,277,905,670
13841,42129,3319,2846,473,2110,736,2.44,2.42,2846,143,761,1349
13842,42130,94,58,36,58,0,2.55,-,58,0,26,32
13843,42131,44,44,0,44,0,3.23,-,44,5,36,8
13844,42133,717,550,167,367,183,2.19,2.34,550,8,168,199
13845,42134,7898,6876,1022,4501,2375,2.77,2.47,6876,197,2614,1887
13846,42140,605,455,150,353,102,2.32,2.90,455,22,146,207
13847,42141,13818,12262,1556,8377,3885,2.51,2.47,12262,573,4388,3989
13848,42151,122,67,55,67,0,2.25,-,67,0,16,51
13849,42153,31,31,0,24,7,2.46,-,31,0,8,16
13850,42154,274,193,81,193,0,2.44,-,193,8,97,96
13851,42156,253,159,94,159,0,1.80,-,159,0,88,71
13852,42157,182,168,14,130,38,4.66,2.08,168,3,63,67
13853,42159,814,723,91,512,211,2.06,2.04,723,3,365,147
13854,42160,696,618,78,417,201,3.79,2.38,618,65,194,223
13855,42163,21,21,0,0,21,-,1.95,21,0,0,0
13856,42164,7622,6359,1263,4791,1568,2.63,2.48,6359,360,2360,2431
13857,42166,1016,877,139,722,155,2.84,3.09,877,34,246,476
13858,42167,3906,3460,446,2363,1097,2.40,2.44,3460,281,1024,1339
13859,42170,594,580,14,465,115,2.37,1.17,580,18,225,240
13860,42171,2774,2425,349,1990,435,2.86,2.12,2425,34,1357,633
13861,42202,929,768,161,594,174,2.62,2.19,768,72,245,349
13862,42204,352,280,72,211,69,2.48,1.46,280,20,145,66
13863,42206,2330,2128,202,1599,529,2.62,2.68,2128,35,837,762
13864,42207,652,451,201,367,84,2.04,3.35,451,15,165,202
13865,42210,2280,1970,310,1564,406,2.41,2.27,1970,96,710,854
13866,42211,7132,5313,1819,4237,1076,2.50,2.21,5313,323,2337,1900
13867,42214,264,257,7,211,46,2.09,2.63,257,7,72,139
13868,42215,678,645,33,560,85,2.79,2.76,645,53,269,291
13869,42217,1455,1270,185,1043,227,2.56,2.75,1270,117,414,629
13870,42220,2640,2299,341,1744,555,2.65,2.39,2299,128,980,764
13871,42223,4781,4346,435,1,4345,7.00,3.38,4346,88,0,1
13872,42232,269,210,59,176,34,2.89,2.03,210,17,151,25
13873,42234,1044,893,151,550,343,2.24,3.31,893,137,229,321
13874,42236,304,240,64,177,63,3.67,1.43,240,7,65,112
13875,42240,18987,16619,2368,8850,7769,2.49,2.26,16619,1441,4723,4127
13876,42252,26,26,0,26,0,3.08,-,26,0,11,15
13877,42254,121,117,4,78,39,1.74,1.77,117,5,36,42
13878,42256,2922,1984,938,1757,227,2.35,2.62,1984,132,737,1020
13879,42259,1083,416,667,344,72,2.44,2.54,416,12,108,236
13880,42261,4370,3551,819,2488,1063,2.86,2.61,3551,231,1147,1341
13881,42262,3695,3280,415,1243,2037,2.76,2.75,3280,204,992,251
13882,42265,329,329,0,233,96,3.58,1.84,329,0,116,117
13883,42266,1045,832,213,693,139,3.18,2.33,832,149,336,357
13884,42273,325,264,61,225,39,2.34,2.72,264,3,48,177
13885,42274,1027,971,56,845,126,2.51,1.14,971,32,512,333
13886,42275,337,310,27,235,75,3.01,2.56,310,5,119,116
13887,42276,6733,6038,695,4026,2012,2.49,2.49,6038,442,2368,1658
13888,42280,209,146,63,137,9,2.93,3.89,146,16,73,64
13889,42285,179,167,12,158,9,2.77,-,167,0,61,97
13890,42286,593,495,98,360,135,4.18,3.44,495,97,92,268
13891,42301,19794,18528,1266,11574,6954,2.49,2.23,18528,1722,7058,4516
13892,42303,17763,16483,1280,10879,5604,2.49,2.30,16483,998,6347,4532
13893,42320,3667,3341,326,2341,1000,2.69,2.52,3341,123,1258,1083
13894,42321,218,160,58,160,0,2.35,-,160,13,111,49
13895,42322,82,51,31,51,0,2.69,-,51,0,51,0
13896,42323,298,242,56,166,76,3.19,1.91,242,28,86,80
13897,42324,472,413,59,371,42,2.60,1.86,413,12,219,152
13898,42325,737,647,90,482,165,2.69,1.72,647,42,256,226
13899,42326,158,101,57,82,19,3.37,-,101,0,46,36
13900,42327,1719,1595,124,1278,317,2.92,1.98,1595,107,751,527
13901,42328,484,435,49,364,71,2.74,3.23,435,17,175,189
13902,42330,3960,3501,459,2869,632,2.72,2.45,3501,88,1313,1556
13903,42332,121,83,38,55,28,1.75,1.36,83,0,8,47
13904,42333,409,332,77,252,80,2.18,4.74,332,23,19,233
13905,42337,738,614,124,515,99,3.09,3.38,614,79,291,224
13906,42338,21,21,0,21,0,1.24,-,21,0,21,0
13907,42339,387,312,75,287,25,3.04,2.16,312,0,160,127
13908,42343,691,532,159,426,106,2.56,4.47,532,43,158,268
13909,42344,413,325,88,296,29,3.12,2.03,325,0,102,194
13910,42345,5207,4513,694,3560,953,2.61,2.27,4513,309,1612,1948
13911,42347,2634,2244,390,1708,536,2.65,2.23,2244,129,891,817
13912,42348,2174,1911,263,1594,317,2.68,2.33,1911,92,780,814
13913,42349,693,564,129,454,110,2.76,5.27,564,16,172,282
13914,42350,629,550,79,473,77,2.57,2.84,550,8,188,285
13915,42351,1836,1716,120,1321,395,2.58,2.92,1716,58,728,593
13916,42352,907,756,151,548,208,2.35,1.98,756,82,267,281
13917,42354,96,87,9,70,17,2.81,3.29,87,3,46,24
13918,42355,677,570,107,463,107,2.38,2.20,570,20,237,226
13919,42356,0,0,0,0,0,-,-,0,0,0,0
13920,42361,310,233,77,223,10,3.10,-,233,5,70,153
13921,42366,2193,1969,224,1839,130,2.72,2.46,1969,26,1047,792
13922,42367,446,307,139,286,21,2.71,3.05,307,4,86,200
13923,42368,501,438,63,424,14,2.80,1.57,438,4,229,195
13924,42369,126,103,23,96,7,2.86,3.29,103,1,39,57
13925,42370,37,37,0,37,0,2.35,-,37,0,16,21
13926,42371,192,127,65,119,8,1.65,-,127,0,34,85
13927,42372,763,671,92,566,105,2.20,1.95,671,38,306,260
13928,42374,80,58,22,50,8,2.92,3.63,58,0,25,25
13929,42376,2500,2336,164,2063,273,2.55,2.72,2336,31,1188,875
13930,42378,1383,1245,138,1120,125,2.69,2.38,1245,18,622,498
13931,42404,1025,842,183,697,145,2.76,2.74,842,80,271,426
13932,42406,1101,979,122,790,189,2.58,2.19,979,2,526,264
13933,42408,3129,2579,550,1922,657,2.70,2.10,2579,237,887,1035
13934,42409,961,814,147,643,171,2.78,2.36,814,16,311,332
13935,42410,636,403,233,274,129,2.26,3.51,403,52,117,157
13936,42411,874,743,131,652,91,2.30,2.62,743,15,270,382
13937,42413,1120,1095,25,962,133,2.18,2.53,1095,10,467,495
13938,42420,17157,15524,1633,9357,6167,2.49,2.25,15524,1207,5144,4213
13939,42431,12347,10884,1463,6769,4115,2.46,2.32,10884,628,3678,3091
13940,42436,611,576,35,412,164,2.69,2.51,576,0,182,230
13941,42437,3185,2629,556,1731,898,2.54,2.38,2629,198,851,880
13942,42440,472,430,42,327,103,2.43,2.53,430,26,139,188
13943,42441,709,579,130,446,133,2.75,2.08,579,31,245,201
13944,42442,1441,1194,247,935,259,2.62,3.22,1194,52,487,448
13945,42444,0,0,0,0,0,-,-,0,0,0,0
13946,42445,4955,4370,585,3117,1253,2.38,2.18,4370,508,1469,1648
13947,42450,2075,1636,439,1209,427,2.33,2.42,1636,159,352,857
13948,42451,222,222,0,171,51,2.98,2.55,222,0,28,143
13949,42452,966,861,105,757,104,2.73,1.65,861,0,439,318
13950,42453,217,211,6,168,43,2.58,3.40,211,5,67,101
13951,42455,1217,1042,175,649,393,3.32,2.95,1042,26,363,286
13952,42456,697,641,56,540,101,2.05,1.75,641,27,266,274
13953,42458,597,546,51,546,0,2.35,-,546,16,348,198
13954,42459,1767,1514,253,1141,373,2.67,1.76,1514,40,629,512
13955,42461,648,528,120,350,178,2.11,2.03,528,31,149,201
13956,42462,476,421,55,404,17,3.40,2.76,421,4,214,190
13957,42463,79,75,4,63,12,2.29,1.33,75,3,30,33
13958,42464,787,683,104,610,73,2.21,1.55,683,49,330,280
13959,42501,7880,6471,1409,4057,2414,2.52,2.47,6471,495,2177,1880
13960,42503,11295,10033,1262,6928,3105,2.61,2.36,10033,523,3176,3752
13961,42516,255,221,34,213,8,2.78,2.13,221,11,35,178
13962,42518,2144,1062,1082,803,259,2.50,4.35,1062,67,409,394
13963,42519,2345,1187,1158,932,255,2.60,2.84,1187,129,370,562
13964,42528,866,654,212,548,106,2.76,3.09,654,63,158,390
13965,42533,408,351,57,194,157,3.42,1.87,351,55,102,92
13966,42539,4575,3710,865,2692,1018,2.68,2.17,3710,276,1163,1529
13967,42541,182,112,70,97,15,1.95,2.80,112,0,0,97
13968,42544,4023,2412,1611,2064,348,2.33,2.35,2412,104,1056,1008
13969,42553,2390,2197,193,1774,423,2.66,3.19,2197,155,811,963
13970,42565,317,239,78,195,44,3.28,2.55,239,73,114,81
13971,42566,262,107,155,96,11,2.90,6.00,107,0,29,67
13972,42567,2714,2159,555,1739,420,2.15,2.63,2159,188,783,956
13973,42602,4921,3754,1167,2745,1009,2.28,2.82,3754,237,974,1771
13974,42603,247,194,53,163,31,2.41,4.13,194,0,73,90
13975,42629,3366,2237,1129,1698,539,2.32,2.35,2237,75,773,925
13976,42631,54,54,0,0,54,-,3.54,54,0,0,0
13977,42633,9220,7333,1887,5239,2094,2.37,2.71,7333,473,2054,3185
13978,42634,658,564,94,508,56,2.84,2.80,564,42,275,233
13979,42635,1718,1615,103,905,710,2.69,2.09,1615,232,388,517
13980,42638,95,46,49,46,0,3.41,-,46,0,0,46
13981,42642,6177,4726,1451,3305,1421,2.50,2.81,4726,156,1482,1823
13982,42647,1461,1225,236,870,355,2.75,3.21,1225,22,357,513
13983,42649,812,634,178,560,74,2.06,2.49,634,50,151,409
13984,42653,1941,1380,561,934,446,3.05,2.66,1380,122,493,441
13985,42701,22845,21283,1562,13107,8176,2.60,2.10,21283,1383,8614,4493
13986,42712,811,648,163,527,121,2.43,3.80,648,39,170,357
13987,42713,913,761,152,543,218,2.19,2.79,761,16,188,355
13988,42715,103,91,12,79,12,2.41,1.58,91,0,18,61
13989,42716,757,669,88,522,147,2.29,1.72,669,50,346,176
13990,42717,3409,2448,961,1796,652,2.54,2.00,2448,210,637,1159
13991,42718,11170,9837,1333,6548,3289,2.61,2.36,9837,509,3481,3067
13992,42721,1757,1277,480,1017,260,2.90,2.81,1277,50,391,626
13993,42722,241,198,43,173,25,2.19,1.64,198,18,71,102
13994,42724,2034,1875,159,1642,233,2.80,2.20,1875,10,797,845
13995,42726,3124,1791,1333,1419,372,2.76,3.31,1791,94,596,823
13996,42728,7509,6078,1431,4555,1523,2.46,2.41,6078,383,2186,2369
13997,42729,1090,577,513,508,69,2.35,2.54,577,30,153,355
13998,42732,862,673,189,478,195,3.35,3.70,673,0,241,237
13999,42733,762,589,173,402,187,3.03,2.88,589,9,126,276
14000,42740,1088,961,127,642,319,2.25,2.46,961,19,261,381
14001,42741,134,121,13,104,17,4.84,3.59,121,4,74,30
14002,42742,31,31,0,31,0,3.52,-,31,0,31,0
14003,42743,4233,3558,675,2474,1084,2.55,2.43,3558,164,1109,1365
14004,42746,1016,747,269,608,139,3.20,2.94,747,63,426,182
14005,42748,3751,3444,307,2680,764,2.61,2.54,3444,102,1373,1307
14006,42749,2524,2070,454,1491,579,2.36,2.84,2070,130,734,757
14007,42753,371,304,67,265,39,2.36,2.21,304,12,134,131
14008,42754,7287,5816,1471,4177,1639,2.73,2.52,5816,292,1855,2322
14009,42757,1466,1263,203,1002,261,2.39,3.10,1263,40,563,439
14010,42758,36,12,24,12,0,3.00,-,12,0,12,0
14011,42759,6,6,0,6,0,6.00,-,6,0,6,0
14012,42762,41,41,0,26,15,5.00,3.20,41,15,15,11
14013,42764,202,176,26,140,36,1.91,3.75,176,8,87,53
14014,42765,2636,2278,358,1607,671,3.24,2.19,2278,421,752,855
14015,42776,878,768,110,654,114,2.81,2.75,768,36,381,273
14016,42782,401,289,112,256,33,2.57,2.36,289,17,159,97
14017,42784,1160,1044,116,798,246,2.64,1.78,1044,18,488,310
14018,42788,140,140,0,124,16,2.04,-,140,0,72,52
14019,43001,1194,1072,122,999,73,2.35,3.05,1072,16,591,408
14020,43002,319,319,0,227,92,1.54,-,319,0,197,30
14021,43003,1254,1095,159,822,273,2.50,2.49,1095,16,618,204
14022,43004,11193,10941,252,8821,2120,2.81,2.90,10941,212,7304,1517
14023,43005,168,168,0,112,56,1.63,5.02,168,0,104,8
14024,43006,177,156,21,103,53,2.47,1.83,156,10,61,42
14025,43007,31,31,0,23,8,1.52,1.50,31,0,23,0
14026,43008,1422,1036,386,727,309,2.02,3.10,1036,62,461,266
14027,43009,708,680,28,576,104,2.88,3.38,680,11,404,172
14028,43010,114,102,12,89,13,2.35,2.31,102,1,55,34
14029,43011,2642,2485,157,2151,334,2.92,2.35,2485,29,1654,497
14030,43013,561,521,40,441,80,3.13,2.06,521,24,370,71
14031,43014,1339,1194,145,881,313,3.44,2.04,1194,188,519,362
14032,43015,22621,21467,1154,15122,6345,2.73,2.07,21467,1004,10910,4212
14033,43016,19630,18509,1121,10393,8116,2.70,2.03,18509,580,7464,2929
14034,43017,16805,15888,917,10497,5391,2.80,2.23,15888,498,7509,2988
14035,43018,56,25,31,25,0,1.92,-,25,0,14,11
14036,43019,3522,3392,130,2856,536,2.87,2.69,3392,285,1723,1133
14037,43021,4569,4392,177,4100,292,3.05,2.53,4392,56,3182,918
14038,43022,1050,929,121,590,339,2.51,2.32,929,37,270,320
14039,43023,4763,4485,278,3835,650,2.85,2.05,4485,164,2506,1329
14040,43025,2436,2059,377,1563,496,2.66,2.01,2059,69,1079,484
14041,43026,25264,24574,690,16980,7594,2.79,2.08,24574,675,13003,3977
14042,43027,54,54,0,0,54,-,3.48,54,0,0,0
14043,43028,3543,2802,741,2405,397,2.78,2.87,2802,168,1400,1005
14044,43029,165,135,30,83,52,2.70,3.29,135,0,40,43
14045,43030,104,104,0,104,0,2.07,-,104,0,40,64
14046,43031,5265,5125,140,3988,1137,2.78,2.16,5125,138,2889,1099
14047,43032,0,0,0,0,0,-,-,0,0,0,0
14048,43033,207,192,15,148,44,2.58,2.20,192,13,109,39
14049,43035,11662,11235,427,8597,2638,3.15,2.33,11235,147,7007,1590
14050,43036,155,146,9,81,65,2.37,2.29,146,1,64,17
14051,43037,71,62,9,28,34,3.36,3.24,62,7,12,16
14052,43040,13113,12645,468,9792,2853,2.71,2.11,12645,449,7210,2582
14053,43044,2104,1967,137,1439,528,2.63,2.16,1967,119,870,569
14054,43045,668,641,27,564,77,2.92,3.27,641,59,463,101
14055,43046,1776,1463,313,1153,310,2.31,2.51,1463,36,761,392
14056,43047,9,9,0,9,0,2.44,-,9,0,4,5
14057,43050,13556,12151,1405,8123,4028,2.42,2.29,12151,650,5125,2998
14058,43054,11197,10624,573,7045,3579,2.99,1.99,10624,111,5664,1381
14059,43055,27201,24398,2803,14845,9553,2.57,2.39,24398,1842,9550,5295
14060,43056,7434,6957,477,5577,1380,2.58,2.42,6957,303,3165,2412
14061,43060,1102,1050,52,767,283,2.53,2.59,1050,48,479,288
14062,43061,1635,1601,34,1543,58,3.19,2.71,1601,1,1015,528
14063,43062,11922,11281,641,9108,2173,2.90,2.27,11281,423,6789,2319
14064,43064,6017,5711,306,4822,889,3.04,2.51,5711,30,3345,1477
14065,43065,16414,15864,550,14313,1551,2.85,2.27,15864,235,10244,4069
14066,43066,475,465,10,432,33,2.28,1.45,465,14,285,147
14067,43067,486,439,47,406,33,2.87,-,439,0,353,53
14068,43068,23991,23078,913,13383,9695,2.62,2.41,23078,1148,9918,3465
14069,43070,32,32,0,32,0,2.16,-,32,0,16,16
14070,43071,843,790,53,720,70,2.73,3.40,790,0,470,250
14071,43072,2552,2312,240,1819,493,2.41,2.42,2312,48,1151,668
14072,43074,5787,5485,302,4500,985,2.79,2.51,5485,143,3480,1020
14073,43076,3874,3331,543,2914,417,2.56,1.99,3331,70,1733,1181
14074,43077,66,61,5,47,14,5.09,1.86,61,1,31,16
14075,43078,9175,8360,815,6110,2250,2.38,2.40,8360,463,3550,2560
14076,43080,1751,1604,147,984,620,2.90,3.05,1604,57,539,445
14077,43081,27744,26339,1405,16659,9680,2.51,2.13,26339,812,12498,4161
14078,43082,12481,11822,659,10321,1501,2.91,1.96,11822,267,7824,2497
14079,43084,257,227,30,195,32,3.56,2.38,227,2,106,89
14080,43085,10780,10399,381,7452,2947,2.65,2.25,10399,308,5150,2302
14081,43101,161,147,14,68,79,2.68,1.94,147,17,43,25
14082,43102,1715,1577,138,1302,275,2.36,2.87,1577,2,737,565
14083,43103,4199,4076,123,3038,1038,3.14,2.33,4076,162,2080,958
14084,43105,3406,3225,181,2587,638,2.84,2.12,3225,169,1684,903
14085,43106,654,614,40,414,200,2.76,3.13,614,35,272,142
14086,43107,1441,1301,140,1061,240,2.36,3.26,1301,54,710,351
14087,43109,81,81,0,33,48,2.91,1.38,81,11,27,6
14088,43110,16468,15795,673,9255,6540,2.53,2.21,15795,386,6943,2312
14089,43111,41,41,0,41,0,2.29,-,41,0,20,21
14090,43112,1698,1613,85,1438,175,3.14,2.62,1613,53,1019,419
14091,43113,10412,9721,691,6426,3295,2.48,2.37,9721,627,3715,2711
14092,43115,548,538,10,381,157,3.54,3.41,538,125,228,153
14093,43116,797,783,14,740,43,3.29,4.05,783,3,621,119
14094,43117,29,29,0,5,24,-,2.67,29,0,0,5
14095,43119,11247,10988,259,8580,2408,2.71,2.15,10988,265,6238,2342
14096,43123,27593,26411,1182,19367,7044,2.59,2.26,26411,841,14388,4979
14097,43125,5678,5496,182,3260,2236,2.62,2.33,5496,72,2176,1084
14098,43126,166,152,14,106,46,2.29,2.89,152,4,56,50
14099,43127,131,110,21,71,39,3.41,3.21,110,0,32,39
14100,43128,960,906,54,553,353,2.37,2.46,906,98,297,256
14101,43130,26122,23921,2201,16396,7525,2.59,2.21,23921,1529,10772,5624
14102,43135,2034,1743,291,1521,222,2.27,2.12,1743,86,642,879
14103,43136,798,798,0,677,121,2.95,2.14,798,25,511,166
14104,43137,1016,929,87,800,129,2.43,2.15,929,19,405,395
14105,43138,8445,7426,1019,5495,1931,2.58,2.39,7426,243,3570,1925
14106,43140,8337,7806,531,5641,2165,2.51,2.22,7806,372,3847,1794
14107,43142,66,60,6,36,24,1.50,2.42,60,2,19,17
14108,43143,2277,2042,235,1419,623,2.67,2.91,2042,42,1017,402
14109,43144,215,181,34,124,57,1.94,3.25,181,0,53,71
14110,43145,926,815,111,617,198,2.47,2.49,815,53,366,251
14111,43146,3988,3655,333,3230,425,2.53,2.99,3655,104,2335,895
14112,43147,15537,14796,741,12719,2077,3.07,2.64,14796,276,9595,3124
14113,43148,744,689,55,519,170,2.57,3.12,689,6,290,229
14114,43149,1218,1074,144,974,100,2.40,3.14,1074,75,476,498
14115,43150,909,893,16,788,105,2.69,2.34,893,38,441,347
14116,43151,86,86,0,56,30,2.82,2.50,86,0,26,30
14117,43152,382,310,72,291,19,1.84,1.53,310,0,120,171
14118,43153,408,363,45,238,125,2.73,2.86,363,4,174,64
14119,43154,1253,1247,6,1096,151,3.18,2.62,1247,2,605,491
14120,43155,1204,982,222,779,203,2.65,1.28,982,15,527,252
14121,43156,111,83,28,70,13,2.13,3.38,83,2,33,37
14122,43157,240,193,47,129,64,2.95,3.84,193,9,68,61
14123,43158,132,132,0,89,43,3.45,2.53,132,0,70,19
14124,43160,9893,8956,937,5533,3423,2.50,2.29,8956,719,3371,2162
14125,43162,2837,2681,156,2128,553,2.58,2.29,2681,87,1389,739
14126,43164,907,824,83,588,236,2.65,2.81,824,10,391,197
14127,43201,16428,14156,2272,2448,11708,1.99,2.26,14156,1775,1814,634
14128,43202,10107,9384,723,2936,6448,2.17,2.15,9384,895,2232,704
14129,43203,5213,4122,1091,1264,2858,2.05,2.24,4122,1189,928,336
14130,43204,19510,17589,1921,9212,8377,2.30,2.64,17589,1243,5635,3577
14131,43205,7284,5415,1869,1896,3519,2.28,2.18,5415,952,1309,587
14132,43206,12767,11090,1677,5164,5926,1.91,2.12,11090,992,3398,1766
14133,43207,20975,18992,1983,11564,7428,2.39,2.40,18992,1914,7038,4526
14134,43209,13050,12061,989,6967,5094,2.54,1.93,12061,858,5020,1947
14135,43210,354,148,206,0,148,-,3.03,148,61,0,0
14136,43211,10010,8696,1314,3309,5387,2.43,2.69,8696,1745,1656,1653
14137,43212,12839,11970,869,4044,7926,2.45,1.54,11970,653,2838,1206
14138,43213,16768,15582,1186,6288,9294,2.38,2.25,15582,1967,4287,2001
14139,43214,14083,12859,1224,8215,4644,2.13,1.85,12859,1038,5942,2273
14140,43215,11698,10221,1477,2134,8087,1.36,1.45,10221,1502,1497,637
14141,43217,840,738,102,91,647,2.16,3.05,738,25,48,43
14142,43218,0,0,0,0,0,-,-,0,0,0,0
14143,43219,12914,11826,1088,5120,6706,2.60,2.67,11826,1338,3103,2017
14144,43220,13919,13230,689,6498,6732,2.57,1.85,13230,605,4581,1917
14145,43221,15292,14627,665,10155,4472,2.45,2.29,14627,219,7208,2947
14146,43222,2104,1657,447,425,1232,3.50,2.13,1657,312,226,199
14147,43223,10274,9103,1171,4416,4687,2.51,2.96,9103,1356,2723,1693
14148,43224,19460,18098,1362,9076,9022,2.38,2.57,18098,1860,5946,3130
14149,43227,10699,9985,714,4809,5176,2.53,2.43,9985,1263,3319,1490
14150,43228,24639,22983,1656,11015,11968,2.49,2.41,22983,1520,7956,3059
14151,43229,23100,21939,1161,8791,13148,2.60,2.46,21939,1884,6280,2511
14152,43230,25676,24594,1082,14566,10028,2.62,2.04,24594,971,10503,4063
14153,43231,9046,8528,518,4416,4112,2.77,2.58,8528,482,3360,1056
14154,43232,19984,18943,1041,7526,11417,2.61,2.41,18943,1890,5461,2065
14155,43235,20059,19107,952,10449,8658,2.50,2.00,19107,668,6996,3453
14156,43240,3604,3554,50,1008,2546,2.25,1.77,3554,113,725,283
14157,43302,22601,19972,2629,12884,7088,2.54,2.36,19972,1599,7780,5104
14158,43310,1499,1142,357,990,152,2.41,2.21,1142,37,647,343
14159,43311,9080,8089,991,5485,2604,2.59,2.10,8089,695,3880,1605
14160,43314,1279,1173,106,872,301,2.54,2.43,1173,43,563,309
14161,43315,2997,2746,251,2030,716,2.55,2.44,2746,87,1184,846
14162,43316,2732,2514,218,1741,773,2.68,2.04,2514,67,1023,718
14163,43317,64,60,4,40,20,2.45,2.50,60,0,24,16
14164,43318,1696,1628,68,1359,269,2.39,2.39,1628,72,822,537
14165,43319,406,406,0,378,28,2.40,3.61,406,0,230,148
14166,43320,619,516,103,467,49,2.38,2.71,516,20,259,208
14167,43321,128,120,8,101,19,2.61,4.32,120,1,67,34
14168,43322,140,126,14,87,39,3.05,2.15,126,7,41,46
14169,43323,345,312,33,273,39,2.06,2.15,312,1,134,139
14170,43324,1678,1074,604,934,140,2.33,2.36,1074,38,590,344
14171,43325,24,24,0,9,15,1.89,6.27,24,0,0,9
14172,43326,5795,5297,498,3713,1584,2.43,2.30,5297,419,2057,1656
14173,43330,36,32,4,20,12,2.10,1.17,32,5,16,4
14174,43331,3728,2025,1703,1685,340,1.94,2.46,2025,46,799,886
14175,43332,798,677,121,539,138,2.08,2.61,677,20,322,217
14176,43333,285,285,0,261,24,3.25,-,285,0,146,115
14177,43334,2569,2466,103,2088,378,2.59,2.22,2466,31,1439,649
14178,43336,0,0,0,0,0,-,-,0,0,0,0
14179,43337,463,398,65,327,71,2.06,2.30,398,0,188,139
14180,43338,4391,3757,634,2939,818,2.73,2.46,3757,235,1687,1252
14181,43340,757,703,54,498,205,3.48,2.34,703,122,320,178
14182,43341,476,419,57,389,30,2.35,-,419,27,156,233
14183,43342,1421,1275,146,1081,194,2.67,3.01,1275,0,648,433
14184,43343,692,632,60,514,118,1.92,1.57,632,13,347,167
14185,43344,2562,2260,302,1871,389,2.59,2.74,2260,90,1409,462
14186,43345,373,356,17,333,23,2.79,1.78,356,29,239,94
14187,43346,15,15,0,0,15,-,4.67,15,0,0,0
14188,43347,493,474,19,405,69,2.81,3.51,474,20,214,191
14189,43348,1680,1001,679,598,403,2.04,1.98,1001,120,297,301
14190,43350,101,101,0,57,44,1.86,3.09,101,9,23,34
14191,43351,4760,4456,304,3152,1304,2.58,1.81,4456,394,1799,1353
14192,43356,466,429,37,329,100,2.50,1.82,429,62,229,100
14193,43357,1759,1672,87,1285,387,2.83,1.63,1672,61,889,396
14194,43358,1089,1006,83,800,206,2.65,1.98,1006,14,445,355
14195,43359,276,251,25,172,79,2.45,3.06,251,4,65,107
14196,43360,756,676,80,551,125,2.90,2.10,676,5,472,79
14197,43402,14746,14033,713,6012,8021,2.54,1.99,14033,872,3890,2122
14198,43403,6,6,0,0,6,-,-,6,0,0,0
14199,43406,737,698,39,574,124,2.46,2.40,698,16,306,268
14200,43407,281,207,74,194,13,2.58,4.31,207,0,80,114
14201,43408,124,104,20,94,10,3.56,4.10,104,4,68,26
14202,43410,4387,3931,456,3061,870,2.48,2.37,3931,75,1737,1324
14203,43412,1656,1528,128,1368,160,2.42,3.14,1528,14,870,498
14204,43413,400,384,16,326,58,2.40,3.43,384,0,216,110
14205,43414,93,93,0,93,0,1.95,-,93,0,0,93
14206,43416,1292,1242,50,991,251,2.40,2.17,1242,32,649,342
14207,43420,13790,12191,1599,8266,3925,2.48,2.20,12191,649,4839,3427
14208,43430,2042,1934,108,1619,315,2.65,1.80,1934,70,1025,594
14209,43431,1923,1762,161,1494,268,2.74,2.47,1762,16,1045,449
14210,43432,425,425,0,411,14,2.80,-,425,19,252,159
14211,43433,24,24,0,24,0,1.88,-,24,0,24,0
14212,43434,49,37,12,30,7,4.23,3.29,37,7,8,22
14213,43435,458,405,53,326,79,2.72,2.04,405,1,220,106
14214,43436,61,0,61,0,0,-,-,0,0,0,0
14215,43437,160,152,8,106,46,3.42,2.57,152,2,73,33
14216,43438,1008,149,859,140,9,1.94,2.00,149,1,46,94
14217,43439,44,44,0,44,0,1.25,-,44,0,44,0
14218,43440,6508,2262,4246,1917,345,1.88,1.66,2262,64,671,1246
14219,43442,378,356,22,296,60,2.50,2.37,356,22,160,136
14220,43443,769,699,70,566,133,2.69,2.53,699,10,406,160
14221,43445,462,462,0,425,37,2.33,1.54,462,0,339,86
14222,43446,440,43,397,41,2,1.78,2.50,43,0,14,27
14223,43447,1340,1193,147,974,219,2.75,2.45,1193,42,584,390
14224,43449,4301,3481,820,2637,844,2.35,2.19,3481,126,1577,1060
14225,43450,1664,1466,198,950,516,2.57,2.07,1466,67,497,453
14226,43451,505,458,47,316,142,2.92,1.85,458,0,167,149
14227,43452,10689,6676,4013,5188,1488,2.13,1.85,6676,298,2936,2252
14228,43456,1021,179,842,165,14,2.49,1.71,179,0,85,80
14229,43457,570,544,26,496,48,2.63,2.42,544,62,349,147
14230,43458,192,153,39,123,30,2.33,1.93,153,5,64,59
14231,43460,2674,2580,94,1843,737,2.62,1.90,2580,126,1355,488
14232,43462,448,418,30,382,36,2.41,2.53,418,42,229,153
14233,43463,204,204,0,95,109,2.09,2.47,204,0,57,38
14234,43464,955,860,95,623,237,2.51,1.57,860,12,290,333
14235,43465,2388,2292,96,1777,515,2.53,2.26,2292,108,979,798
14236,43466,911,851,60,699,152,2.69,3.78,851,10,511,188
14237,43467,59,45,14,32,13,2.41,1.92,45,1,18,14
14238,43468,215,215,0,202,13,2.88,1.85,215,0,140,62
14239,43469,1279,1170,109,907,263,2.49,1.80,1170,0,586,321
14240,43501,334,319,15,284,35,2.99,2.06,319,18,120,164
14241,43502,2774,2594,180,2121,473,2.71,1.91,2594,36,1185,936
14242,43504,422,393,29,345,48,2.74,2.17,393,3,186,159
14243,43505,30,30,0,18,12,3.78,1.67,30,0,9,9
14244,43506,6715,6431,284,4810,1621,2.34,2.00,6431,244,2465,2345
14245,43510,60,60,0,60,0,3.77,-,60,0,60,0
14246,43511,429,418,11,362,56,2.55,2.84,418,14,175,187
14247,43512,12899,11550,1349,8747,2803,2.48,2.27,11550,635,5031,3716
14248,43515,3239,2970,269,2500,470,2.56,2.60,2970,49,1646,854
14249,43516,1113,1036,77,804,232,2.56,2.62,1036,46,489,315
14250,43517,1678,1482,196,1181,301,2.46,2.52,1482,85,741,440
14251,43518,1186,1100,86,969,131,2.59,3.23,1100,15,579,390
14252,43519,166,124,42,94,30,2.88,1.90,124,0,94,0
14253,43520,32,11,21,11,0,2.09,-,11,0,0,11
14254,43521,1274,1175,99,819,356,2.65,2.12,1175,80,466,353
14255,43522,1445,1391,54,1138,253,2.34,3.10,1391,33,742,396
14256,43523,28,28,0,28,0,1.68,-,28,0,21,7
14257,43524,475,437,38,357,80,2.46,3.08,437,2,181,176
14258,43525,444,412,32,373,39,2.78,1.77,412,16,279,94
14259,43526,2072,2035,37,1635,400,2.73,2.24,2035,133,1082,553
14260,43527,985,930,55,821,109,2.44,2.64,930,42,448,373
14261,43528,6999,6602,397,4849,1753,2.67,1.93,6602,349,3524,1325
14262,43529,120,95,25,72,23,3.26,4.13,95,12,28,44
14263,43530,0,0,0,0,0,-,-,0,0,0,0
14264,43531,124,124,0,100,24,3.15,-,124,0,41,59
14265,43532,1377,1274,103,1046,228,2.65,2.65,1274,42,694,352
14266,43533,592,569,23,439,130,2.62,2.05,569,18,279,160
14267,43534,758,669,89,549,120,2.60,2.20,669,38,349,200
14268,43535,315,239,76,196,43,2.40,2.02,239,0,146,50
14269,43536,104,104,0,104,0,1.96,-,104,0,55,49
14270,43537,13220,12484,736,8662,3822,2.61,1.86,12484,213,5965,2697
14271,43540,566,550,16,479,71,2.52,3.06,550,21,332,147
14272,43541,70,59,11,52,7,2.81,1.29,59,0,20,32
14273,43542,1549,1491,58,1404,87,2.96,1.15,1491,0,1036,368
14274,43543,3804,3267,537,2577,690,2.29,2.18,3267,193,1434,1143
14275,43545,6380,5890,490,4379,1511,2.55,2.06,5890,216,2436,1943
14276,43547,175,143,32,126,17,3.79,1.94,143,0,82,44
14277,43548,350,314,36,293,21,2.44,1.86,314,0,131,162
14278,43549,609,529,80,510,19,2.61,1.84,529,6,257,253
14279,43551,19017,17755,1262,11851,5904,2.71,1.70,17755,603,8315,3536
14280,43553,198,185,13,155,30,2.89,1.77,185,27,98,57
14281,43554,974,875,99,613,262,2.41,2.06,875,28,386,227
14282,43555,117,117,0,67,50,2.57,1.80,117,0,61,6
14283,43556,656,603,53,504,99,2.82,2.94,603,14,276,228
14284,43557,1012,960,52,776,184,2.61,2.92,960,25,514,262
14285,43558,5826,5558,268,4811,747,2.41,2.21,5558,126,2697,2114
14286,43560,12638,12007,631,10085,1922,2.72,2.08,12007,307,6961,3124
14287,43565,160,155,5,105,50,2.73,2.70,155,3,75,30
14288,43566,3656,3475,181,3097,378,2.31,2.29,3475,89,1991,1106
14289,43567,5260,4997,263,3863,1134,2.70,2.30,4997,138,2517,1346
14290,43569,1237,1088,149,834,254,2.84,2.01,1088,5,585,249
14291,43570,1283,1222,61,900,322,2.70,2.69,1222,53,527,373
14292,43571,2844,2725,119,2175,550,2.73,1.92,2725,25,1586,589
14293,43604,6129,4949,1180,878,4071,2.15,1.71,4949,2229,370,508
14294,43605,12098,10059,2039,4441,5618,2.48,2.53,10059,1868,2044,2397
14295,43606,11725,9963,1762,5403,4560,2.36,1.98,9963,921,3397,2006
14296,43607,10925,8968,1957,4221,4747,2.08,2.41,8968,1168,1864,2357
14297,43608,6935,5455,1480,2733,2722,2.21,2.89,5455,1014,1136,1597
14298,43609,10150,8468,1682,3674,4794,2.38,2.40,8468,1513,1681,1993
14299,43610,2533,1770,763,990,780,2.60,2.45,1770,258,383,607
14300,43611,8635,7705,930,5287,2418,2.33,2.56,7705,574,3031,2256
14301,43612,13054,11577,1477,6148,5429,2.48,2.40,11577,824,3506,2642
14302,43613,14446,13404,1042,8782,4622,2.37,2.49,13404,871,5796,2986
14303,43614,14699,13744,955,7878,5866,2.37,1.74,13744,1189,5602,2276
14304,43615,19142,17948,1194,9780,8168,2.39,1.97,17948,1187,5884,3896
14305,43616,8957,8509,448,6451,2058,2.48,1.96,8509,541,3801,2650
14306,43617,3120,2973,147,2687,286,2.98,1.52,2973,15,1787,900
14307,43619,3234,3063,171,2279,784,2.29,2.41,3063,70,1623,656
14308,43620,3091,2290,801,752,1538,2.63,1.97,2290,587,424,328
14309,43623,9700,9027,673,5914,3113,2.37,1.81,9027,775,3655,2259
14310,43701,25704,22739,2965,14747,7992,2.47,2.27,22739,1967,8553,6194
14311,43711,25,12,13,10,2,2.70,18.00,12,0,0,10
14312,43713,2931,2415,516,2016,399,2.74,2.21,2415,56,990,1026
14313,43716,1097,833,264,625,208,2.14,1.58,833,157,202,423
14314,43717,74,60,14,50,10,2.42,1.90,60,0,17,33
14315,43718,1360,1101,259,876,225,2.54,2.08,1101,22,353,523
14316,43719,1298,1021,277,819,202,2.49,2.63,1021,45,400,419
14317,43720,667,454,213,445,9,2.33,6.56,454,0,168,277
14318,43721,153,89,64,51,38,3.69,3.08,89,0,24,27
14319,43722,184,139,45,77,62,2.94,7.95,139,0,29,48
14320,43723,2233,1911,322,1142,769,2.57,2.18,1911,196,605,537
14321,43724,3251,2737,514,1919,818,2.59,2.39,2737,307,645,1274
14322,43725,9458,8414,1044,5626,2788,2.43,2.13,8414,596,3421,2205
14323,43727,718,575,143,525,50,2.28,2.54,575,0,257,268
14324,43728,672,501,171,441,60,2.62,2.92,501,17,149,292
14325,43730,1189,842,347,682,160,3.30,2.76,842,40,309,373
14326,43731,2224,1948,276,1488,460,2.53,2.72,1948,102,828,660
14327,43732,770,605,165,530,75,2.40,2.00,605,65,207,323
14328,43733,12,12,0,12,0,5.33,-,12,0,12,0
14329,43734,608,598,10,527,71,3.09,3.96,598,11,423,104
14330,43735,95,62,33,27,35,4.22,3.17,62,0,18,9
14331,43736,18,12,6,12,0,1.83,-,12,8,2,10
14332,43738,57,51,6,47,4,2.13,1.50,51,2,31,16
14333,43739,814,810,4,766,44,3.33,3.09,810,0,606,160
14334,43740,103,94,9,65,29,2.40,2.07,94,2,46,19
14335,43746,328,312,16,276,36,2.18,1.56,312,0,176,100
14336,43747,619,522,97,412,110,2.88,2.26,522,38,123,289
14337,43748,1181,1061,120,842,219,2.84,2.49,1061,139,366,476
14338,43749,1168,936,232,872,64,1.90,2.08,936,0,388,484
14339,43750,77,29,48,29,0,4.07,-,29,0,9,20
14340,43754,678,466,212,373,93,2.83,3.43,466,16,120,253
14341,43755,841,745,96,596,149,2.06,2.83,745,14,338,258
14342,43756,2623,2168,455,1569,599,2.37,2.19,2168,132,610,959
14343,43758,1459,1102,357,892,210,2.62,2.08,1102,79,319,573
14344,43759,133,68,65,51,17,3.27,3.24,68,0,10,41
14345,43760,695,558,137,361,197,2.64,2.70,558,0,187,174
14346,43761,85,45,40,45,0,2.20,-,45,0,28,17
14347,43762,1871,1721,150,1331,390,2.52,2.06,1721,60,921,410
14348,43764,3000,2867,133,1923,944,2.81,2.33,2867,374,1118,805
14349,43766,581,513,68,368,145,2.31,2.21,513,77,162,206
14350,43767,500,490,10,478,12,2.07,1.33,490,1,229,249
14351,43768,175,158,17,80,78,2.20,3.74,158,1,41,39
14352,43771,987,871,116,644,227,2.66,1.94,871,9,453,191
14353,43772,878,743,135,557,186,2.13,3.27,743,40,282,275
14354,43773,1372,1061,311,827,234,3.02,1.69,1061,164,299,528
14355,43777,2147,1940,207,1432,508,2.68,2.65,1940,117,833,599
14356,43778,521,479,42,449,30,2.70,2.37,479,109,217,232
14357,43779,272,213,59,201,12,2.63,4.67,213,20,92,109
14358,43780,1609,909,700,821,88,2.02,3.11,909,20,387,434
14359,43782,336,226,110,197,29,3.26,3.14,226,0,122,75
14360,43783,2190,1898,292,1588,310,2.80,2.67,1898,124,927,661
14361,43786,38,33,5,24,9,2.50,2.00,33,0,12,12
14362,43787,1654,1152,502,916,236,2.85,2.50,1152,87,445,471
14363,43788,398,324,74,303,21,1.98,5.76,324,4,147,156
14364,43791,62,62,0,52,10,3.62,-,62,0,52,0
14365,43793,2381,1956,425,1369,587,2.36,1.92,1956,197,506,863
14366,43802,426,381,45,352,29,3.93,2.17,381,53,204,148
14367,43804,1085,1064,21,744,320,3.83,2.78,1064,573,353,391
14368,43805,124,95,29,49,46,3.71,1.67,95,0,0,49
14369,43811,325,290,35,226,64,2.27,1.63,290,30,77,149
14370,43812,8679,7767,912,5108,2659,2.38,2.29,7767,594,2620,2488
14371,43821,1811,1606,205,1236,370,2.77,2.38,1606,60,763,473
14372,43822,2167,1876,291,1552,324,2.68,2.18,1876,108,829,723
14373,43824,1514,1370,144,1238,132,3.16,2.23,1370,351,641,597
14374,43830,2258,2124,134,1773,351,2.92,2.97,2124,56,1363,410
14375,43832,3670,3328,342,2445,883,2.15,2.48,3328,356,1068,1377
14376,43836,68,59,9,54,5,1.87,2.80,59,1,17,37
14377,43837,852,728,124,635,93,2.30,4.26,728,14,322,313
14378,43840,425,399,26,372,27,3.17,2.00,399,51,221,151
14379,43842,107,107,0,107,0,1.76,-,107,0,22,85
14380,43843,464,401,63,349,52,2.19,1.48,401,20,169,180
14381,43844,1908,1652,256,1462,190,2.58,2.71,1652,13,822,640
14382,43845,2017,1808,209,1362,446,2.54,2.84,1808,51,722,640
14383,43901,998,800,198,617,183,2.50,1.74,800,55,220,397
14384,43902,58,58,0,43,15,3.35,5.27,58,0,31,12
14385,43903,1019,778,241,620,158,2.61,2.62,778,43,324,296
14386,43905,196,173,23,148,25,2.96,-,173,0,137,11
14387,43906,4064,3177,887,2306,871,2.47,2.69,3177,216,890,1416
14388,43907,2588,2052,536,1515,537,2.52,2.04,2052,107,817,698
14389,43908,638,455,183,354,101,2.56,2.10,455,35,98,256
14390,43909,25,25,0,7,18,-,1.78,25,0,7,0
14391,43910,1523,1428,95,1278,150,2.39,2.37,1428,21,590,688
14392,43912,3286,2696,590,1943,753,2.47,1.71,2696,226,882,1061
14393,43913,674,500,174,299,201,2.79,1.78,500,39,178,121
14394,43914,20,20,0,11,9,-,2.00,20,0,0,11
14395,43915,674,548,126,492,56,2.15,2.00,548,3,262,230
14396,43917,1415,1242,173,1086,156,2.47,1.62,1242,94,348,738
14397,43920,10387,9058,1329,6148,2910,2.47,2.14,9058,866,2877,3271
14398,43925,85,85,0,46,39,1.67,3.67,85,0,31,15
14399,43926,117,99,18,62,37,2.19,1.97,99,10,27,35
14400,43928,63,43,20,43,0,3.02,-,43,0,0,43
14401,43930,469,377,92,368,9,2.87,5.11,377,51,213,155
14402,43931,94,94,0,94,0,1.76,-,94,12,0,94
14403,43932,419,375,44,296,79,2.31,3.08,375,4,167,129
14404,43933,969,745,224,712,33,2.78,-,745,7,276,436
14405,43934,169,112,57,112,0,1.69,-,112,6,11,101
14406,43935,4366,3431,935,2156,1275,2.52,2.08,3431,395,1246,910
14407,43938,2811,2400,411,1778,622,2.33,2.69,2400,216,882,896
14408,43939,159,130,29,115,15,2.05,2.33,130,8,46,69
14409,43940,181,145,36,125,20,2.11,5.20,145,0,27,98
14410,43942,1180,979,201,736,243,3.09,1.88,979,65,370,366
14411,43943,1619,1346,273,1151,195,2.42,2.26,1346,78,396,755
14412,43944,1036,913,123,682,231,2.25,3.08,913,9,411,271
14413,43945,1296,1177,119,889,288,2.65,2.72,1177,66,373,516
14414,43946,1113,840,273,658,182,2.28,2.87,840,48,244,414
14415,43947,2380,2026,354,1624,402,2.58,2.01,2026,93,907,717
14416,43948,283,245,38,205,40,2.72,2.43,245,10,112,93
14417,43950,6391,5257,1134,4108,1149,2.68,2.00,5257,183,2086,2022
14418,43951,74,31,43,21,10,-,3.20,31,0,0,21
14419,43952,8559,6910,1649,3704,3206,2.54,1.96,6910,1116,1919,1785
14420,43953,5282,4876,406,3478,1398,2.43,2.23,4876,202,1944,1534
14421,43961,144,129,15,99,30,2.11,2.67,129,6,24,75
14422,43962,44,32,12,20,12,2.65,1.75,32,5,10,10
14423,43963,707,615,92,354,261,2.28,2.04,615,61,130,224
14424,43964,4337,3946,391,3141,805,2.41,2.24,3946,247,1463,1678
14425,43967,51,51,0,51,0,4.37,-,51,10,18,33
14426,43968,2883,2595,288,1919,676,2.27,2.55,2595,230,1008,911
14427,43971,640,470,170,301,169,2.01,2.22,470,34,176,125
14428,43972,101,71,30,71,0,1.44,-,71,0,0,71
14429,43973,1188,833,355,712,121,2.74,2.86,833,156,327,385
14430,43974,43,35,8,31,4,2.55,-,35,4,10,21
14431,43976,709,612,97,477,135,2.52,1.96,612,9,227,250
14432,43977,1023,809,214,582,227,2.49,2.69,809,41,225,357
14433,43981,133,117,16,95,22,2.13,1.77,117,8,53,42
14434,43983,363,149,214,92,57,1.75,2.72,149,19,22,70
14435,43985,138,90,48,80,10,2.48,4.00,90,0,31,49
14436,43986,848,698,150,597,101,2.72,2.42,698,36,329,268
14437,43988,1312,916,396,685,231,2.52,2.38,916,148,400,285
14438,44001,8694,8316,378,7220,1096,2.59,2.08,8316,229,4596,2624
14439,44003,3149,1566,1583,1199,367,3.25,2.57,1566,151,669,530
14440,44004,15312,13221,2091,8468,4753,2.33,2.40,13221,1497,4152,4316
14441,44010,558,558,0,417,141,2.66,3.13,558,112,209,208
14442,44011,9468,9137,331,7902,1235,2.78,1.87,9137,318,4998,2904
14443,44012,10796,10311,485,8410,1901,2.50,2.03,10311,404,5942,2468
14444,44017,7204,6978,226,4874,2104,2.41,2.14,6978,419,3076,1798
14445,44021,2249,2046,203,1556,490,2.93,2.12,2046,290,1005,551
14446,44022,7182,6846,336,6157,689,2.49,1.84,6846,184,3715,2442
14447,44023,7581,7277,304,6631,646,2.66,1.87,7277,220,4775,1856
14448,44024,9421,8896,525,7661,1235,2.77,2.07,8896,345,4845,2816
14449,44026,4484,4343,141,4048,295,2.48,2.29,4343,183,2339,1709
14450,44028,3744,3626,118,3348,278,2.57,2.22,3626,101,2020,1328
14451,44030,7347,6020,1327,4648,1372,2.36,2.48,6020,436,2610,2038
14452,44032,459,404,55,392,12,3.21,2.17,404,7,287,105
14453,44035,29534,26894,2640,16519,10375,2.34,2.17,26894,2342,9911,6608
14454,44039,13841,13297,544,11678,1619,2.63,2.56,13297,368,8196,3482
14455,44040,1229,1117,112,1052,65,2.73,3.00,1117,26,527,525
14456,44041,7213,5974,1239,3926,2048,2.44,1.98,5974,436,2036,1890
14457,44044,4500,4281,219,3713,568,2.57,3.23,4281,135,2397,1316
14458,44045,307,289,18,252,37,2.24,3.14,289,8,183,69
14459,44046,805,732,73,593,139,2.98,2.80,732,189,358,235
14460,44047,4010,3680,330,2736,944,2.37,2.23,3680,196,1461,1275
14461,44048,938,831,107,682,149,2.67,2.64,831,30,329,353
14462,44049,88,76,12,58,18,2.50,2.94,76,6,28,30
14463,44050,2623,2484,139,2137,347,2.74,2.59,2484,26,1401,736
14464,44052,13651,11689,1962,6019,5670,2.25,2.66,11689,1045,3392,2627
14465,44053,9166,8495,671,5288,3207,2.55,2.11,8495,788,3620,1668
14466,44054,5838,5359,479,4253,1106,2.43,2.07,5359,147,2596,1657
14467,44055,9284,8108,1176,4193,3915,2.39,2.40,8108,799,1931,2262
14468,44056,4878,4733,145,4276,457,2.54,2.65,4733,160,3067,1209
14469,44057,8344,7599,745,6201,1398,2.51,2.46,7599,323,3893,2308
14470,44060,26968,25494,1474,20676,4818,2.41,2.08,25494,828,12449,8227
14471,44062,4542,4275,267,3398,877,3.99,2.47,4275,1931,2419,979
14472,44064,759,683,76,617,66,2.04,2.73,683,15,442,175
14473,44065,1950,1648,302,1521,127,2.48,1.28,1648,60,939,582
14474,44067,8719,8392,327,7394,998,2.38,1.68,8392,176,4914,2480
14475,44068,104,84,20,60,24,2.65,2.04,84,0,48,12
14476,44070,13775,13289,486,10199,3090,2.47,2.20,13289,603,6372,3827
14477,44072,2045,1999,46,1573,426,2.43,2.88,1999,72,1048,525
14478,44074,4101,3803,298,2452,1351,2.46,2.09,3803,196,1442,1010
14479,44076,2042,1784,258,1333,451,2.90,2.60,1784,288,733,600
14480,44077,24755,23080,1675,16664,6416,2.49,2.37,23080,1276,11472,5192
14481,44080,92,92,0,74,18,1.72,-,92,19,19,55
14482,44081,2687,2572,115,2301,271,2.61,3.80,2572,58,1499,802
14483,44082,712,622,90,496,126,3.37,1.61,622,27,158,338
14484,44084,1829,1465,364,1276,189,2.61,2.29,1465,54,856,420
14485,44085,1500,1270,230,1173,97,2.25,5.67,1270,23,710,463
14486,44086,971,887,84,831,56,2.60,2.29,887,24,564,267
14487,44087,9244,9021,223,6892,2129,2.66,1.75,9021,443,4999,1893
14488,44089,7924,6702,1222,5295,1407,2.41,1.91,6702,216,3406,1889
14489,44090,4279,3977,302,3186,791,2.86,2.11,3977,260,1974,1212
14490,44092,8247,7594,653,4973,2621,2.26,2.05,7594,315,2885,2088
14491,44093,706,465,241,335,130,2.26,1.69,465,0,185,150
14492,44094,18134,16940,1194,11000,5940,2.35,1.82,16940,793,6672,4328
14493,44095,15396,14517,879,10934,3583,2.34,2.01,14517,664,6897,4037
14494,44099,692,692,0,610,82,3.84,3.35,692,270,361,249
14495,44101,0,0,0,0,0,-,-,0,0,0,0
14496,44102,22734,19366,3368,6235,13131,2.50,2.00,19366,4363,3412,2823
14497,44103,9725,6921,2804,2298,4623,2.40,1.82,6921,2569,966,1332
14498,44104,10217,8283,1934,2153,6130,2.53,2.14,8283,2786,948,1205
14499,44105,18352,14859,3493,6903,7956,2.26,2.32,14859,2701,3005,3898
14500,44106,13303,10934,2369,2999,7935,2.27,1.71,10934,3297,1457,1542
14501,44107,28438,26319,2119,11542,14777,2.27,1.65,26319,3675,7936,3606
14502,44108,12426,9143,3283,4168,4975,2.09,2.60,9143,2618,1610,2558
14503,44109,19734,16769,2965,8000,8769,2.30,2.38,16769,3027,4719,3281
14504,44110,11562,9303,2259,3529,5774,1.99,1.92,9303,2535,1592,1937
14505,44111,19444,17718,1726,9768,7950,2.33,2.43,17718,1924,6455,3313
14506,44112,11934,8236,3698,3297,4939,2.64,1.94,8236,2475,1566,1731
14507,44113,11721,9718,2003,2579,7139,2.07,1.57,9718,1563,1611,968
14508,44114,4824,3847,977,330,3517,2.63,1.43,3847,1336,112,218
14509,44115,5140,4494,646,315,4179,2.65,1.86,4494,2239,265,50
14510,44116,10450,9704,746,6892,2812,2.46,1.53,9704,793,4142,2750
14511,44117,5333,4932,401,1995,2937,2.42,1.63,4932,1357,1273,722
14512,44118,18147,16477,1670,10131,6346,2.57,2.05,16477,1650,6564,3567
14513,44119,6852,6140,712,2982,3158,2.07,2.02,6140,803,1945,1037
14514,44120,20535,16790,3745,7870,8920,2.29,1.85,16790,3210,4214,3656
14515,44121,14710,13489,1221,9185,4304,2.36,2.46,13489,1291,5954,3231
14516,44122,16991,15039,1952,9517,5522,2.57,1.96,15039,1406,5707,3810
14517,44123,9515,8530,985,3975,4555,2.16,2.15,8530,1360,2478,1497
14518,44124,20173,18946,1227,11812,7134,2.21,1.91,18946,1636,7287,4525
14519,44125,13230,12080,1150,7259,4821,2.42,2.37,12080,1324,4370,2889
14520,44126,7947,7575,372,5276,2299,2.42,1.89,7575,514,3433,1843
14521,44127,2408,1882,526,794,1088,2.69,2.23,1882,570,309,485
14522,44128,14341,12606,1735,6204,6402,2.13,2.30,12606,1695,3584,2620
14523,44129,12933,11988,945,8441,3547,2.40,2.24,11988,615,5123,3318
14524,44130,24015,22822,1193,14306,8516,2.35,2.02,22822,1337,8265,6041
14525,44131,8733,8348,385,7643,705,2.44,2.74,8348,122,4343,3300
14526,44132,7756,6749,1007,2841,3908,2.24,2.13,6749,789,1575,1266
14527,44133,14408,13515,893,9655,3860,2.51,1.72,13515,546,6118,3537
14528,44134,17278,16107,1171,12173,3934,2.31,2.32,16107,698,7468,4705
14529,44135,12172,11349,823,6761,4588,2.32,2.35,11349,1493,4095,2666
14530,44136,11012,10527,485,7658,2869,2.54,1.89,10527,686,4717,2941
14531,44137,11429,10298,1131,6149,4149,1.95,2.78,10298,822,3520,2629
14532,44138,9883,9477,406,7430,2047,2.56,1.91,9477,485,4686,2744
14533,44139,9314,8926,388,7536,1390,2.92,1.99,8926,322,4910,2626
14534,44140,6311,6065,246,5640,425,2.68,1.74,6065,209,4009,1631
14535,44141,5991,5509,482,4544,965,2.59,1.98,5509,186,2740,1804
14536,44142,8000,7671,329,6100,1571,2.44,2.30,7671,324,3568,2532
14537,44143,11756,10996,760,7907,3089,2.39,1.67,10996,1069,4621,3286
14538,44144,9943,9483,460,5335,4148,2.37,2.32,9483,792,2990,2345
14539,44145,15554,14446,1108,10404,4042,2.53,1.73,14446,865,6035,4369
14540,44146,15424,14260,1164,7585,6675,2.23,1.86,14260,1215,4938,2647
14541,44147,8446,8110,336,6741,1369,2.57,1.72,8110,251,4540,2201
14542,44149,8601,8330,271,7791,539,2.57,1.90,8330,331,4866,2925
14543,44201,2654,2513,141,2133,380,2.79,2.43,2513,123,1463,670
14544,44202,8970,8485,485,7154,1331,2.71,1.62,8485,486,5149,2005
14545,44203,17953,16455,1498,11273,5182,2.40,2.22,16455,1624,7005,4268
14546,44212,18826,18167,659,13865,4302,2.73,1.80,18167,612,10250,3615
14547,44214,792,749,43,660,89,2.93,3.49,749,15,461,199
14548,44215,1192,929,263,768,161,2.57,2.40,929,23,526,242
14549,44216,3764,3577,187,3251,326,2.52,2.70,3577,59,1926,1325
14550,44217,1416,1358,58,1194,164,2.67,2.19,1358,29,643,551
14551,44221,14511,13659,852,7773,5886,2.32,1.95,13659,695,5554,2219
14552,44223,8771,8395,376,6339,2056,2.27,1.80,8395,511,4308,2031
14553,44224,17465,16150,1315,10992,5158,2.57,2.06,16150,718,7704,3288
14554,44230,3622,3524,98,2971,553,2.35,1.99,3524,211,1684,1287
14555,44231,3260,3124,136,2494,630,3.00,2.23,3124,337,1740,754
14556,44232,0,0,0,0,0,-,-,0,0,0,0
14557,44233,2993,2910,83,2829,81,2.79,1.46,2910,32,1732,1097
14558,44234,1307,1259,48,1081,178,2.43,2.25,1259,22,588,493
14559,44235,552,538,14,466,72,2.97,2.18,538,36,316,150
14560,44236,9781,9612,169,8541,1071,2.83,1.67,9612,323,6210,2331
14561,44240,20486,16928,3558,8850,8078,2.49,2.01,16928,1674,5387,3463
14562,44241,7447,7225,222,4994,2231,2.44,2.36,7225,363,3190,1804
14563,44243,0,0,0,0,0,-,-,0,0,0,0
14564,44250,775,586,189,485,101,2.32,2.16,586,10,300,185
14565,44251,435,400,35,361,39,2.40,1.49,400,11,200,161
14566,44253,1313,1257,56,1188,69,2.56,3.52,1257,52,520,668
14567,44254,2120,1961,159,1455,506,2.56,2.19,1961,112,950,505
14568,44255,3137,2847,290,2314,533,2.63,2.75,2847,86,1325,989
14569,44256,26412,25207,1205,20581,4626,2.63,2.10,25207,798,14100,6481
14570,44260,5351,5126,225,4423,703,2.54,2.77,5126,268,2655,1768
14571,44262,2249,2142,107,1716,426,2.47,1.80,2142,230,940,776
14572,44264,1332,1200,132,1033,167,2.55,1.94,1200,3,655,378
14573,44266,14827,13723,1104,9531,4192,2.45,2.03,13723,1048,5539,3992
14574,44270,3454,3281,173,2329,952,2.61,2.03,3281,187,1376,953
14575,44272,2311,2184,127,1835,349,2.62,2.14,2184,78,1193,642
14576,44273,2874,2819,55,2325,494,2.58,2.26,2819,57,1650,675
14577,44274,97,97,0,43,54,2.33,4.06,97,0,43,0
14578,44275,1170,1120,50,990,130,2.53,2.98,1120,15,712,278
14579,44276,672,624,48,540,84,2.98,3.02,624,3,364,176
14580,44278,7600,7384,216,6195,1189,2.58,1.90,7384,223,3927,2268
14581,44280,2171,2019,152,1735,284,2.75,1.67,2019,17,1070,665
14582,44281,14014,13504,510,9987,3517,2.66,1.85,13504,567,6770,3217
14583,44285,45,45,0,41,4,2.44,1.75,45,4,18,23
14584,44286,2781,2584,197,2454,130,2.40,2.55,2584,38,1532,922
14585,44287,3147,2896,251,2483,413,2.76,2.70,2896,189,1470,1013
14586,44288,1347,1214,133,863,351,2.51,2.81,1214,82,460,403
14587,44301,6830,5811,1019,3455,2356,2.21,2.61,5811,623,2131,1324
14588,44302,2890,2575,315,1140,1435,2.08,1.39,2575,815,782,358
14589,44303,4102,3659,443,1847,1812,2.34,1.64,3659,212,977,870
14590,44304,1596,1296,300,111,1185,1.89,2.32,1296,283,33,78
14591,44305,10238,9193,1045,5129,4064,2.06,2.55,9193,952,3247,1882
14592,44306,10337,8986,1351,3930,5056,2.20,2.54,8986,1493,2198,1732
14593,44307,3483,2844,639,915,1929,1.86,2.15,2844,797,385,530
14594,44308,514,443,71,16,427,-,1.60,443,176,11,5
14595,44310,11158,10167,991,3932,6235,2.53,2.37,10167,1878,2389,1543
14596,44311,3425,2826,599,429,2397,2.37,2.16,2826,681,119,310
14597,44312,14522,13474,1048,10165,3309,2.35,2.06,13474,722,6380,3785
14598,44313,13384,12603,781,7314,5289,2.27,1.99,12603,778,4488,2826
14599,44314,8969,8104,865,4268,3836,2.17,2.37,8104,953,2899,1369
14600,44319,10220,9589,631,6953,2636,2.36,2.06,9589,395,4284,2669
14601,44320,9556,8817,739,4813,4004,2.24,2.06,8817,1275,2858,1955
14602,44321,6670,6467,203,5025,1442,2.64,1.74,6467,232,3624,1401
14603,44325,0,0,0,0,0,-,-,0,0,0,0
14604,44333,8341,7786,555,6530,1256,2.46,1.86,7786,379,4181,2349
14605,44401,1036,958,78,871,87,2.62,2.06,958,35,607,264
14606,44402,1187,1104,83,960,144,2.49,3.42,1104,15,572,388
14607,44403,1975,1805,170,1593,212,2.07,2.07,1805,168,613,980
14608,44404,612,603,9,557,46,2.91,2.54,603,9,246,311
14609,44405,3770,3289,481,2105,1184,2.30,2.54,3289,391,881,1224
14610,44406,9616,8888,728,7831,1057,2.58,2.17,8888,173,4717,3114
14611,44408,4870,4652,218,3362,1290,2.50,1.56,4652,400,2067,1295
14612,44410,8268,7471,797,5958,1513,2.31,1.97,7471,380,3452,2506
14613,44411,1051,798,253,755,43,2.91,1.63,798,18,456,299
14614,44412,1066,979,87,877,102,2.62,1.86,979,14,584,293
14615,44413,3141,2871,270,2160,711,2.44,2.36,2871,105,1089,1071
14616,44415,0,0,0,0,0,-,-,0,0,0,0
14617,44417,631,608,23,564,44,2.34,2.43,608,35,244,320
14618,44418,626,483,143,474,9,2.27,1.89,483,11,190,284
14619,44420,6989,6354,635,4518,1836,2.31,2.58,6354,301,2632,1886
14620,44423,984,884,100,696,188,2.83,2.58,884,58,426,270
14621,44424,24,24,0,10,14,-,3.14,24,0,0,10
14622,44425,6438,5826,612,4687,1139,2.42,1.72,5826,242,2400,2287
14623,44427,658,545,113,460,85,2.05,3.16,545,26,191,269
14624,44428,1395,1314,81,1053,261,2.32,2.52,1314,37,472,581
14625,44429,1606,1135,471,892,243,2.27,2.67,1135,72,585,307
14626,44430,1548,1371,177,1086,285,2.47,2.80,1371,37,489,597
14627,44431,2047,1859,188,1616,243,2.51,2.45,1859,53,775,841
14628,44432,4779,4173,606,3030,1143,2.39,2.45,4173,235,1402,1628
14629,44436,1733,1488,245,1288,200,2.49,2.07,1488,58,707,581
14630,44437,1858,1740,118,1465,275,2.30,2.54,1740,44,934,531
14631,44438,2543,2358,185,1585,773,1.99,2.22,2358,117,758,827
14632,44439,137,137,0,111,26,3.23,1.31,137,57,96,15
14633,44440,2022,1887,135,1578,309,2.51,1.72,1887,121,1019,559
14634,44441,781,755,26,734,21,2.62,3.00,755,32,335,399
14635,44442,1715,1622,93,1472,150,2.48,1.59,1622,84,658,814
14636,44443,831,736,95,662,74,3.07,1.72,736,46,360,302
14637,44444,4857,4253,604,2972,1281,2.40,1.88,4253,335,1757,1215
14638,44445,1314,1226,88,982,244,2.49,2.81,1226,95,447,535
14639,44446,10366,9223,1143,5430,3793,2.42,1.80,9223,921,2493,2937
14640,44449,963,622,341,513,109,2.50,1.97,622,0,232,281
14641,44450,732,651,81,537,114,3.21,3.12,651,47,328,209
14642,44451,1429,1205,224,970,235,2.46,2.52,1205,38,533,437
14643,44452,1489,1403,86,1205,198,2.36,1.41,1403,150,468,737
14644,44454,286,286,0,263,23,2.49,1.52,286,0,218,45
14645,44455,532,527,5,476,51,2.95,3.10,527,4,172,304
14646,44460,11850,10505,1345,7729,2776,2.50,1.89,10505,776,4248,3481
14647,44470,1661,1595,66,1418,177,2.63,2.14,1595,64,740,678
14648,44471,4798,4344,454,3067,1277,2.44,2.31,4344,271,1853,1214
14649,44473,2007,1736,271,1343,393,2.37,2.30,1736,72,569,774
14650,44481,4248,3729,519,3196,533,2.58,2.10,3729,95,1472,1724
14651,44483,12451,11003,1448,6764,4239,2.23,2.16,11003,1113,3660,3104
14652,44484,10051,9094,957,6645,2449,2.38,2.42,9094,589,3744,2901
14653,44485,7936,6946,990,3576,3370,2.10,2.38,6946,967,1434,2142
14654,44490,375,351,24,199,152,2.36,2.79,351,18,105,94
14655,44491,1224,1115,109,1036,79,3.04,2.80,1115,322,607,429
14656,44493,61,54,7,32,22,2.75,1.91,54,0,18,14
14657,44502,4337,3488,849,1853,1635,2.15,2.78,3488,434,618,1235
14658,44503,607,516,91,0,516,-,1.13,516,427,0,0
14659,44504,2448,2003,445,843,1160,2.51,1.74,2003,353,375,468
14660,44505,7868,6788,1080,3641,3147,2.14,2.35,6788,1208,1573,2068
14661,44506,1453,1287,166,694,593,2.40,1.85,1287,233,211,483
14662,44507,2468,1876,592,870,1006,2.32,2.57,1876,464,103,767
14663,44509,5708,5114,594,2978,2136,2.04,2.37,5114,841,1313,1665
14664,44510,1079,865,214,432,433,1.96,2.71,865,262,93,339
14665,44511,9761,8880,881,6657,2223,2.19,2.09,8880,525,3203,3454
14666,44512,15477,14304,1173,9376,4928,2.42,1.92,14304,1006,5730,3646
14667,44514,10111,9504,607,7878,1626,2.38,2.03,9504,337,4290,3588
14668,44515,13649,12574,1075,8112,4462,2.27,1.94,12574,615,4765,3347
14669,44555,0,0,0,0,0,-,-,0,0,0,0
14670,44601,14744,13481,1263,8108,5373,2.39,2.25,13481,1519,4238,3870
14671,44606,2622,2478,144,1977,501,3.62,3.03,2478,984,1131,846
14672,44607,23,13,10,13,0,6.54,-,13,0,0,13
14673,44608,982,865,117,546,319,2.71,2.78,865,34,288,258
14674,44609,1646,1488,158,1304,184,2.30,2.34,1488,53,626,678
14675,44610,162,95,67,39,56,2.64,2.88,95,0,29,10
14676,44611,929,907,22,788,119,2.73,2.32,907,74,472,316
14677,44612,2332,2233,99,1571,662,2.71,1.70,2233,69,1000,571
14678,44613,757,739,18,524,215,2.37,2.36,739,25,304,220
14679,44614,5671,5479,192,4403,1076,2.40,2.26,5479,73,3042,1361
14680,44615,5209,4135,1074,3300,835,2.38,2.03,4135,360,1980,1320
14681,44618,2621,2534,87,1944,590,2.87,2.41,2534,326,1057,887
14682,44619,94,94,0,94,0,1.65,-,94,0,7,87
14683,44620,807,761,46,645,116,2.53,2.23,761,17,405,240
14684,44621,1944,1714,230,1123,591,2.55,2.72,1714,75,623,500
14685,44622,7803,7281,522,5014,2267,2.64,2.26,7281,539,2876,2138
14686,44624,1761,1675,86,1448,227,3.57,2.73,1675,501,572,876
14687,44625,515,467,48,353,114,3.06,2.84,467,16,222,131
14688,44626,1239,1181,58,1014,167,2.43,1.80,1181,140,539,475
14689,44627,1775,1759,16,1485,274,4.26,2.81,1759,1115,773,712
14690,44628,542,415,127,312,103,2.86,1.31,415,28,176,136
14691,44629,1158,1048,110,780,268,2.87,2.35,1048,32,458,322
14692,44630,34,34,0,34,0,4.47,-,34,0,34,0
14693,44632,3851,3785,66,3020,765,2.83,2.31,3785,71,1900,1120
14694,44633,728,689,39,548,141,3.71,2.45,689,231,268,280
14695,44634,863,863,0,676,187,2.12,2.04,863,4,321,355
14696,44637,1155,933,222,718,215,2.35,2.64,933,20,421,297
14697,44638,491,421,70,288,133,2.79,2.59,421,22,186,102
14698,44639,116,116,0,101,15,2.52,2.80,116,5,64,37
14699,44640,78,75,3,60,15,2.42,3.73,75,0,34,26
14700,44641,8356,7916,440,5971,1945,2.61,1.87,7916,428,4052,1919
14701,44643,1604,1455,149,1167,288,2.79,2.27,1455,28,789,378
14702,44644,2380,2193,187,1442,751,2.28,1.95,2193,321,736,706
14703,44645,1099,1075,24,925,150,2.80,2.73,1075,15,555,370
14704,44646,21100,19606,1494,13088,6518,2.55,2.12,19606,1111,8727,4361
14705,44647,8375,7885,490,5820,2065,2.30,2.30,7885,310,3586,2234
14706,44651,432,323,109,276,47,3.35,2.15,323,53,150,126
14707,44652,191,191,0,134,57,2.84,3.07,191,0,113,21
14708,44653,275,257,18,216,41,2.79,2.83,257,3,113,103
14709,44654,6831,6191,640,4664,1527,3.39,2.47,6191,1677,2912,1752
14710,44656,1268,1049,219,833,216,2.35,2.56,1049,194,411,422
14711,44657,4512,4116,396,2821,1295,2.36,2.26,4116,112,1734,1087
14712,44659,61,56,5,43,13,2.67,1.92,56,3,32,11
14713,44660,42,42,0,34,8,3.06,-,42,22,12,22
14714,44661,108,108,0,88,20,3.78,2.00,108,4,73,15
14715,44662,4156,3931,225,3218,713,2.83,2.19,3931,282,1881,1337
14716,44663,11844,11177,667,7412,3765,2.29,1.95,11177,544,3783,3629
14717,44665,82,82,0,59,23,2.76,-,82,7,33,26
14718,44666,1158,1049,109,927,122,2.49,2.33,1049,6,618,309
14719,44667,5423,5040,383,3593,1447,2.83,2.33,5040,443,2102,1491
14720,44669,609,587,22,448,139,3.05,2.17,587,0,250,198
14721,44670,23,23,0,23,0,1.83,-,23,10,6,17
14722,44671,122,39,83,39,0,3.23,-,39,0,0,39
14723,44672,2518,2168,350,1083,1085,2.37,1.86,2168,306,600,483
14724,44675,1012,837,175,635,202,2.29,2.18,837,11,231,404
14725,44676,1909,1854,55,1495,359,3.09,2.45,1854,218,869,626
14726,44677,1053,1000,53,792,208,2.49,1.96,1000,53,419,373
14727,44678,89,89,0,59,30,1.71,4.13,89,0,38,21
14728,44680,1848,1799,49,1317,482,2.64,1.91,1799,112,762,555
14729,44681,2846,2664,182,2041,623,3.73,2.34,2664,858,1176,865
14730,44682,584,469,115,318,151,2.92,2.83,469,16,252,66
14731,44683,3327,3039,288,1947,1092,2.59,2.54,3039,277,1019,928
14732,44685,11190,10888,302,9097,1791,2.77,1.77,10888,267,5784,3313
14733,44687,127,127,0,66,61,2.29,1.51,127,22,27,39
14734,44688,1282,1253,29,946,307,2.11,2.72,1253,88,472,474
14735,44689,238,157,81,95,62,3.79,2.60,157,44,67,28
14736,44690,52,52,0,44,8,1.61,1.88,52,7,0,44
14737,44691,19279,18109,1170,12583,5526,2.38,1.98,18109,1400,7078,5505
14738,44693,23,11,12,7,4,4.86,1.75,11,0,7,0
14739,44695,640,447,193,373,74,2.85,2.43,447,19,154,219
14740,44697,132,125,7,122,3,1.85,4.67,125,0,29,93
14741,44699,435,298,137,239,59,2.04,2.44,298,10,96,143
14742,44702,631,534,97,5,529,1.80,1.21,534,355,0,5
14743,44703,4562,3668,894,1388,2280,2.34,2.07,3668,718,742,646
14744,44704,1878,1428,450,682,746,2.16,2.47,1428,300,329,353
14745,44705,8246,7239,1007,3865,3374,2.47,2.63,7239,1003,2148,1717
14746,44706,8051,7044,1007,5198,1846,2.35,2.17,7044,390,2947,2251
14747,44707,4074,3555,519,1705,1850,2.60,2.60,3555,742,947,758
14748,44708,11955,10803,1152,7425,3378,2.37,1.99,10803,501,4675,2750
14749,44709,9195,8648,547,4984,3664,2.20,1.81,8648,778,3273,1711
14750,44710,3905,3415,490,1731,1684,2.27,2.67,3415,323,962,769
14751,44714,4468,4234,234,2612,1622,2.26,2.36,4234,302,1686,926
14752,44718,6046,5715,331,3886,1829,2.31,1.99,5715,274,2024,1862
14753,44720,17685,16856,829,12067,4789,2.44,1.96,16856,569,7644,4423
14754,44721,5424,5366,58,4726,640,2.52,2.56,5366,48,3284,1442
14755,44730,2787,2532,255,1988,544,2.53,2.14,2532,34,1212,776
14756,44802,374,365,9,342,23,2.65,1.96,365,9,161,181
14757,44804,549,536,13,514,22,3.00,2.82,536,9,369,145
14758,44805,13683,12550,1133,8762,3788,2.46,2.28,12550,1055,5120,3642
14759,44807,941,885,56,734,151,2.23,1.56,885,19,354,380
14760,44809,69,69,0,19,50,1.53,1.94,69,9,10,9
14761,44811,5555,5281,274,3869,1412,2.47,2.20,5281,336,2228,1641
14762,44813,3185,2918,267,2328,590,2.88,1.80,2918,196,1266,1062
14763,44814,933,869,64,701,168,2.29,3.49,869,2,350,351
14764,44815,311,292,19,238,54,2.12,3.39,292,5,128,110
14765,44817,574,544,30,485,59,2.80,2.63,544,17,305,180
14766,44818,927,885,42,741,144,2.39,3.19,885,17,339,402
14767,44820,8253,7500,753,5267,2233,2.27,2.23,7500,617,3035,2232
14768,44822,1301,1111,190,822,289,2.87,3.67,1111,119,534,288
14769,44824,1558,1417,141,1179,238,2.52,2.99,1417,24,712,467
14770,44825,78,71,7,58,13,3.36,2.92,71,4,31,27
14771,44826,585,585,0,521,64,2.40,2.88,585,10,318,203
14772,44827,3429,3046,383,2318,728,2.26,2.39,3046,145,1258,1060
14773,44828,90,60,30,19,41,-,2.76,60,26,0,19
14774,44830,8354,7283,1071,5331,1952,2.39,2.49,7283,527,2863,2468
14775,44833,7976,7131,845,4577,2554,2.35,2.20,7131,296,2458,2119
14776,44836,1025,945,80,829,116,2.45,2.07,945,20,504,325
14777,44837,1508,1440,68,1130,310,2.91,2.69,1440,95,549,581
14778,44838,101,88,13,68,20,1.99,2.05,88,3,45,23
14779,44839,6710,5642,1068,4364,1278,2.19,2.22,5642,259,2433,1931
14780,44840,1257,1142,115,990,152,2.53,3.37,1142,52,672,318
14781,44841,311,268,43,229,39,2.34,3.64,268,0,103,126
14782,44842,2421,2116,305,1607,509,2.43,2.36,2116,183,912,695
14783,44843,1163,1114,49,994,120,2.40,2.35,1114,17,623,371
14784,44844,341,270,71,261,9,2.19,2.67,270,0,175,86
14785,44846,1439,1312,127,1108,204,2.64,1.95,1312,38,642,466
14786,44847,1643,1444,199,1173,271,2.49,2.75,1444,19,595,578
14787,44849,934,881,53,746,135,2.67,2.29,881,22,401,345
14788,44850,35,9,26,0,9,-,3.22,9,0,0,0
14789,44851,2289,2088,201,1599,489,2.47,2.03,2088,114,1053,546
14790,44853,565,547,18,456,91,2.66,2.66,547,6,194,262
14791,44854,725,672,53,506,166,2.04,2.48,672,0,248,258
14792,44855,486,449,37,391,58,3.38,2.07,449,17,294,97
14793,44856,99,92,7,83,9,2.10,1.78,92,2,24,59
14794,44857,10711,9916,795,6853,3063,2.49,1.97,9916,655,4221,2632
14795,44859,849,849,0,849,0,2.83,-,849,0,560,289
14796,44861,71,71,0,51,20,1.29,5.05,71,11,42,9
14797,44864,1516,1255,261,1020,235,2.43,2.66,1255,43,520,500
14798,44865,1390,1142,248,863,279,2.76,2.44,1142,103,492,371
14799,44866,819,775,44,731,44,2.82,2.95,775,69,335,396
14800,44867,1031,980,51,723,257,2.84,2.25,980,30,420,303
14801,44870,19844,17030,2814,10325,6705,2.45,2.07,17030,1688,5932,4393
14802,44874,134,124,10,94,30,2.78,1.33,124,3,50,44
14803,44875,5976,5549,427,3898,1651,2.55,2.18,5549,334,2433,1465
14804,44878,1023,944,79,726,218,3.21,3.22,944,177,358,368
14805,44880,1072,1027,45,978,49,3.06,-,1027,114,775,203
14806,44881,27,27,0,19,8,4.21,2.25,27,0,3,16
14807,44882,1240,1093,147,892,201,2.29,2.29,1093,28,488,404
14808,44883,12578,11548,1030,7953,3595,2.32,2.05,11548,871,4233,3720
14809,44887,380,316,64,284,32,3.45,1.72,316,0,131,153
14810,44889,3043,2774,269,2329,445,2.63,2.36,2774,89,1471,858
14811,44890,4552,4062,490,2808,1254,2.60,2.60,4062,146,1661,1147
14812,44901,0,0,0,0,0,-,-,0,0,0,0
14813,44902,2521,1939,582,618,1321,1.85,2.91,1939,490,184,434
14814,44903,10927,9636,1291,6909,2727,2.43,2.88,9636,713,3912,2997
14815,44904,6302,6158,144,4553,1605,2.42,2.06,6158,404,2862,1691
14816,44905,5631,5175,456,3914,1261,2.12,2.52,5175,344,2127,1787
14817,44906,8352,7624,728,4555,3069,2.31,1.84,7624,811,2620,1935
14818,44907,7763,7148,615,3780,3368,2.16,2.14,7148,786,2376,1404
14819,45001,393,304,89,121,183,2.57,3.05,304,13,65,56
14820,45002,5473,4945,528,3873,1072,2.80,2.59,4945,136,2570,1303
14821,45003,262,211,51,153,58,2.55,2.03,211,6,83,70
14822,45005,13145,12328,817,8944,3384,2.62,2.24,12328,672,5982,2962
14823,45011,27687,25726,1961,18916,6810,2.87,2.48,25726,1526,13150,5766
14824,45013,21710,20307,1403,14644,5663,2.64,2.53,20307,848,9561,5083
14825,45014,20072,18753,1319,11766,6987,2.55,2.16,18753,846,7893,3873
14826,45015,5226,4892,334,2848,2044,2.23,2.68,4892,247,1627,1221
14827,45030,8921,8443,478,6815,1628,2.57,2.13,8443,281,4460,2355
14828,45032,295,267,28,184,83,2.41,2.55,267,2,111,73
14829,45033,189,177,12,149,28,2.90,-,177,5,23,126
14830,45034,462,427,35,379,48,2.43,2.88,427,0,313,66
14831,45036,14158,13068,1090,9356,3712,2.89,2.05,13068,435,6928,2428
14832,45039,11326,10825,501,9390,1435,2.60,2.53,10825,122,7445,1945
14833,45040,21260,20573,687,15736,4837,2.83,2.43,20573,296,11013,4723
14834,45041,130,130,0,130,0,-,-,130,0,0,130
14835,45042,12095,11315,780,7768,3547,2.49,2.44,11315,844,4760,3008
14836,45044,21842,19913,1929,12760,7153,2.81,2.52,19913,1363,9003,3757
14837,45050,4550,4406,144,3413,993,2.86,2.11,4406,133,2774,639
14838,45051,47,47,0,0,47,-,2.77,47,8,0,0
14839,45052,1679,1644,35,1453,191,2.53,2.27,1644,40,895,558
14840,45053,1213,1120,93,1079,41,3.28,4.17,1120,82,768,311
14841,45054,1239,1079,160,995,84,2.74,1.29,1079,6,766,229
14842,45055,49,49,0,40,9,2.68,4.67,49,0,18,22
14843,45056,9752,8413,1339,4109,4304,2.31,2.62,8413,501,2476,1633
14844,45062,288,277,11,250,27,2.48,3.19,277,26,107,143
14845,45064,1275,1231,44,1094,137,2.67,1.93,1231,28,704,390
14846,45065,2384,2133,251,1804,329,3.14,2.06,2133,30,1074,730
14847,45066,9578,9194,384,8128,1066,2.88,2.51,9194,129,5690,2438
14848,45067,5157,4897,260,3627,1270,2.90,3.44,4897,191,2745,882
14849,45068,4714,4475,239,3619,856,2.65,2.27,4475,129,2454,1165
14850,45069,21127,20251,876,15977,4274,2.80,2.21,20251,319,10979,4998
14851,45070,67,54,13,35,19,2.11,2.16,54,0,14,21
14852,45101,1026,798,228,473,325,2.71,1.88,798,88,140,333
14853,45102,9593,9190,403,6335,2855,2.69,2.34,9190,659,4547,1788
14854,45103,14446,13761,685,9434,4327,2.60,2.21,13761,548,6413,3021
14855,45105,62,62,0,0,62,-,-,62,0,0,0
14856,45106,4874,4444,430,3440,1004,2.59,2.56,4444,240,2154,1286
14857,45107,3874,3645,229,2552,1093,2.69,2.30,3645,168,1511,1041
14858,45111,143,143,0,138,5,2.37,1.80,143,0,85,53
14859,45112,45,13,32,11,2,2.91,2.50,13,1,4,7
14860,45113,1719,1573,146,1400,173,2.45,2.77,1573,58,895,505
14861,45115,121,121,0,80,41,2.03,1.93,121,32,40,40
14862,45118,1738,1384,354,1184,200,2.83,2.56,1384,51,886,298
14863,45119,0,0,0,0,0,-,-,0,0,0,0
14864,45120,1162,1067,95,668,399,2.53,2.38,1067,111,348,320
14865,45121,4040,3591,449,2480,1111,2.52,2.18,3591,483,1532,948
14866,45122,4543,4157,386,3526,631,2.77,2.70,4157,363,2524,1002
14867,45123,3878,3298,580,2166,1132,2.68,2.44,3298,254,1367,799
14868,45130,1596,1469,127,1197,272,2.98,1.89,1469,57,628,569
14869,45131,125,97,28,53,44,3.06,3.30,97,1,26,27
14870,45132,117,106,11,59,47,1.64,2.28,106,9,34,25
14871,45133,10660,9078,1582,6295,2783,2.63,2.29,9078,1044,3645,2650
14872,45135,2114,1975,139,1510,465,3.08,2.19,1975,73,1041,469
14873,45140,21821,21116,705,16437,4679,2.69,2.19,21116,538,11379,5058
14874,45142,1597,1518,79,1278,240,2.63,2.41,1518,46,895,383
14875,45144,1930,1517,413,1150,367,2.48,2.40,1517,99,593,557
14876,45146,463,425,38,325,100,2.96,3.16,425,1,235,90
14877,45147,82,82,0,58,24,3.47,1.63,82,0,52,6
14878,45148,685,662,23,505,157,2.79,2.19,662,7,280,225
14879,45150,13948,13560,388,10247,3313,2.56,2.00,13560,636,6886,3361
14880,45152,4993,4405,588,3905,500,3.19,2.40,4405,93,2732,1173
14881,45153,891,761,130,684,77,2.33,3.87,761,0,368,316
14882,45154,3325,3109,216,2184,925,2.95,2.42,3109,101,1283,901
14883,45155,179,150,29,115,35,3.62,2.09,150,8,49,66
14884,45156,30,18,12,18,0,4.33,-,18,3,8,10
14885,45157,3985,3821,164,3193,628,2.72,2.55,3821,180,2016,1177
14886,45158,335,297,38,232,65,2.56,3.60,297,12,87,145
14887,45159,1555,1454,101,1090,364,2.64,2.45,1454,103,720,370
14888,45160,361,316,45,70,246,2.69,1.77,316,124,45,25
14889,45162,1013,992,21,861,131,2.53,2.93,992,47,571,290
14890,45164,137,108,29,85,23,2.80,2.78,108,0,46,39
14891,45166,42,42,0,0,42,-,1.64,42,0,0,0
14892,45167,1762,1415,347,975,440,2.41,2.10,1415,91,515,460
14893,45168,575,545,30,433,112,2.33,2.57,545,10,234,199
14894,45169,1963,1750,213,1290,460,2.61,2.22,1750,96,731,559
14895,45171,2630,2144,486,1764,380,2.46,2.57,2144,114,1115,649
14896,45172,110,92,18,85,7,3.31,1.86,92,0,65,20
14897,45174,684,655,29,632,23,3.12,2.22,655,0,455,177
14898,45176,4190,3990,200,2759,1231,2.79,1.92,3990,183,1884,875
14899,45177,9720,9002,718,6098,2904,2.40,2.16,9002,451,3717,2381
14900,45202,11121,8867,2254,2125,6742,1.88,1.54,8867,1882,1574,551
14901,45203,1449,1293,156,400,893,1.84,2.21,1293,487,310,90
14902,45204,3479,2705,774,1123,1582,2.11,2.52,2705,430,632,491
14903,45205,8529,7080,1449,2557,4523,2.48,2.60,7080,1721,1153,1404
14904,45206,7385,6149,1236,2179,3970,1.84,1.48,6149,1562,1462,717
14905,45207,3073,2435,638,1171,1264,2.23,2.21,2435,603,796,375
14906,45208,8940,8426,514,5501,2925,2.47,1.55,8426,192,4085,1416
14907,45209,6586,6078,508,2319,3759,2.08,1.50,6078,357,1840,479
14908,45211,17384,15479,1905,7848,7631,2.55,2.19,15479,2383,5338,2510
14909,45212,10930,9756,1174,4245,5511,2.47,1.94,9756,1127,3046,1199
14910,45213,5893,5554,339,3309,2245,2.26,1.85,5554,328,2543,766
14911,45214,5379,4170,1209,920,3250,1.91,2.29,4170,1501,460,460
14912,45215,13959,12854,1105,7200,5654,2.54,2.19,12854,1187,4653,2547
14913,45216,4168,3612,556,1760,1852,2.43,2.61,3612,509,887,873
14914,45217,3081,2676,405,1654,1022,2.59,1.96,2676,418,970,684
14915,45218,1610,1503,107,1060,443,2.62,2.38,1503,106,704,356
14916,45219,7918,6761,1157,1148,5613,1.92,2.30,6761,1148,802,346
14917,45220,7216,6570,646,1918,4652,2.63,1.74,6570,1058,1320,598
14918,45223,6991,5652,1339,2390,3262,2.43,1.96,5652,995,1815,575
14919,45224,9934,9411,523,5555,3856,2.31,2.12,9411,1104,3839,1716
14920,45225,4905,4143,762,499,3644,2.19,2.31,4143,1787,202,297
14921,45226,3350,3036,314,1844,1192,2.32,1.41,3036,100,1209,635
14922,45227,9343,8712,631,4747,3965,2.36,1.88,8712,519,3221,1526
14923,45229,7798,6547,1251,2045,4502,2.34,1.97,6547,2329,1424,621
14924,45230,11972,11536,436,8514,3022,2.53,1.91,11536,586,6223,2291
14925,45231,18205,16877,1328,11971,4906,2.39,2.76,16877,1357,8242,3729
14926,45232,3334,3166,168,662,2504,2.24,2.63,3166,1069,344,318
14927,45233,5865,5583,282,4591,992,2.65,2.30,5583,289,2575,2016
14928,45236,12202,11371,831,7233,4138,2.30,1.72,11371,861,5133,2100
14929,45237,10601,9739,862,4795,4944,2.34,2.00,9739,1437,3231,1564
14930,45238,21213,19751,1462,11411,8340,2.64,2.16,19751,1905,8113,3298
14931,45239,12750,11945,805,7217,4728,2.61,2.16,11945,699,5340,1877
14932,45240,11025,10596,429,6302,4294,2.63,2.72,10596,548,4557,1745
14933,45241,10529,9900,629,7403,2497,2.44,2.00,9900,294,4668,2735
14934,45242,9376,8862,514,6860,2002,2.54,2.08,8862,303,4438,2422
14935,45243,6586,6167,419,5577,590,2.64,2.09,6167,78,3925,1652
14936,45244,10794,10376,418,8489,1887,2.83,2.17,10376,238,5957,2532
14937,45245,9030,8602,428,5408,3194,2.52,2.28,8602,339,3618,1790
14938,45246,6065,5705,360,3117,2588,2.44,2.22,5705,538,2104,1013
14939,45247,9744,9311,433,7522,1789,2.55,2.23,9311,359,4764,2758
14940,45248,9711,9420,291,8213,1207,2.54,2.51,9420,252,5583,2630
14941,45249,5795,5541,254,3609,1932,2.82,2.04,5541,176,2508,1101
14942,45251,8650,8113,537,6118,1995,2.49,2.82,8113,581,4124,1994
14943,45252,2074,1981,93,1843,138,2.41,4.90,1981,18,942,901
14944,45255,9621,9229,392,6096,3133,2.56,1.92,9229,652,3671,2425
14945,45267,0,0,0,0,0,-,-,0,0,0,0
14946,45301,78,78,0,78,0,3.54,-,78,0,38,40
14947,45302,1631,1545,86,1270,275,3.02,2.76,1545,18,902,368
14948,45303,966,906,60,660,246,2.38,2.59,906,10,356,304
14949,45304,2886,2720,166,2144,576,2.80,2.29,2720,82,1298,846
14950,45305,4545,4497,48,3501,996,2.52,2.20,4497,83,2571,930
14951,45306,938,827,111,640,187,2.91,2.36,827,32,360,280
14952,45307,129,115,14,64,51,2.17,3.14,115,1,46,18
14953,45308,1779,1627,152,1231,396,2.81,2.96,1627,65,749,482
14954,45309,4930,4710,220,3587,1123,2.62,1.89,4710,233,2276,1311
14955,45310,88,83,5,76,7,2.72,1.57,83,0,39,37
14956,45311,2751,2360,391,1837,523,2.66,2.72,2360,72,1009,828
14957,45312,461,424,37,372,52,2.50,2.65,424,16,237,135
14958,45314,1378,1275,103,938,337,3.06,2.59,1275,49,678,260
14959,45315,1883,1768,115,1496,272,2.26,2.00,1768,84,1037,459
14960,45316,64,50,14,34,16,2.85,1.94,50,0,26,8
14961,45317,446,402,44,338,64,2.45,3.92,402,9,140,198
14962,45318,2433,2181,252,1689,492,2.47,2.04,2181,87,895,794
14963,45319,129,115,14,91,24,2.79,2.46,115,16,75,16
14964,45320,6945,6501,444,4928,1573,2.41,2.12,6501,479,2944,1984
14965,45321,465,430,35,356,74,2.67,2.57,430,26,223,133
14966,45322,9647,9164,483,6751,2413,2.46,1.99,9164,315,4333,2418
14967,45323,2223,2150,73,1778,372,2.42,2.17,2150,35,1174,604
14968,45324,19283,17681,1602,8930,8751,2.25,2.13,17681,997,5269,3661
14969,45325,1055,1024,31,965,59,2.45,2.69,1024,19,563,402
14970,45326,503,491,12,407,84,2.68,2.67,491,5,275,132
14971,45327,3890,3537,353,3039,498,2.64,1.89,3537,153,2122,917
14972,45328,197,177,20,108,69,3.25,3.04,177,2,69,39
14973,45330,380,340,40,262,78,2.50,2.35,340,8,138,124
14974,45331,10488,9630,858,6346,3284,2.40,2.05,9630,583,3463,2883
14975,45332,259,241,18,195,46,2.84,2.41,241,8,112,83
14976,45333,505,482,23,380,102,3.50,3.65,482,3,306,74
14977,45334,892,862,30,553,309,2.34,2.45,862,61,288,265
14978,45335,3005,2833,172,2269,564,2.51,2.21,2833,61,1651,618
14979,45336,38,34,4,30,4,2.43,3.00,34,0,25,5
14980,45337,699,666,33,568,98,2.77,3.09,666,2,378,190
14981,45338,1993,1929,64,1458,471,2.41,2.62,1929,84,819,639
14982,45339,501,470,31,379,91,2.49,2.63,470,11,235,144
14983,45340,146,139,7,135,4,2.35,2.25,139,0,34,101
14984,45341,1775,1672,103,1340,332,2.13,2.65,1672,34,577,763
14985,45342,15778,14681,1097,8962,5719,2.63,2.14,14681,636,5872,3090
14986,45344,7003,6559,444,5103,1456,2.51,2.53,6559,194,3272,1831
14987,45345,2708,2571,137,1984,587,2.34,3.10,2571,81,1356,628
14988,45346,972,918,54,647,271,2.21,2.81,918,10,348,299
14989,45347,1985,1735,250,1348,387,2.22,2.53,1735,98,735,613
14990,45348,312,250,62,208,42,3.31,3.10,250,1,70,138
14991,45349,121,117,4,90,27,2.33,3.85,117,0,55,35
14992,45350,27,22,5,21,1,2.76,-,22,0,17,4
14993,45351,122,117,5,96,21,3.32,1.29,117,6,49,47
14994,45352,103,91,12,58,33,2.14,2.82,91,1,9,49
14995,45353,60,60,0,54,6,2.83,7.33,60,0,34,20
14996,45354,352,267,85,192,75,2.51,2.33,267,11,140,52
14997,45356,11629,10502,1127,7014,3488,2.39,2.22,10502,648,4769,2245
14998,45358,157,126,31,103,23,2.34,2.57,126,0,59,44
14999,45359,735,694,41,545,149,2.75,2.70,694,18,321,224
15000,45360,249,202,47,158,44,2.03,2.66,202,2,69,89
15001,45361,104,104,0,75,29,2.64,3.59,104,2,49,26
15002,45362,567,501,66,432,69,2.42,2.45,501,14,221,211
15003,45363,609,600,9,514,86,2.90,2.17,600,0,262,252
15004,45365,12680,11557,1123,7656,3901,2.51,2.50,11557,515,4650,3006
15005,45368,1875,1782,93,1235,547,2.55,1.94,1782,91,698,537
15006,45369,1689,1638,51,1427,211,2.55,2.56,1638,40,825,602
15007,45370,1088,1044,44,912,132,3.15,1.55,1044,94,650,262
15008,45371,9185,8898,287,6719,2179,2.63,2.01,8898,162,4355,2364
15009,45372,143,132,11,85,47,2.27,2.26,132,0,47,38
15010,45373,15586,14377,1209,10308,4069,2.68,2.24,14377,770,7964,2344
15011,45377,6545,6287,258,3942,2345,2.50,1.97,6287,275,2743,1199
15012,45378,219,200,19,178,22,2.40,3.18,200,5,97,81
15013,45380,2376,2257,119,1777,480,2.71,1.97,2257,44,828,949
15014,45381,2379,2308,71,1890,418,2.42,2.66,2308,102,1095,795
15015,45382,454,412,42,329,83,2.50,3.65,412,6,223,106
15016,45383,2841,2724,117,1975,749,2.29,2.42,2724,153,1022,953
15017,45384,304,240,64,210,30,2.49,4.17,240,8,95,115
15018,45385,16956,15670,1286,10903,4767,2.53,2.22,15670,1045,7231,3672
15019,45387,2678,2586,92,1865,721,2.11,1.85,2586,117,990,875
15020,45388,226,221,5,198,23,3.33,3.96,221,1,119,79
15021,45389,243,203,40,160,43,2.41,2.63,203,2,84,76
15022,45390,1355,1193,162,829,364,2.67,2.59,1193,112,445,384
15023,45402,6378,4544,1834,1622,2922,2.03,1.99,4544,1100,840,782
15024,45403,7553,6118,1435,2228,3890,2.26,2.14,6118,1553,942,1286
15025,45404,4590,3901,689,1621,2280,2.56,2.88,3901,511,681,940
15026,45405,11793,8890,2903,2960,5930,2.21,2.10,8890,1779,1728,1232
15027,45406,10886,8855,2031,4266,4589,2.17,2.25,8855,1593,2193,2073
15028,45409,3411,2902,509,1998,904,2.43,2.10,2902,187,1421,577
15029,45410,7944,7020,924,3151,3869,2.38,2.27,7020,1154,1737,1414
15030,45414,10028,9517,511,6177,3340,2.22,1.98,9517,1369,3550,2627
15031,45415,5975,5770,205,3810,1960,2.35,1.98,5770,202,2830,980
15032,45416,2251,1930,321,1286,644,2.13,2.77,1930,95,688,598
15033,45417,15264,11451,3813,6277,5174,1.98,2.64,11451,2044,2583,3694
15034,45419,7436,7010,426,4776,2234,2.52,1.89,7010,323,3412,1364
15035,45420,12385,11579,806,6839,4740,2.14,2.01,11579,1025,4494,2345
15036,45423,0,0,0,0,0,-,-,0,0,0,0
15037,45424,21318,20219,1099,15323,4896,2.45,2.65,20219,819,10561,4762
15038,45426,7579,6566,1013,3376,3190,2.02,2.14,6566,1130,2183,1193
15039,45428,0,0,0,0,0,-,-,0,0,0,0
15040,45429,12808,12085,723,8449,3636,2.31,1.88,12085,795,5480,2969
15041,45430,3035,2976,59,2377,599,2.41,1.82,2976,87,1566,811
15042,45431,13057,11912,1145,6476,5436,2.29,2.17,11912,418,4223,2253
15043,45432,6570,6313,257,4664,1649,2.34,2.28,6313,269,2939,1725
15044,45433,419,402,17,4,398,4.75,3.18,402,0,0,4
15045,45434,4717,4569,148,4287,282,2.73,2.34,4569,19,2934,1353
15046,45435,0,0,0,0,0,-,-,0,0,0,0
15047,45439,5114,4638,476,2449,2189,2.76,2.38,4638,420,1637,812
15048,45440,10001,9355,646,5964,3391,2.54,2.10,9355,603,3618,2346
15049,45449,9133,8478,655,5286,3192,2.15,2.27,8478,360,3234,2052
15050,45458,15360,14502,858,10954,3548,2.59,2.23,14502,277,7476,3478
15051,45459,13609,12712,897,8948,3764,2.26,1.77,12712,735,5201,3747
15052,45469,14,5,9,0,5,-,4.80,5,0,0,0
15053,45501,0,0,0,0,0,-,-,0,0,0,0
15054,45502,7285,6886,399,6073,813,2.47,2.36,6886,279,3740,2333
15055,45503,15557,14121,1436,8512,5609,2.42,2.05,14121,1175,5286,3226
15056,45504,7013,6127,886,4347,1780,2.43,2.36,6127,239,2702,1645
15057,45505,9368,7960,1408,3941,4019,2.46,2.62,7960,882,2349,1592
15058,45506,6496,5593,903,3305,2288,2.47,2.36,5593,830,2039,1266
15059,45601,23432,21554,1878,14935,6619,2.51,2.08,21554,1513,7743,7192
15060,45612,2155,1791,364,1442,349,2.41,2.25,1791,174,735,707
15061,45613,1500,1217,283,945,272,2.56,2.24,1217,106,331,614
15062,45614,2111,1564,547,1316,248,2.98,2.85,1564,119,714,602
15063,45616,831,657,174,527,130,2.36,3.69,657,69,108,419
15064,45617,0,0,0,0,0,-,-,0,0,0,0
15065,45618,0,0,0,0,0,-,-,0,0,0,0
15066,45619,3554,2904,650,2211,693,2.71,1.94,2904,122,1180,1031
15067,45620,308,277,31,226,51,2.62,1.98,277,6,107,119
15068,45621,227,179,48,127,52,2.22,2.06,179,18,39,88
15069,45622,114,114,0,114,0,2.86,-,114,0,16,98
15070,45623,1350,1175,175,1033,142,2.86,3.20,1175,67,439,594
15071,45624,0,0,0,0,0,-,-,0,0,0,0
15072,45628,2302,2097,205,1673,424,2.55,2.63,2097,128,1065,608
15073,45629,1287,1013,274,818,195,2.60,2.27,1013,62,364,454
15074,45630,164,164,0,114,50,2.32,3.92,164,19,43,71
15075,45631,6875,5976,899,4262,1714,2.21,2.17,5976,561,2019,2243
15076,45634,865,726,139,541,185,2.63,2.26,726,79,204,337
15077,45636,116,87,29,44,43,2.75,3.49,87,0,36,8
15078,45638,9256,7954,1302,5422,2532,2.72,2.35,7954,625,2884,2538
15079,45640,6849,6026,823,4364,1662,2.61,2.47,6026,317,2204,2160
15080,45642,0,0,0,0,0,-,-,0,0,0,0
15081,45644,2166,1968,198,1252,716,2.74,1.63,1968,309,698,554
15082,45645,1209,1085,124,945,140,2.79,2.34,1085,0,303,642
15083,45646,182,159,23,159,0,3.77,-,159,0,17,142
15084,45647,1256,1132,124,957,175,2.61,1.78,1132,43,439,518
15085,45648,4776,3994,782,3144,850,2.99,2.23,3994,283,1365,1779
15086,45650,244,159,85,146,13,2.71,1.92,159,0,59,87
15087,45651,2251,1937,314,1250,687,2.72,2.70,1937,55,782,468
15088,45652,1638,1404,234,1195,209,2.54,2.04,1404,15,499,696
15089,45653,1491,1255,236,932,323,2.83,2.54,1255,65,422,510
15090,45654,478,407,71,324,83,2.18,2.16,407,27,166,158
15091,45656,3221,2540,681,2088,452,2.73,2.28,2540,216,845,1243
15092,45657,1206,691,515,555,136,2.24,1.85,691,4,190,365
15093,45658,1170,881,289,813,68,3.17,2.24,881,39,345,468
15094,45659,1219,959,260,802,157,2.78,3.25,959,45,324,478
15095,45660,3357,2797,560,1960,837,2.56,2.98,2797,271,1031,929
15096,45661,2818,2505,313,1557,948,2.79,2.63,2505,119,895,662
15097,45662,12727,11002,1725,5703,5299,2.39,2.36,11002,1336,2395,3308
15098,45663,3037,2684,353,1961,723,2.32,2.49,2684,137,1038,923
15099,45669,4480,3984,496,3191,793,2.55,2.02,3984,232,1585,1606
15100,45671,189,102,87,97,5,3.37,4.20,102,1,27,70
15101,45672,563,487,76,487,0,2.57,-,487,51,214,273
15102,45673,144,144,0,68,76,1.79,2.83,144,0,24,44
15103,45674,244,189,55,89,100,3.69,3.01,189,24,63,26
15104,45677,20,20,0,20,0,2.80,-,20,0,0,20
15105,45678,490,446,44,257,189,2.46,2.22,446,42,88,169
15106,45679,1224,1061,163,774,287,2.55,2.72,1061,32,320,454
15107,45680,5619,4684,935,2971,1713,2.73,2.42,4684,218,1527,1444
15108,45681,704,627,77,500,127,2.55,2.38,627,4,285,215
15109,45682,1173,936,237,745,191,2.12,2.09,936,12,253,492
15110,45684,916,714,202,623,91,2.42,3.48,714,21,268,355
15111,45685,468,398,70,295,103,4.40,3.20,398,19,130,165
15112,45686,1649,1330,319,1015,315,2.66,3.13,1330,114,335,680
15113,45688,208,149,59,106,43,2.23,1.67,149,13,39,67
15114,45690,6322,5597,725,3644,1953,2.55,2.30,5597,201,1819,1825
15115,45692,3733,3283,450,2401,882,2.71,2.00,3283,179,1188,1213
15116,45693,3977,3194,783,2298,896,2.79,2.53,3194,410,1343,955
15117,45694,5435,4667,768,3626,1041,2.65,2.70,4667,102,1757,1869
15118,45695,414,301,113,215,86,2.60,2.38,301,0,96,119
15119,45696,512,462,50,373,89,1.70,1.19,462,11,84,289
15120,45697,2350,2048,302,1650,398,3.02,2.65,2048,82,1049,601
15121,45698,224,182,42,180,2,2.54,-,182,2,75,105
15122,45699,0,0,0,0,0,-,-,0,0,0,0
15123,45701,12964,11093,1871,5640,5453,2.46,2.40,11093,705,3146,2494
15124,45710,2423,2178,245,1670,508,2.38,2.24,2178,62,777,893
15125,45711,482,412,70,341,71,2.35,3.35,412,10,139,202
15126,45714,4568,4078,490,2854,1224,2.38,1.91,4078,112,1593,1261
15127,45715,1131,956,175,631,325,2.58,2.33,956,49,248,383
15128,45716,208,181,27,135,46,2.24,3.35,181,16,57,78
15129,45719,380,332,48,178,154,2.15,2.35,332,28,79,99
15130,45720,0,0,0,0,0,-,-,0,0,0,0
15131,45721,12,12,0,12,0,2.75,-,12,0,0,12
15132,45723,1852,1454,398,1226,228,2.46,2.45,1454,82,630,596
15133,45724,1022,979,43,790,189,2.51,2.10,979,25,376,414
15134,45727,281,241,40,223,18,3.19,3.89,241,11,126,97
15135,45729,698,680,18,677,3,2.81,2.00,680,0,329,348
15136,45732,2301,1732,569,1294,438,2.68,1.92,1732,149,591,703
15137,45734,241,159,82,127,32,2.15,1.47,159,40,24,103
15138,45735,776,653,123,605,48,2.26,1.65,653,19,236,369
15139,45739,26,13,13,13,0,3.46,-,13,0,13,0
15140,45740,173,146,27,111,35,1.96,2.97,146,4,28,83
15141,45741,295,217,78,217,0,1.90,-,217,38,63,154
15142,45742,1267,1196,71,1099,97,2.80,1.63,1196,33,462,637
15143,45743,634,472,162,407,65,2.73,1.66,472,10,258,149
15144,45744,1290,955,335,855,100,2.42,2.67,955,23,338,517
15145,45745,645,510,135,352,158,2.66,2.73,510,29,159,193
15146,45746,151,102,49,67,35,2.67,2.29,102,6,24,43
15147,45750,12577,11087,1490,7653,3434,2.35,2.11,11087,867,3606,4047
15148,45760,1765,1494,271,1106,388,2.53,2.16,1494,233,442,664
15149,45761,821,737,84,555,182,1.87,1.59,737,15,128,427
15150,45764,3374,2630,744,1533,1097,2.84,2.21,2630,210,860,673
15151,45766,562,471,91,343,128,2.93,1.45,471,55,238,105
15152,45767,1482,956,526,650,306,3.02,2.48,956,65,182,468
15153,45768,786,626,160,521,105,2.64,2.09,626,14,193,328
15154,45769,2948,2246,702,1676,570,2.83,2.50,2246,146,660,1016
15155,45770,386,349,37,277,72,2.96,1.26,349,57,100,177
15156,45771,1674,1455,219,1040,415,2.39,2.60,1455,86,420,620
15157,45772,698,537,161,407,130,2.98,1.72,537,13,203,204
15158,45773,76,44,32,44,0,3.23,-,44,0,44,0
15159,45775,808,700,108,683,17,2.75,2.65,700,32,189,494
15160,45776,331,331,0,294,37,2.89,1.24,331,9,59,235
15161,45778,363,329,34,203,126,2.58,3.27,329,12,99,104
15162,45779,402,342,60,271,71,2.20,2.32,342,18,118,153
15163,45780,1706,1535,171,824,711,1.93,1.50,1535,175,216,608
15164,45782,158,125,33,72,53,4.26,2.40,125,0,17,55
15165,45783,114,114,0,58,56,3.10,-,114,56,47,11
15166,45784,1552,1404,148,1137,267,2.48,2.04,1404,154,587,550
15167,45786,1253,1123,130,1006,117,2.54,2.05,1123,26,404,602
15168,45788,352,290,62,255,35,3.57,2.63,290,0,102,153
15169,45789,101,61,40,56,5,2.54,-,61,0,0,56
15170,45801,9391,8464,927,4600,3864,2.44,2.22,8464,1203,2794,1806
15171,45804,7272,6175,1097,3396,2779,2.11,2.70,6175,791,1553,1843
15172,45805,10317,9538,779,6011,3527,2.43,2.32,9538,620,3685,2326
15173,45806,4867,4440,427,3574,866,2.61,2.08,4440,229,2379,1195
15174,45807,5028,4747,281,3738,1009,2.58,2.10,4747,170,2473,1265
15175,45808,190,153,37,124,29,2.44,2.83,153,5,103,21
15176,45809,60,32,28,25,7,2.36,3.43,32,0,15,10
15177,45810,2885,2428,457,1557,871,2.44,2.15,2428,80,880,677
15178,45812,903,727,176,554,173,2.70,2.19,727,88,258,296
15179,45813,1518,1352,166,1119,233,2.73,2.07,1352,56,612,507
15180,45814,1175,1069,106,872,197,2.62,2.03,1069,39,502,370
15181,45815,49,29,20,27,2,3.26,1.50,29,0,10,17
15182,45816,199,197,2,170,27,3.05,2.74,197,13,108,62
15183,45817,2566,2468,98,2027,441,2.39,2.35,2468,49,1153,874
15184,45819,115,106,9,68,38,2.37,2.89,106,2,44,24
15185,45820,247,231,16,190,41,2.94,4.02,231,3,93,97
15186,45821,369,348,21,315,33,2.23,1.30,348,3,155,160
15187,45822,9678,8059,1619,5908,2151,2.42,2.22,8059,344,3184,2724
15188,45826,129,120,9,100,20,2.55,2.10,120,1,33,67
15189,45827,897,822,75,797,25,2.45,1.84,822,23,396,401
15190,45828,2328,2328,0,1970,358,3.04,2.12,2328,71,1122,848
15191,45830,2173,2081,92,1834,247,2.57,2.54,2081,10,1037,797
15192,45831,1484,1388,96,1227,161,2.76,2.02,1388,58,700,527
15193,45832,1307,1188,119,971,217,2.52,3.35,1188,57,518,453
15194,45833,4619,4431,188,3335,1096,2.52,2.08,4431,237,1783,1552
15195,45835,224,207,17,194,13,2.29,2.23,207,9,125,69
15196,45836,651,607,44,507,100,2.33,2.17,607,16,327,180
15197,45838,49,45,4,43,2,2.26,1.50,45,0,31,12
15198,45840,24760,22985,1775,14781,8204,2.50,1.94,22985,1213,9236,5545
15199,45841,489,419,70,332,87,2.41,1.56,419,10,158,174
15200,45843,1555,1440,115,1149,291,2.68,2.25,1440,18,561,588
15201,45844,1199,1130,69,991,139,2.54,2.06,1130,19,482,509
15202,45845,1206,1159,47,1021,138,2.74,1.94,1159,17,532,489
15203,45846,1589,1529,60,1387,142,3.01,1.98,1529,62,681,706
15204,45848,45,45,0,42,3,2.29,-,45,0,29,13
15205,45849,454,348,106,279,69,2.67,3.58,348,3,126,153
15206,45850,1281,1239,42,1104,135,3.03,2.27,1239,19,697,407
15207,45851,248,233,15,191,42,2.57,3.14,233,7,87,104
15208,45853,615,597,18,468,129,2.69,1.96,597,5,343,125
15209,45854,183,153,30,94,59,2.59,2.36,153,19,70,24
15210,45855,58,54,4,41,13,2.76,3.92,54,0,18,23
15211,45856,1976,1885,91,1555,330,2.69,2.51,1885,77,825,730
15212,45858,1068,1042,26,794,248,2.55,2.08,1042,47,515,279
15213,45859,233,208,25,178,30,2.39,2.30,208,12,86,92
15214,45860,833,833,0,629,204,3.50,2.10,833,0,343,286
15215,45861,173,139,34,126,13,3.29,-,139,8,39,87
15216,45862,690,661,29,571,90,2.26,2.23,661,4,214,357
15217,45863,577,513,64,467,46,2.39,2.57,513,7,287,180
15218,45864,77,70,7,66,4,2.35,1.50,70,1,36,30
15219,45865,2325,2077,248,1770,307,2.72,2.25,2077,58,874,896
15220,45866,80,58,22,45,13,1.84,1.23,58,1,30,15
15221,45867,478,448,30,393,55,2.29,2.40,448,7,194,199
15222,45868,275,273,2,239,34,3.34,3.09,273,8,177,62
15223,45869,1862,1773,89,1549,224,2.64,1.68,1773,63,786,763
15224,45870,122,108,14,108,0,4.14,-,108,0,80,28
15225,45871,757,711,46,531,180,2.57,2.68,711,2,300,231
15226,45872,1871,1782,89,1251,531,2.32,2.59,1782,144,716,535
15227,45873,1001,873,128,669,204,2.25,2.11,873,44,375,294
15228,45874,1013,941,72,841,100,2.44,2.52,941,32,452,389
15229,45875,4242,4056,186,3437,619,2.80,2.42,4056,99,2145,1292
15230,45876,422,413,9,350,63,2.43,2.03,413,8,212,138
15231,45877,1006,977,29,758,219,2.41,1.88,977,7,437,321
15232,45879,2854,2506,348,1910,596,2.43,2.27,2506,151,995,915
15233,45880,1085,1013,72,842,171,2.91,2.62,1013,26,498,344
15234,45881,697,664,33,585,79,2.18,3.52,664,104,283,302
15235,45882,1185,1023,162,869,154,2.84,1.46,1023,63,466,403
15236,45883,1184,1144,40,1030,114,3.51,1.99,1144,23,517,513
15237,45884,75,49,26,39,10,3.15,4.30,49,0,10,29
15238,45885,5641,5457,184,4144,1313,2.43,1.95,5457,199,2624,1520
15239,45886,239,232,7,182,50,2.73,1.40,232,19,132,50
15240,45887,1910,1748,162,1305,443,2.40,2.50,1748,146,702,603
15241,45888,156,156,0,128,28,2.04,-,156,0,13,115
15242,45889,614,569,45,544,25,2.76,2.92,569,19,392,152
15243,45890,362,343,19,270,73,2.68,2.52,343,2,157,113
15244,45891,6729,6183,546,4558,1625,2.46,2.37,6183,372,2745,1813
15245,45893,126,126,0,116,10,1.36,4.30,126,13,64,52
15246,45894,311,281,30,254,27,2.61,3.67,281,0,126,128
15247,45895,7752,7410,342,5440,1970,2.39,2.34,7410,363,3112,2328
15248,45896,825,749,76,573,176,2.80,1.69,749,12,295,278
15249,45897,25,25,0,25,0,3.76,-,25,0,11,14
15250,45898,419,355,64,302,53,2.01,2.79,355,7,121,181
15251,45899,100,79,21,65,14,2.45,2.07,79,3,25,40
15252,46001,4888,4011,877,3108,903,2.52,2.44,4011,286,1979,1129
15253,46011,7507,6935,572,5537,1398,2.52,2.47,6935,380,3715,1822
15254,46012,9525,8579,946,5767,2812,2.26,2.04,8579,369,3424,2343
15255,46013,8943,7881,1062,4993,2888,2.14,1.98,7881,478,2963,2030
15256,46016,9271,6816,2455,2746,4070,2.93,2.36,6816,1302,1355,1391
15257,46017,2536,2413,123,1852,561,2.17,2.80,2413,90,1127,725
15258,46030,1281,1122,159,855,267,2.63,2.75,1122,27,619,236
15259,46031,842,727,115,573,154,2.76,2.34,727,62,366,207
15260,46032,21415,19911,1504,13401,6510,2.81,1.91,19911,679,9657,3744
15261,46033,14853,14444,409,12502,1942,2.87,2.12,14444,228,8751,3751
15262,46034,2960,2854,106,2276,578,2.33,2.88,2854,7,1335,941
15263,46035,469,437,32,369,68,3.11,3.18,437,9,257,112
15264,46036,5275,4479,796,3205,1274,2.66,2.19,4479,153,1826,1379
15265,46037,16614,16129,485,13238,2891,2.86,2.56,16129,195,10564,2674
15266,46038,16971,16229,742,11450,4779,2.75,2.41,16229,436,8858,2592
15267,46039,253,233,20,206,27,2.81,2.89,233,0,80,126
15268,46040,5639,5446,193,4704,742,2.78,2.51,5446,191,3620,1084
15269,46041,9679,8704,975,5997,2707,2.74,2.35,8704,597,3697,2300
15270,46044,1229,1157,72,950,207,2.37,3.43,1157,23,534,416
15271,46045,19,19,0,19,0,2.26,-,19,0,2,17
15272,46047,18,18,0,0,18,-,2.67,18,0,0,0
15273,46048,859,785,74,645,140,2.92,2.53,785,31,421,224
15274,46049,584,469,115,416,53,2.54,1.32,469,0,211,205
15275,46050,916,739,177,590,149,2.76,3.00,739,52,325,265
15276,46051,1213,1191,22,907,284,2.39,2.51,1191,5,575,332
15277,46052,10068,9452,616,7020,2432,2.44,2.26,9452,369,5058,1962
15278,46055,5375,5249,126,4568,681,2.81,1.95,5249,55,3677,891
15279,46056,925,859,66,764,95,2.87,2.49,859,19,547,217
15280,46057,436,421,15,330,91,2.71,3.03,421,1,161,169
15281,46058,807,760,47,660,100,2.41,2.39,760,35,419,241
15282,46060,18315,17212,1103,12026,5186,2.92,2.23,17212,311,9320,2706
15283,46062,13564,12928,636,10529,2399,2.90,2.06,12928,243,8177,2352
15284,46063,164,138,26,84,54,2.58,2.69,138,3,33,51
15285,46064,5710,5322,388,4360,962,2.73,2.34,5322,44,3133,1227
15286,46065,1193,1066,127,820,246,3.18,2.70,1066,49,517,303
15287,46068,1099,1045,54,967,78,2.68,2.56,1045,14,611,356
15288,46069,2980,2868,112,2229,639,2.42,2.19,2868,78,1411,818
15289,46070,909,835,74,685,150,2.65,3.36,835,63,419,266
15290,46071,1414,1308,106,1137,171,2.58,2.55,1308,17,734,403
15291,46072,4013,3708,305,2866,842,2.35,2.05,3708,47,1827,1039
15292,46074,14947,14376,571,11858,2518,2.93,2.54,14376,171,9299,2559
15293,46075,2640,2489,151,1957,532,3.28,2.61,2489,0,1738,219
15294,46076,652,547,105,440,107,2.74,2.66,547,9,205,235
15295,46077,12258,11609,649,9816,1793,2.98,2.03,11609,119,7813,2003
15296,46102,176,156,20,127,29,2.52,2.66,156,1,87,40
15297,46103,124,119,5,94,25,2.82,4.84,119,5,72,22
15298,46104,375,375,0,355,20,2.36,4.50,375,0,173,182
15299,46105,844,732,112,597,135,2.56,2.38,732,2,428,169
15300,46106,3314,3122,192,2679,443,2.93,2.37,3122,16,1921,758
15301,46107,5773,5163,610,3283,1880,2.78,2.01,5163,156,2454,829
15302,46110,225,225,0,225,0,3.92,-,225,0,113,112
15303,46111,189,162,27,129,33,2.76,2.39,162,0,88,41
15304,46112,14969,14366,603,11504,2862,2.97,2.17,14366,291,8787,2717
15305,46113,6309,6084,225,4838,1246,2.62,2.50,6084,262,3799,1039
15306,46115,735,638,97,464,174,2.59,3.36,638,38,280,184
15307,46117,256,211,45,123,88,2.85,1.84,211,44,88,35
15308,46118,2007,1852,155,1517,335,2.38,2.62,1852,3,1113,404
15309,46120,2777,2487,290,1846,641,2.46,1.68,2487,56,1063,783
15310,46121,2141,1818,323,1629,189,2.65,3.56,1818,43,1120,509
15311,46122,6155,5876,279,4658,1218,2.80,2.29,5876,247,3437,1221
15312,46123,15920,15114,806,11817,3297,2.88,2.07,15114,242,8951,2866
15313,46124,3243,3049,194,2027,1022,2.75,2.28,3049,151,1318,709
15314,46125,16,16,0,16,0,2.75,-,16,0,16,0
15315,46126,1789,1669,120,1346,323,2.19,2.72,1669,27,743,603
15316,46127,123,123,0,60,63,3.75,2.06,123,0,30,30
15317,46128,906,833,73,738,95,2.11,1.66,833,7,528,210
15318,46130,924,916,8,845,71,2.92,3.27,916,25,620,225
15319,46131,12736,11907,829,8471,3436,2.81,2.51,11907,439,6283,2188
15320,46133,439,381,58,313,68,2.29,2.56,381,2,206,107
15321,46135,7150,6591,559,4269,2322,2.26,2.10,6591,357,2400,1869
15322,46140,16954,16570,384,12068,4502,2.57,2.14,16570,482,8239,3829
15323,46142,14107,13485,622,9437,4048,2.76,2.14,13485,265,6296,3141
15324,46143,22801,21861,940,15634,6227,2.73,2.30,21861,715,11681,3953
15325,46144,146,122,24,110,12,3.37,1.75,122,0,94,16
15326,46146,96,96,0,19,77,2.37,3.91,96,0,10,9
15327,46147,1077,983,94,823,160,2.85,2.15,983,12,644,179
15328,46148,2254,2008,246,1524,484,2.80,2.46,2008,48,1060,464
15329,46149,751,740,11,666,74,3.23,2.41,740,0,488,178
15330,46150,344,327,17,258,69,2.64,2.58,327,0,199,59
15331,46151,13065,11951,1114,9550,2401,2.69,2.48,11951,402,6266,3284
15332,46154,151,151,0,137,14,1.76,12.29,151,14,137,0
15333,46155,88,88,0,38,50,1.68,3.00,88,0,38,0
15334,46156,534,464,70,369,95,2.00,1.98,464,27,188,181
15335,46157,1402,1270,132,1086,184,2.94,2.85,1270,0,902,184
15336,46158,9668,9057,611,7312,1745,2.73,2.38,9057,310,4952,2360
15337,46160,2908,2565,343,2188,377,2.58,2.31,2565,24,1466,722
15338,46161,835,796,39,636,160,2.49,2.61,796,41,438,198
15339,46162,167,167,0,167,0,1.91,-,167,0,128,39
15340,46163,5205,5092,113,4709,383,2.79,2.15,5092,40,3652,1057
15341,46164,2645,1627,1018,1572,55,2.60,2.27,1627,14,1101,471
15342,46165,844,731,113,627,104,2.81,2.85,731,18,454,173
15343,46166,1102,944,158,728,216,2.79,2.75,944,14,495,233
15344,46167,2694,2606,88,2511,95,2.76,2.34,2606,36,1917,594
15345,46168,14485,13973,512,9254,4719,2.70,2.21,13973,668,6730,2524
15346,46170,0,0,0,0,0,-,-,0,0,0,0
15347,46171,858,798,60,774,24,2.72,1.54,798,7,519,255
15348,46172,1083,926,157,747,179,2.56,2.09,926,23,387,360
15349,46173,4601,4050,551,2667,1383,2.49,2.33,4050,195,1655,1012
15350,46175,285,200,85,165,35,2.45,5.26,200,25,107,58
15351,46176,12685,11536,1149,7641,3895,2.47,2.33,11536,675,5227,2414
15352,46180,412,362,50,341,21,2.22,1.43,362,0,151,190
15353,46181,1934,1858,76,1656,202,2.86,2.06,1858,86,1127,529
15354,46182,786,695,91,554,141,2.49,2.03,695,10,326,228
15355,46183,0,0,0,0,0,-,-,0,0,0,0
15356,46184,4879,4554,325,3933,621,2.78,2.58,4554,0,2861,1072
15357,46186,796,764,32,723,41,2.28,3.44,764,0,446,277
15358,46201,17458,13652,3806,5741,7911,2.30,2.23,13652,2725,3428,2313
15359,46202,11872,10289,1583,2995,7294,2.19,1.73,10289,1339,2034,961
15360,46203,18536,15047,3489,8485,6562,2.56,2.56,15047,1606,5628,2857
15361,46204,5658,5058,600,1063,3995,1.39,1.52,5058,680,874,189
15362,46205,14386,11919,2467,6204,5715,2.61,2.04,11919,1263,4605,1599
15363,46206,0,0,0,0,0,-,-,0,0,0,0
15364,46208,11782,8843,2939,4491,4352,2.35,2.15,8843,1210,2769,1722
15365,46214,11355,10101,1254,4794,5307,2.56,1.96,10101,822,3547,1247
15366,46216,1306,1274,32,336,938,1.90,1.67,1274,169,308,28
15367,46217,13781,13545,236,10317,3228,2.93,2.72,13545,356,7630,2687
15368,46218,15767,12795,2972,5869,6926,2.24,2.29,12795,2265,2411,3458
15369,46219,17388,15848,1540,9158,6690,2.41,2.32,15848,1775,6035,3123
15370,46220,17489,16775,714,10583,6192,2.38,1.83,16775,515,7487,3096
15371,46221,11326,10008,1318,6284,3724,2.84,2.44,10008,1017,4236,2048
15372,46222,15491,12834,2657,5321,7513,2.84,2.90,12834,1498,2927,2394
15373,46224,16941,15314,1627,5848,9466,2.70,2.48,15314,1174,4105,1743
15374,46225,3230,2158,1072,1062,1096,2.55,1.96,2158,368,603,459
15375,46226,21235,18971,2264,8155,10816,2.58,2.19,18971,2222,5055,3100
15376,46227,25738,23132,2606,10986,12146,2.69,2.14,23132,2241,7511,3475
15377,46228,6120,5724,396,4589,1135,2.98,2.81,5724,265,3196,1393
15378,46229,12361,11418,943,7025,4393,2.56,2.29,11418,683,5052,1973
15379,46231,3579,3463,116,2853,610,3.17,2.78,3463,20,2135,718
15380,46234,10559,10091,468,8272,1819,2.70,2.60,10091,383,5561,2711
15381,46235,14214,12194,2020,6013,6181,3.07,2.46,12194,1568,4486,1527
15382,46236,10452,10147,305,8877,1270,2.77,2.77,10147,230,6348,2529
15383,46237,17015,16543,472,11790,4753,2.63,1.99,16543,514,8585,3205
15384,46239,11551,11076,475,8975,2101,3.07,2.77,11076,213,7166,1809
15385,46240,11552,10050,1502,4576,5474,2.25,1.68,10050,510,2963,1613
15386,46241,12378,11278,1100,6441,4837,2.85,3.14,11278,625,4025,2416
15387,46250,9513,8909,604,3772,5137,2.25,1.71,8909,455,2442,1330
15388,46254,17520,16076,1444,7240,8836,2.78,2.30,16076,1490,5459,1781
15389,46256,10197,9647,550,6853,2794,2.47,1.71,9647,307,4939,1914
15390,46259,4958,4767,191,4501,266,3.13,3.20,4767,38,3219,1282
15391,46260,15862,14641,1221,7120,7521,2.41,2.35,14641,951,5191,1929
15392,46268,11727,10905,822,5134,5771,2.64,1.90,10905,783,3784,1350
15393,46278,3354,3252,102,3029,223,2.77,2.45,3252,60,2359,670
15394,46280,3781,3447,334,2179,1268,2.15,2.00,3447,13,1215,964
15395,46290,45,45,0,45,0,1.49,-,45,0,23,22
15396,46301,496,293,203,273,20,1.96,2.60,293,12,143,130
15397,46302,59,33,26,33,0,1.67,-,33,0,10,23
15398,46303,6581,5860,721,4805,1055,2.77,2.59,5860,158,3321,1484
15399,46304,11271,10606,665,8069,2537,2.55,2.25,10606,341,5323,2746
15400,46307,25666,24846,820,21917,2929,2.80,2.40,24846,889,16505,5412
15401,46310,5617,5063,554,4326,737,2.66,2.48,5063,121,2802,1524
15402,46311,8607,8274,333,7395,879,2.73,2.36,8274,180,5033,2362
15403,46312,12759,9953,2806,4389,5564,2.90,2.46,9953,1914,1903,2486
15404,46319,7791,7341,450,5326,2015,2.65,1.94,7341,272,3891,1435
15405,46320,6238,5491,747,2182,3309,3.16,1.98,5491,1250,996,1186
15406,46321,9640,9070,570,7837,1233,2.69,1.86,9070,381,5120,2717
15407,46322,10442,9922,520,7886,2036,2.46,2.05,9922,460,5330,2556
15408,46323,8800,8062,738,5288,2774,2.96,2.68,8062,492,3417,1871
15409,46324,9421,8642,779,5931,2711,2.48,2.64,8642,716,3940,1991
15410,46327,4345,3845,500,2167,1678,2.76,2.88,3845,259,1360,807
15411,46340,534,534,0,503,31,2.35,3.90,534,14,371,132
15412,46341,4015,3856,159,3318,538,2.76,2.43,3856,83,1970,1348
15413,46342,13700,12658,1042,9795,2863,2.51,2.40,12658,667,6626,3169
15414,46345,43,43,0,27,16,1.59,2.00,43,0,19,8
15415,46346,595,531,64,326,205,2.90,2.57,531,10,209,117
15416,46347,1848,1743,105,1503,240,2.79,2.40,1743,37,1041,462
15417,46348,466,459,7,386,73,2.25,3.29,459,25,198,188
15418,46349,1212,1097,115,945,152,2.61,2.42,1097,35,564,381
15419,46350,19813,18092,1721,13615,4477,2.46,2.29,18092,1024,9098,4517
15420,46356,7076,6755,321,5850,905,2.78,2.40,6755,148,4205,1645
15421,46360,21200,17680,3520,11725,5955,2.30,2.35,17680,1360,6742,4983
15422,46365,286,286,0,276,10,2.09,2.10,286,0,106,170
15423,46366,2487,2116,371,1756,360,2.81,2.79,2116,122,858,898
15424,46368,16364,15466,898,10870,4596,2.69,2.21,15466,838,7103,3767
15425,46371,1514,1221,293,1025,196,3.03,3.68,1221,41,648,377
15426,46373,6187,6187,0,6008,179,2.82,1.70,6187,175,4062,1946
15427,46374,368,278,90,211,67,2.91,5.43,278,0,129,82
15428,46375,10030,9528,502,7590,1938,2.63,1.93,9528,424,5191,2399
15429,46376,106,69,37,53,16,2.79,3.13,69,1,14,39
15430,46377,68,68,0,52,16,4.67,-,68,0,52,0
15431,46379,177,177,0,177,0,1.79,-,177,0,53,124
15432,46381,197,197,0,161,36,2.60,1.69,197,0,50,111
15433,46382,885,800,85,800,0,2.68,-,800,0,467,333
15434,46383,18202,17053,1149,10622,6431,2.49,1.97,17053,917,7254,3368
15435,46385,15836,15329,507,13351,1978,2.66,2.61,15329,290,9145,4206
15436,46390,1328,1258,70,1150,108,2.52,2.40,1258,41,842,308
15437,46391,2167,1976,191,1654,322,2.83,1.73,1976,39,1095,559
15438,46392,3002,2858,144,2453,405,2.80,2.19,2858,73,1741,712
15439,46393,159,114,45,77,37,2.05,1.59,114,19,30,47
15440,46394,5308,4827,481,3016,1811,2.42,2.53,4827,415,1817,1199
15441,46402,3530,2385,1145,1105,1280,2.27,2.65,2385,668,435,670
15442,46403,6183,4827,1356,2319,2508,2.08,2.53,4827,534,1207,1112
15443,46404,8047,6502,1545,3459,3043,2.18,2.97,6502,870,1754,1705
15444,46405,4687,4283,404,2849,1434,2.79,2.81,4283,439,1748,1101
15445,46406,3990,3149,841,1542,1607,2.49,2.87,3149,225,576,966
15446,46407,6919,4126,2793,1747,2379,2.32,2.35,4126,1070,616,1131
15447,46408,7586,5951,1635,3727,2224,2.44,2.58,5951,642,1823,1904
15448,46409,4441,2629,1812,1175,1454,2.37,2.88,2629,187,472,703
15449,46410,17455,16272,1183,10369,5903,2.56,2.03,16272,1375,7644,2725
15450,46501,1420,1268,152,891,377,2.92,2.90,1268,52,630,261
15451,46502,0,0,0,0,0,-,-,0,0,0,0
15452,46504,1272,1177,95,996,181,3.02,2.29,1177,89,611,385
15453,46506,4018,3659,359,2657,1002,2.95,2.13,3659,329,1506,1151
15454,46507,3790,3253,537,2637,616,2.85,3.67,3253,254,1595,1042
15455,46508,125,91,34,87,4,1.90,3.25,91,0,60,27
15456,46510,1707,1255,452,1153,102,2.56,2.80,1255,16,734,419
15457,46511,2611,1662,949,1310,352,2.30,2.40,1662,81,789,521
15458,46513,0,0,0,0,0,-,-,0,0,0,0
15459,46514,18261,16320,1941,12096,4224,2.56,2.44,16320,776,7893,4203
15460,46516,14023,11892,2131,7359,4533,2.75,2.45,11892,1194,4649,2710
15461,46517,9779,8859,920,5436,3423,2.87,2.73,8859,760,3588,1848
15462,46524,911,849,62,788,61,3.48,1.87,849,167,516,272
15463,46526,12503,11372,1131,8203,3169,2.96,2.39,11372,775,5323,2880
15464,46528,8618,7873,745,5968,1905,3.48,3.25,7873,702,3927,2041
15465,46530,12057,11540,517,10037,1503,2.90,1.78,11540,113,7112,2925
15466,46531,672,623,49,592,31,2.63,2.74,623,0,330,262
15467,46532,731,523,208,432,91,2.96,3.15,523,20,282,150
15468,46534,5235,3921,1314,3108,813,2.92,2.25,3921,242,1881,1227
15469,46536,1307,1147,160,906,241,2.50,2.40,1147,35,627,279
15470,46537,336,260,76,234,26,2.03,1.81,260,3,159,75
15471,46538,2684,1573,1111,1315,258,2.77,2.50,1573,16,740,575
15472,46539,1062,1003,59,801,202,2.36,2.34,1003,39,508,293
15473,46540,4192,4130,62,3606,524,3.03,3.60,4130,797,2586,1020
15474,46542,1686,1609,77,1378,231,2.83,2.98,1609,83,788,590
15475,46543,887,866,21,739,127,4.69,3.07,866,360,604,135
15476,46544,14065,12816,1249,8586,4230,2.50,2.33,12816,781,5588,2998
15477,46545,13378,12071,1307,5663,6408,2.43,1.86,12071,779,3510,2153
15478,46550,4383,4148,235,2786,1362,3.14,2.50,4148,564,1859,927
15479,46552,2865,2443,422,1983,460,2.78,1.93,2443,160,1337,646
15480,46553,1141,1119,22,1010,109,3.35,2.47,1119,138,761,249
15481,46554,1828,1767,61,1606,161,2.56,2.13,1767,132,999,607
15482,46555,1817,1152,665,950,202,2.08,1.50,1152,10,500,450
15483,46556,207,174,33,9,165,1.33,1.75,174,57,9,0
15484,46561,5542,5338,204,4564,774,2.70,2.77,5338,173,3036,1528
15485,46562,2414,1971,443,1598,373,2.33,2.77,1971,47,749,849
15486,46563,9759,8526,1233,6340,2186,2.80,2.43,8526,432,4007,2333
15487,46565,2566,2416,150,2066,350,3.79,2.32,2416,1049,1437,629
15488,46567,5636,3843,1793,2939,904,2.61,2.10,3843,192,1888,1051
15489,46570,423,400,23,343,57,2.97,2.32,400,0,214,129
15490,46571,1661,1572,89,1282,290,4.16,2.56,1572,769,892,390
15491,46572,64,43,21,35,8,3.77,-,43,0,17,18
15492,46573,1411,1299,112,1104,195,3.09,2.61,1299,114,727,377
15493,46574,4129,3246,883,2761,485,2.40,2.22,3246,154,1829,932
15494,46580,9018,8266,752,5940,2326,2.68,2.36,8266,585,3877,2063
15495,46582,6938,5814,1124,3950,1864,2.65,2.13,5814,254,2354,1596
15496,46590,1840,1651,189,1022,629,2.79,2.33,1651,14,751,271
15497,46595,31,15,16,15,0,3.40,-,15,0,0,15
15498,46601,2806,2189,617,451,1738,2.73,1.80,2189,678,275,176
15499,46613,4636,3919,717,2267,1652,2.54,3.22,3919,267,1198,1069
15500,46614,13030,12285,745,9474,2811,2.44,2.09,12285,626,5805,3669
15501,46615,7174,6224,950,3832,2392,2.25,2.22,6224,398,2605,1227
15502,46616,2655,2352,303,1274,1078,2.36,2.42,2352,274,844,430
15503,46617,5123,4343,780,2787,1556,2.40,2.36,4343,211,1451,1336
15504,46619,8449,7451,998,5432,2019,2.80,2.79,7451,747,2937,2495
15505,46624,34,34,0,5,29,2.00,1.59,34,14,0,5
15506,46628,12473,11030,1443,7347,3683,2.47,2.34,11030,1272,4519,2828
15507,46635,2884,2646,238,2081,565,2.56,2.05,2646,248,1299,782
15508,46637,8113,7171,942,4995,2176,2.26,2.06,7171,227,3031,1964
15509,46701,3435,3031,404,2404,627,2.73,1.88,3031,114,1593,811
15510,46702,952,858,94,767,91,2.36,1.96,858,17,474,293
15511,46703,9430,7204,2226,5338,1866,2.33,2.46,7204,375,3309,2029
15512,46704,30,30,0,30,0,1.90,-,30,0,9,21
15513,46705,757,703,54,566,137,2.78,2.09,703,6,393,173
15514,46706,8161,7750,411,6115,1635,2.62,1.93,7750,506,4371,1744
15515,46710,1922,1745,177,1492,253,2.62,1.94,1745,39,1031,461
15516,46711,2547,2417,130,1857,560,3.53,2.23,2417,365,1291,566
15517,46714,6503,5984,519,4301,1683,2.69,1.99,5984,335,2721,1580
15518,46721,2065,1902,163,1533,369,2.63,3.00,1902,77,1068,465
15519,46723,3205,2949,256,2531,418,2.55,2.33,2949,67,1626,905
15520,46725,10532,9736,796,8005,1731,2.43,2.09,9736,304,5221,2784
15521,46730,407,312,95,308,4,2.55,4.50,312,7,173,135
15522,46731,271,263,8,216,47,3.64,3.94,263,0,134,82
15523,46732,1221,1010,211,718,292,2.15,3.08,1010,34,430,288
15524,46733,8285,7682,603,6044,1638,2.66,1.79,7682,379,3710,2334
15525,46737,4556,3038,1518,2664,374,2.30,3.04,3038,122,1519,1145
15526,46738,3691,3355,336,2764,591,2.53,2.23,3355,170,1527,1237
15527,46740,1284,1187,97,1030,157,3.91,2.59,1187,473,712,318
15528,46741,1391,1381,10,1245,136,3.53,3.04,1381,363,755,490
15529,46742,2142,1342,800,1089,253,2.46,2.20,1342,104,652,437
15530,46743,1069,991,78,852,139,2.73,2.12,991,48,517,335
15531,46745,711,704,7,679,25,2.68,2.28,704,13,354,325
15532,46746,1670,1430,240,1095,335,2.97,2.92,1430,70,798,297
15533,46747,1292,945,347,851,94,2.54,2.81,945,24,475,376
15534,46748,2510,2256,254,2068,188,2.94,3.26,2256,16,1605,463
15535,46750,11519,10793,726,7918,2875,2.44,2.33,10793,391,5380,2538
15536,46755,6667,6094,573,4135,1959,2.77,1.95,6094,635,2636,1499
15537,46759,158,158,0,158,0,2.47,-,158,0,98,60
15538,46760,561,506,55,387,119,2.26,3.43,506,10,231,156
15539,46761,4610,4021,589,3217,804,3.24,2.07,4021,1038,2151,1066
15540,46763,550,550,0,516,34,2.22,3.56,550,17,301,215
15541,46764,494,439,55,392,47,3.52,2.60,439,4,309,83
15542,46765,2051,1932,119,1855,77,2.95,2.04,1932,80,1157,698
15543,46766,180,180,0,180,0,2.33,-,180,0,113,67
15544,46767,3061,2815,246,2237,578,3.13,3.02,2815,567,1366,871
15545,46770,1148,1079,69,902,177,2.42,2.39,1079,28,572,330
15546,46771,39,39,0,17,22,3.41,2.45,39,0,17,0
15547,46772,854,839,15,776,63,4.04,2.83,839,326,468,308
15548,46773,1435,1309,126,1079,230,2.57,2.15,1309,36,608,471
15549,46774,7402,7041,361,5351,1690,2.51,2.39,7041,154,3236,2115
15550,46776,893,654,239,472,182,2.17,2.69,654,13,299,173
15551,46777,2807,2634,173,2101,533,2.39,2.06,2634,66,1214,887
15552,46778,44,44,0,44,0,1.91,-,44,0,34,10
15553,46779,1202,889,313,822,67,2.57,2.09,889,21,537,285
15554,46781,323,312,11,285,27,2.37,2.85,312,7,164,121
15555,46783,3113,2858,255,2612,246,2.60,1.74,2858,39,1915,697
15556,46784,1318,819,499,677,142,2.47,2.50,819,30,384,293
15557,46785,653,592,61,524,68,3.29,2.40,592,23,367,157
15558,46786,17,17,0,17,0,1.53,-,17,0,9,8
15559,46787,1595,1535,60,1312,223,2.71,2.72,1535,118,862,450
15560,46788,997,963,34,888,75,3.43,4.15,963,46,522,366
15561,46789,86,86,0,26,60,-,2.25,86,26,26,0
15562,46791,405,388,17,364,24,2.47,2.92,388,10,249,115
15563,46792,1720,1530,190,1155,375,2.47,1.69,1530,9,728,427
15564,46793,1791,1710,81,1420,290,2.62,2.32,1710,15,819,601
15565,46794,809,587,222,536,51,2.52,1.80,587,20,302,234
15566,46795,3445,2493,952,2125,368,2.76,2.86,2493,217,1416,709
15567,46796,46,46,0,46,0,2.24,-,46,0,46,0
15568,46797,1294,1263,31,1191,72,3.22,3.21,1263,60,590,601
15569,46798,474,410,64,324,86,2.40,3.17,410,0,225,99
15570,46799,187,184,3,161,23,2.25,3.48,184,0,89,72
15571,46802,5827,4887,940,1700,3187,2.17,1.76,4887,730,913,787
15572,46803,4713,3912,801,1716,2196,2.56,2.58,3912,904,776,940
15573,46804,12836,12346,490,8662,3684,2.50,1.84,12346,303,5850,2812
15574,46805,10578,9524,1054,5319,4205,2.36,2.16,9524,1026,3487,1832
15575,46806,9782,8505,1277,4646,3859,2.71,2.78,8505,640,2424,2222
15576,46807,6991,6165,826,3593,2572,2.55,2.59,6165,200,2583,1010
15577,46808,9169,8471,698,5312,3159,2.26,2.23,8471,712,3446,1866
15578,46809,4308,4089,219,2597,1492,2.29,1.98,4089,245,1703,894
15579,46814,5491,5255,236,4796,459,3.15,2.22,5255,32,3403,1393
15580,46815,10730,10246,484,7643,2603,2.84,1.96,10246,607,5308,2335
15581,46816,8205,7193,1012,4250,2943,2.95,2.29,7193,832,2624,1626
15582,46818,8379,7933,446,6694,1239,2.70,2.59,7933,165,4465,2229
15583,46819,4452,4242,210,2874,1368,2.37,1.98,4242,186,1808,1066
15584,46825,13390,12623,767,7624,4999,2.51,1.93,12623,452,4965,2659
15585,46835,15091,14475,616,10591,3884,2.57,2.12,14475,436,7083,3508
15586,46845,10254,10003,251,8672,1331,2.88,1.97,10003,199,6531,2141
15587,46901,18629,16251,2378,11854,4397,2.34,2.34,16251,969,7406,4448
15588,46902,17574,15522,2052,10516,5006,2.49,1.98,15522,952,6961,3555
15589,46910,1227,1140,87,913,227,2.78,2.94,1140,2,461,452
15590,46911,591,576,15,552,24,2.66,6.29,576,5,351,201
15591,46913,457,449,8,413,36,2.77,1.72,449,24,252,161
15592,46914,1074,960,114,776,184,2.92,2.09,960,40,431,345
15593,46915,356,324,32,256,68,2.32,2.46,324,6,169,87
15594,46917,771,700,71,599,101,2.54,2.31,700,72,283,316
15595,46919,882,776,106,637,139,2.63,1.46,776,10,378,259
15596,46920,458,458,0,450,8,2.74,2.25,458,0,226,224
15597,46922,0,0,0,0,0,-,-,0,0,0,0
15598,46923,3626,3149,477,2414,735,2.61,2.44,3149,82,1422,992
15599,46926,634,573,61,505,68,2.90,1.62,573,2,267,238
15600,46928,2116,1935,181,1535,400,2.28,2.83,1935,72,813,722
15601,46929,1475,1329,146,984,345,2.46,2.19,1329,73,593,391
15602,46930,84,70,14,43,27,2.79,2.33,70,1,31,12
15603,46931,141,117,24,91,26,1.86,1.96,117,1,34,57
15604,46932,1479,1386,93,1076,310,2.32,1.88,1386,57,685,391
15605,46933,2847,2635,212,1966,669,2.29,2.72,2635,158,1226,740
15606,46936,2456,2206,250,1883,323,2.65,2.31,2206,44,1167,716
15607,46937,29,29,0,29,0,2.03,-,29,0,29,0
15608,46938,1256,1152,104,950,202,2.07,1.99,1152,51,640,310
15609,46939,972,766,206,685,81,2.28,1.91,766,28,291,394
15610,46940,1270,1104,166,951,153,2.53,2.44,1104,26,520,431
15611,46941,387,335,52,300,35,2.45,3.31,335,6,176,124
15612,46943,96,45,51,35,10,3.89,4.70,45,12,15,20
15613,46945,19,19,0,0,19,-,-,19,0,0,0
15614,46946,50,39,11,17,22,2.88,2.27,39,0,9,8
15615,46947,12116,11071,1045,8044,3027,2.57,2.31,11071,610,4596,3448
15616,46950,237,237,0,217,20,1.75,3.50,237,0,56,161
15617,46951,1122,745,377,669,76,2.53,5.28,745,54,350,319
15618,46952,9263,8085,1178,5574,2511,2.31,2.03,8085,665,3657,1917
15619,46953,9845,8361,1484,5316,3045,2.31,2.31,8361,920,2712,2604
15620,46957,215,201,14,155,46,2.15,2.24,201,4,76,79
15621,46958,354,354,0,331,23,2.08,-,354,0,182,149
15622,46959,236,236,0,84,152,2.11,1.84,236,0,28,56
15623,46960,699,470,229,367,103,2.87,1.61,470,74,166,201
15624,46961,32,32,0,32,0,2.28,-,32,0,8,24
15625,46962,3542,3167,375,2333,834,2.50,2.01,3167,98,1335,998
15626,46965,0,0,0,0,0,-,-,0,0,0,0
15627,46967,57,57,0,41,16,3.29,2.06,57,0,27,14
15628,46968,69,57,12,57,0,2.42,-,57,0,7,50
15629,46970,9802,8487,1315,5866,2621,2.42,2.83,8487,629,3159,2707
15630,46971,0,0,0,0,0,-,-,0,0,0,0
15631,46974,793,686,107,470,216,2.61,2.58,686,10,217,253
15632,46975,6597,5602,995,4245,1357,2.61,2.23,5602,344,2514,1731
15633,46978,1080,919,161,718,201,2.55,1.78,919,33,399,319
15634,46979,1925,1781,144,1675,106,3.01,2.46,1781,9,1226,449
15635,46980,31,31,0,9,22,3.22,7.09,31,0,9,0
15636,46982,1280,1036,244,865,171,2.46,2.47,1036,20,498,367
15637,46984,17,17,0,17,0,1.53,-,17,0,0,17
15638,46985,630,462,168,362,100,2.78,1.81,462,0,149,213
15639,46986,732,688,44,555,133,2.40,2.47,688,19,276,279
15640,46987,522,472,50,430,42,2.60,2.10,472,0,299,131
15641,46988,361,337,24,208,129,2.27,1.88,337,1,99,109
15642,46989,1641,1467,174,1220,247,2.97,2.47,1467,43,865,355
15643,46990,222,214,8,208,6,2.36,-,214,22,129,79
15644,46991,940,823,117,687,136,2.18,2.27,823,26,518,169
15645,46992,7940,7168,772,5547,1621,2.28,2.07,7168,447,3531,2016
15646,46994,1010,957,53,827,130,2.42,2.27,957,27,539,288
15647,46996,3031,2561,470,1897,664,2.33,2.26,2561,160,1042,855
15648,46998,102,102,0,65,37,2.23,2.89,102,0,56,9
15649,47001,4576,4353,223,3454,899,2.42,2.23,4353,148,2242,1212
15650,47003,565,475,90,333,142,2.16,2.43,475,20,127,206
15651,47006,5084,4809,275,3751,1058,2.68,2.04,4809,223,2413,1338
15652,47010,54,54,0,54,0,3.96,-,54,0,32,22
15653,47011,349,291,58,280,11,2.44,-,291,1,140,140
15654,47012,4603,4110,493,3064,1046,2.67,1.90,4110,243,1786,1278
15655,47016,369,369,0,328,41,2.30,1.59,369,30,131,197
15656,47017,316,251,65,233,18,2.27,2.11,251,0,144,89
15657,47018,1884,1642,242,1260,382,2.65,2.84,1642,113,751,509
15658,47020,468,400,68,292,108,2.98,1.92,400,0,205,87
15659,47021,0,0,0,0,0,-,-,0,0,0,0
15660,47022,1176,1159,17,1118,41,2.60,1.20,1159,0,819,299
15661,47023,971,872,99,721,151,2.39,2.97,872,31,368,353
15662,47024,1350,1235,115,942,293,2.52,2.64,1235,97,446,496
15663,47025,9295,8681,614,7062,1619,2.76,1.92,8681,615,4783,2279
15664,47030,713,679,34,619,60,3.30,3.10,679,58,427,192
15665,47031,2177,1992,185,1466,526,2.73,2.13,1992,137,888,578
15666,47032,1317,1222,95,1135,87,2.56,4.68,1222,2,766,369
15667,47033,0,0,0,0,0,-,-,0,0,0,0
15668,47034,69,64,5,49,15,1.86,2.87,64,8,29,20
15669,47035,103,103,0,103,0,1.83,-,103,0,0,103
15670,47036,385,369,16,311,58,2.81,1.72,369,16,235,76
15671,47037,1870,1700,170,1258,442,2.71,2.25,1700,54,793,465
15672,47038,555,348,207,292,56,2.98,2.95,348,24,163,129
15673,47040,2399,2281,118,1818,463,2.41,1.87,2281,177,1115,703
15674,47041,2399,2279,120,2008,271,2.85,2.17,2279,159,1171,837
15675,47042,1939,1653,286,1330,323,2.48,2.00,1653,52,925,405
15676,47043,2333,1996,337,1396,600,2.63,2.07,1996,152,901,495
15677,47060,2616,2479,137,2136,343,2.70,1.97,2479,83,1536,600
15678,47102,3245,2670,575,1797,873,2.54,2.40,2670,79,1126,671
15679,47104,40,9,31,9,0,-,-,9,0,0,9
15680,47106,1776,1558,218,1286,272,2.88,3.06,1558,103,819,467
15681,47108,1079,907,172,719,188,2.65,1.98,907,87,382,337
15682,47110,293,202,91,202,0,3.19,-,202,0,77,125
15683,47111,6971,6372,599,5401,971,2.86,2.78,6372,172,4051,1350
15684,47112,7256,6406,850,5033,1373,2.71,2.12,6406,279,3460,1573
15685,47114,237,189,48,153,36,2.32,4.47,189,0,117,36
15686,47115,1192,1037,155,875,162,3.50,1.21,1037,37,488,387
15687,47116,496,195,301,182,13,2.38,-,195,0,55,127
15688,47117,1705,1550,155,1322,228,2.90,2.43,1550,36,824,498
15689,47118,1620,1270,350,1126,144,2.65,2.36,1270,66,375,751
15690,47119,4620,4214,406,3959,255,2.68,3.12,4214,56,2436,1523
15691,47120,345,322,23,290,32,2.37,1.75,322,14,253,37
15692,47122,4136,3895,241,3532,363,3.07,1.89,3895,120,2554,978
15693,47123,54,54,0,38,16,2.68,5.38,54,0,0,38
15694,47124,2033,1780,253,1700,80,3.06,3.09,1780,0,1099,601
15695,47125,772,614,158,512,102,2.20,3.95,614,80,249,263
15696,47126,1668,1521,147,1324,197,2.73,2.24,1521,51,991,333
15697,47129,9360,8304,1056,4838,3466,2.46,2.13,8304,591,2943,1895
15698,47130,21581,19235,2346,13474,5761,2.49,2.33,19235,1036,9142,4332
15699,47135,418,341,77,338,3,2.82,2.33,341,12,157,181
15700,47136,1708,1498,210,1430,68,3.03,2.35,1498,39,867,563
15701,47137,723,608,115,528,80,2.43,3.60,608,0,195,333
15702,47138,2108,1859,249,1685,174,2.91,2.05,1859,43,1034,651
15703,47140,1338,1108,230,788,320,2.47,2.05,1108,55,388,400
15704,47141,631,607,24,522,85,2.67,1.12,607,18,290,232
15705,47142,345,238,107,233,5,2.12,1.20,238,2,144,89
15706,47143,1287,1266,21,1104,162,2.99,2.29,1266,0,770,334
15707,47145,964,848,116,656,192,2.49,2.31,848,68,320,336
15708,47147,504,433,71,368,65,2.39,2.06,433,9,149,219
15709,47150,22517,19462,3055,12446,7016,2.60,2.24,19462,1710,8259,4187
15710,47160,41,31,10,19,12,3.53,1.75,31,0,17,2
15711,47161,1437,1163,274,914,249,2.64,3.96,1163,37,589,325
15712,47162,202,202,0,152,50,2.58,3.86,202,0,68,84
15713,47163,431,367,64,355,12,2.19,-,367,12,243,112
15714,47164,1750,1444,306,1140,304,2.52,1.68,1444,30,694,446
15715,47165,3034,2679,355,2284,395,2.72,2.05,2679,82,1509,775
15716,47166,571,479,92,445,34,2.65,2.82,479,104,207,238
15717,47167,6238,5756,482,4518,1238,2.67,2.37,5756,450,2528,1990
15718,47170,6145,5834,311,3661,2173,2.67,2.02,5834,466,2113,1548
15719,47172,7841,6969,872,5788,1181,2.84,2.13,6969,137,3918,1870
15720,47174,24,24,0,24,0,1.54,-,24,0,24,0
15721,47175,603,315,288,315,0,2.47,-,315,36,137,178
15722,47177,760,682,78,609,73,2.78,6.49,682,9,335,274
15723,47201,20162,18539,1623,11930,6609,2.65,2.28,18539,973,7840,4090
15724,47203,11368,10549,819,8231,2318,2.51,1.96,10549,522,5430,2801
15725,47220,2331,2139,192,1721,418,2.49,2.44,2139,71,948,773
15726,47223,430,371,59,302,69,2.72,2.54,371,0,205,97
15727,47224,160,153,7,153,0,3.56,-,153,12,67,86
15728,47225,35,35,0,35,0,1.40,-,35,19,16,19
15729,47226,123,96,27,50,46,2.70,2.35,96,0,29,21
15730,47227,686,624,62,555,69,2.42,1.59,624,18,305,250
15731,47229,1183,1013,170,833,180,2.85,2.75,1013,26,495,338
15732,47230,852,761,91,639,122,2.13,3.57,761,36,305,334
15733,47231,270,243,27,210,33,3.71,2.91,243,7,113,97
15734,47232,927,869,58,789,80,2.76,2.93,869,61,485,304
15735,47234,647,592,55,514,78,2.72,2.92,592,17,321,193
15736,47235,778,605,173,507,98,2.42,3.74,605,31,372,135
15737,47236,68,68,0,32,36,3.47,4.81,68,0,0,32
15738,47240,9560,8545,1015,6030,2515,2.61,2.29,8545,331,3921,2109
15739,47243,2140,1854,286,1372,482,2.88,2.21,1854,78,849,523
15740,47244,214,191,23,174,17,2.61,2.65,191,0,106,68
15741,47246,1555,1406,149,1196,210,2.88,2.90,1406,33,757,439
15742,47247,75,73,2,52,21,2.13,3.67,73,3,23,29
15743,47250,10447,9313,1134,6171,3142,2.49,1.96,9313,495,3653,2518
15744,47260,804,713,91,631,82,2.60,2.77,713,12,297,334
15745,47263,112,71,41,43,28,2.53,2.79,71,6,29,14
15746,47264,619,532,87,444,88,2.72,2.36,532,0,223,221
15747,47265,8789,7584,1205,5977,1607,2.77,2.39,7584,319,3628,2349
15748,47270,202,185,17,162,23,2.30,1.43,185,21,96,66
15749,47272,759,642,117,505,137,2.34,3.08,642,32,274,231
15750,47273,1026,924,102,850,74,2.70,2.68,924,10,699,151
15751,47274,13717,12352,1365,8186,4166,2.78,2.42,12352,919,5280,2906
15752,47280,379,306,73,269,37,2.05,3.16,306,14,184,85
15753,47281,678,513,165,446,67,2.86,1.16,513,16,197,249
15754,47282,110,91,19,75,16,2.01,1.63,91,8,44,31
15755,47283,1456,1294,162,1002,292,3.08,2.27,1294,46,694,308
15756,47302,12536,10774,1762,6724,4050,2.23,2.45,10774,1206,3309,3415
15757,47303,11372,10043,1329,5079,4964,2.30,2.26,10043,903,2956,2123
15758,47304,14796,13663,1133,9148,4515,2.32,2.11,13663,523,5797,3351
15759,47305,2407,1675,732,533,1142,2.46,1.43,1675,547,148,385
15760,47306,0,0,0,0,0,-,-,0,0,0,0
15761,47320,2052,1873,179,1522,351,2.30,2.38,1873,49,886,636
15762,47324,80,73,7,42,31,2.71,3.32,73,0,13,29
15763,47325,202,181,21,160,21,2.79,5.90,181,7,103,57
15764,47326,595,583,12,490,93,3.69,3.19,583,108,236,254
15765,47327,1980,1779,201,1427,352,2.44,2.23,1779,67,849,578
15766,47330,2234,2116,118,1689,427,2.61,2.36,2116,85,1214,475
15767,47331,10610,9493,1117,6508,2985,2.44,2.19,9493,731,4058,2450
15768,47334,1382,1295,87,1111,184,2.42,2.05,1295,23,733,378
15769,47335,318,293,25,202,91,1.99,2.46,293,33,130,72
15770,47336,1486,1211,275,987,224,2.26,2.08,1211,48,580,407
15771,47337,70,63,7,43,20,2.53,3.15,63,2,25,18
15772,47338,1223,1068,155,877,191,2.30,2.19,1068,20,522,355
15773,47339,228,182,46,145,37,2.52,4.54,182,70,63,82
15774,47340,1397,1255,142,978,277,2.70,2.39,1255,24,560,418
15775,47341,1029,968,61,739,229,2.49,2.64,968,108,486,253
15776,47342,1016,939,77,753,186,2.49,2.72,939,22,429,324
15777,47344,85,73,12,70,3,2.46,2.33,73,5,57,13
15778,47345,575,521,54,455,66,2.98,2.47,521,10,332,123
15779,47346,1667,1430,237,1200,230,2.66,2.42,1430,81,727,473
15780,47348,4491,3870,621,2947,923,2.51,1.79,3870,433,1482,1465
15781,47351,191,176,15,132,44,3.58,3.16,176,1,81,51
15782,47352,327,279,48,228,51,3.00,2.14,279,3,95,133
15783,47353,2450,2148,302,1697,451,2.48,2.41,2148,79,1010,687
15784,47354,586,559,27,519,40,2.30,3.13,559,24,256,263
15785,47355,1416,1336,80,1048,288,2.25,2.12,1336,48,553,495
15786,47356,2493,2360,133,1806,554,2.46,1.87,2360,47,1026,780
15787,47357,361,309,52,269,40,2.29,2.10,309,5,176,93
15788,47358,426,381,45,327,54,2.65,2.28,381,37,142,185
15789,47359,1541,1219,322,890,329,2.75,3.30,1219,72,583,307
15790,47360,624,568,56,464,104,2.56,1.72,568,7,244,220
15791,47361,96,96,0,67,29,2.31,2.66,96,0,24,43
15792,47362,12384,10731,1653,7892,2839,2.45,2.37,10731,480,4526,3366
15793,47366,14,14,0,0,14,-,2.07,14,0,0,0
15794,47367,42,42,0,42,0,1.26,-,42,12,0,42
15795,47368,985,804,181,706,98,2.28,2.07,804,15,418,288
15796,47369,828,778,50,568,210,2.16,1.88,778,49,245,323
15797,47370,127,93,34,81,12,1.74,2.08,93,0,26,55
15798,47371,5308,4840,468,3530,1310,2.38,2.62,4840,505,2039,1491
15799,47373,933,873,60,675,198,2.75,2.06,873,55,438,237
15800,47374,21752,18684,3068,11647,7037,2.34,2.18,18684,1529,7502,4145
15801,47380,750,667,83,540,127,2.36,2.39,667,22,244,296
15802,47381,74,71,3,48,23,2.81,2.04,71,2,9,39
15803,47382,74,62,12,38,24,2.61,3.29,62,0,13,25
15804,47383,1220,1110,110,940,170,2.78,2.47,1110,52,546,394
15805,47384,911,760,151,676,84,2.64,2.31,760,24,427,249
15806,47385,812,739,73,578,161,2.61,2.27,739,19,451,127
15807,47386,515,494,21,444,50,2.33,2.10,494,0,200,244
15808,47387,362,240,122,182,58,2.42,2.24,240,12,109,73
15809,47388,180,173,7,154,19,2.21,2.84,173,11,87,67
15810,47390,2588,2236,352,1591,645,2.40,1.93,2236,185,771,820
15811,47392,74,74,0,74,0,2.34,-,74,0,65,9
15812,47393,600,517,83,442,75,3.61,2.49,517,46,368,74
15813,47394,3688,3291,397,2466,825,2.53,2.46,3291,178,1466,1000
15814,47396,3075,2724,351,2491,233,2.73,2.61,2724,163,1929,562
15815,47401,20498,18464,2034,10348,8116,2.37,1.82,18464,1723,6332,4016
15816,47403,15469,14581,888,8022,6559,2.43,2.08,14581,752,5207,2815
15817,47404,11805,10798,1007,5918,4880,2.36,1.94,10798,851,3812,2106
15818,47405,0,0,0,0,0,-,-,0,0,0,0
15819,47406,5,5,0,0,5,-,3.60,5,0,0,0
15820,47408,10454,8966,1488,3189,5777,2.29,1.99,8966,934,1983,1206
15821,47420,81,81,0,81,0,1.64,-,81,0,18,63
15822,47421,13064,11967,1097,9347,2620,2.34,1.96,11967,824,5592,3755
15823,47424,3988,3358,630,2635,723,2.47,2.64,3358,166,1289,1346
15824,47427,499,277,222,186,91,2.37,4.05,277,0,73,113
15825,47429,3178,3002,176,2608,394,2.58,1.73,3002,74,1833,775
15826,47431,624,546,78,484,62,3.13,3.82,546,0,242,242
15827,47432,2110,1834,276,1477,357,2.50,2.04,1834,67,873,604
15828,47433,1622,1411,211,987,424,2.52,2.36,1411,75,568,419
15829,47434,35,10,25,10,0,-,-,10,0,10,0
15830,47435,69,69,0,69,0,1.74,-,69,0,69,0
15831,47436,789,582,207,487,95,2.70,2.32,582,15,191,296
15832,47437,68,68,0,68,0,1.76,-,68,0,48,20
15833,47438,1761,1562,199,1188,374,2.58,2.13,1562,106,563,625
15834,47441,4379,3861,518,2758,1103,2.41,2.09,3861,224,1497,1261
15835,47443,538,455,83,350,105,2.53,2.94,455,6,109,241
15836,47445,72,32,40,6,26,5.83,-,32,0,6,0
15837,47446,4095,3740,355,3070,670,2.59,2.05,3740,211,1739,1331
15838,47448,3942,3115,827,2523,592,2.32,2.00,3115,135,1321,1202
15839,47449,262,150,112,138,12,2.51,3.42,150,0,43,95
15840,47451,625,548,77,325,223,3.19,2.25,548,0,182,143
15841,47452,2138,1972,166,1437,535,2.61,2.58,1972,126,825,612
15842,47453,202,175,27,94,81,2.43,1.78,175,42,43,51
15843,47454,3512,3047,465,2402,645,2.32,2.56,3047,107,1244,1158
15844,47455,63,27,36,27,0,1.44,-,27,0,27,0
15845,47456,565,553,12,485,68,2.20,4.07,553,30,269,216
15846,47457,9,9,0,0,9,-,3.89,9,0,0,0
15847,47458,17,17,0,17,0,2.82,-,17,0,0,17
15848,47459,1542,1383,159,1232,151,2.68,2.47,1383,56,617,615
15849,47460,5083,4641,442,3733,908,2.37,2.51,4641,164,2196,1537
15850,47462,1911,1732,179,1562,170,2.87,2.24,1732,22,1001,561
15851,47464,172,155,17,94,61,2.60,1.30,155,9,67,27
15852,47465,178,153,25,121,32,2.72,1.78,153,5,40,81
15853,47467,0,0,0,0,0,-,-,0,0,0,0
15854,47468,881,634,247,574,60,2.13,1.55,634,15,262,312
15855,47469,828,697,131,529,168,2.52,2.80,697,42,257,272
15856,47470,682,588,94,538,50,2.41,2.78,588,0,270,268
15857,47471,1331,1220,111,987,233,2.70,2.44,1220,67,440,547
15858,47501,7701,6965,736,4264,2701,2.63,2.32,6965,570,2534,1730
15859,47512,1946,1713,233,1202,511,2.40,2.20,1713,89,544,658
15860,47513,1069,708,361,671,37,2.73,1.62,708,33,239,432
15861,47514,131,131,0,131,0,2.29,-,131,0,74,57
15862,47515,395,333,62,311,22,2.84,2.77,333,0,150,161
15863,47516,489,438,51,405,33,2.65,1.79,438,22,289,116
15864,47519,285,197,88,184,13,3.13,2.77,197,5,112,72
15865,47520,1471,1158,313,867,291,2.45,1.69,1158,42,555,312
15866,47521,366,341,25,341,0,2.25,-,341,0,240,101
15867,47522,154,131,23,45,86,1.64,2.29,131,1,11,34
15868,47523,1505,1311,194,987,324,3.08,1.63,1311,64,489,498
15869,47524,212,189,23,179,10,2.32,2.30,189,16,108,71
15870,47525,133,117,16,117,0,2.04,-,117,0,42,75
15871,47527,858,833,25,740,93,3.04,1.60,833,11,476,264
15872,47528,247,209,38,119,90,2.53,2.12,209,9,62,57
15873,47529,449,389,60,302,87,3.03,2.49,389,10,169,133
15874,47531,357,342,15,284,58,2.43,1.59,342,0,133,151
15875,47532,1836,1666,170,1397,269,2.63,1.56,1666,29,701,696
15876,47535,285,278,7,186,92,2.99,1.74,278,0,78,108
15877,47537,356,335,21,246,89,2.59,1.10,335,1,111,135
15878,47541,469,438,31,366,72,2.61,2.46,438,11,246,120
15879,47542,4184,3969,215,2912,1057,2.54,2.20,3969,211,1690,1222
15880,47546,9753,9025,728,6810,2215,2.43,2.34,9025,521,4133,2677
15881,47550,232,232,0,214,18,2.50,1.67,232,7,118,96
15882,47551,239,184,55,169,15,3.09,-,184,8,148,21
15883,47552,95,95,0,95,0,3.15,-,95,0,30,65
15884,47553,3368,3076,292,2436,640,2.93,1.79,3076,258,1370,1066
15885,47557,668,573,95,413,160,2.27,3.23,573,5,208,205
15886,47558,1416,1349,67,1173,176,3.99,3.18,1349,570,581,592
15887,47561,785,675,110,469,206,2.51,1.23,675,7,242,227
15888,47562,1781,1685,96,1307,378,3.31,1.61,1685,434,580,727
15889,47564,616,573,43,530,43,2.25,2.05,573,9,247,283
15890,47567,2793,2545,248,2081,464,2.53,1.56,2545,89,1265,816
15891,47568,281,224,57,143,81,3.09,2.67,224,40,56,87
15892,47573,15,15,0,15,0,2.27,-,15,0,0,15
15893,47574,83,83,0,71,12,2.25,1.75,83,12,25,46
15894,47575,432,383,49,298,85,2.69,2.48,383,0,180,118
15895,47576,188,152,36,152,0,3.01,-,152,0,120,32
15896,47577,472,428,44,366,62,2.57,2.42,428,14,202,164
15897,47578,294,253,41,228,25,1.82,2.44,253,0,136,92
15898,47579,1180,1064,116,984,80,2.69,1.85,1064,33,731,253
15899,47580,147,147,0,147,0,2.12,-,147,0,36,111
15900,47581,1690,1370,320,1163,207,2.49,1.71,1370,58,539,624
15901,47584,78,75,3,60,15,1.93,2.73,75,1,49,11
15902,47585,306,263,43,240,23,2.46,-,263,0,10,230
15903,47586,5293,4862,431,3449,1413,2.43,1.81,4862,327,2293,1156
15904,47588,386,343,43,297,46,2.86,3.09,343,10,144,153
15905,47590,214,200,14,182,18,2.22,2.39,200,0,120,62
15906,47591,11661,10501,1160,6309,4192,2.43,1.93,10501,950,3764,2545
15907,47596,65,28,37,21,7,3.05,-,28,7,12,9
15908,47597,349,319,30,267,52,2.46,2.31,319,4,132,135
15909,47598,1331,1213,118,963,250,2.31,2.43,1213,106,566,397
15910,47601,5811,5410,401,4281,1129,2.37,2.61,5410,184,2887,1394
15911,47610,2278,2028,250,1632,396,2.43,2.95,2028,18,1036,596
15912,47611,382,349,33,280,69,2.90,2.04,349,4,187,93
15913,47612,329,253,76,207,46,2.91,2.22,253,5,141,66
15914,47613,1134,974,160,915,59,3.12,2.20,974,3,719,196
15915,47615,776,721,55,579,142,2.53,2.11,721,35,337,242
15916,47616,82,82,0,46,36,2.96,4.31,82,1,32,14
15917,47619,809,713,96,652,61,2.42,1.98,713,0,382,270
15918,47620,5986,5379,607,3963,1416,2.48,1.89,5379,265,2589,1374
15919,47630,14930,14441,489,11510,2931,2.73,2.19,14441,240,7924,3586
15920,47631,1061,859,202,721,138,2.50,2.12,859,11,423,298
15921,47633,1018,982,36,815,167,2.41,2.32,982,26,501,314
15922,47634,993,891,102,831,60,2.57,4.25,891,0,442,389
15923,47635,2537,2303,234,1675,628,2.54,1.84,2303,101,1058,617
15924,47637,717,584,133,480,104,2.79,1.82,584,21,281,199
15925,47638,1290,1275,15,1144,131,2.66,2.31,1275,102,785,359
15926,47639,1751,1636,115,1385,251,3.00,2.06,1636,28,772,613
15927,47640,405,360,45,337,23,2.65,1.78,360,17,130,207
15928,47648,2083,1926,157,1479,447,2.33,1.94,1926,64,839,640
15929,47649,620,594,26,502,92,2.07,2.47,594,18,198,304
15930,47654,11,11,0,11,0,2.36,-,11,0,3,8
15931,47660,2000,1822,178,1381,441,2.54,2.63,1822,70,724,657
15932,47665,1672,1503,169,1228,275,2.73,2.47,1503,41,732,496
15933,47666,785,573,212,449,124,2.48,4.11,573,14,231,218
15934,47670,5375,4618,757,3107,1511,2.42,2.36,4618,250,1886,1221
15935,47683,37,36,1,28,8,1.61,4.38,36,1,11,17
15936,47708,487,336,151,96,240,1.63,1.27,336,12,63,33
15937,47710,9069,8023,1046,4541,3482,2.38,1.94,8023,950,2895,1646
15938,47711,14814,13338,1476,10084,3254,2.33,2.33,13338,939,6061,4023
15939,47712,10664,9726,938,6303,3423,2.51,2.18,9726,515,4054,2249
15940,47713,5518,4475,1043,1813,2662,2.30,1.89,4475,863,1014,799
15941,47714,15948,14425,1523,8340,6085,2.26,2.30,14425,1458,5772,2568
15942,47715,14119,13255,864,6689,6566,2.29,1.79,13255,896,4463,2226
15943,47720,7075,6724,351,5761,963,2.53,1.87,6724,177,3154,2607
15944,47725,7708,7442,266,7131,311,2.49,3.37,7442,34,4816,2315
15945,47802,14144,13048,1096,7893,5155,2.50,2.02,13048,917,5284,2609
15946,47803,9657,9032,625,6302,2730,2.30,1.97,9032,452,4152,2150
15947,47804,5152,4662,490,2606,2056,2.31,2.36,4662,550,1518,1088
15948,47805,5977,5488,489,4411,1077,2.32,2.13,5488,123,2772,1639
15949,47807,6634,5286,1348,1581,3705,2.37,2.24,5286,933,830,751
15950,47809,0,0,0,0,0,-,-,0,0,0,0
15951,47831,0,0,0,0,0,-,-,0,0,0,0
15952,47832,586,487,99,412,75,2.28,3.92,487,24,171,241
15953,47833,364,311,53,272,39,2.06,1.41,311,11,201,71
15954,47834,8568,7724,844,5783,1941,2.47,2.29,7724,409,3873,1910
15955,47836,41,0,41,0,0,-,-,0,0,0,0
15956,47837,439,360,79,310,50,2.53,3.14,360,3,172,138
15957,47838,929,766,163,632,134,2.55,2.17,766,2,333,299
15958,47840,917,798,119,716,82,2.95,3.06,798,13,524,192
15959,47841,1177,1032,145,821,211,2.53,2.18,1032,31,405,416
15960,47842,4592,4179,413,2975,1204,2.33,2.20,4179,168,1580,1395
15961,47845,94,70,24,70,0,1.49,-,70,0,10,60
15962,47846,250,215,35,206,9,3.04,-,215,0,148,58
15963,47847,493,424,69,377,47,2.38,2.38,424,21,182,195
15964,47848,679,543,136,420,123,2.92,1.15,543,19,213,207
15965,47849,166,166,0,136,30,3.78,1.27,166,22,96,40
15966,47850,997,905,92,764,141,2.51,2.55,905,24,518,246
15967,47851,0,0,0,0,0,-,-,0,0,0,0
15968,47853,66,66,0,39,27,2.03,2.48,66,0,28,11
15969,47854,334,244,90,216,28,2.62,1.54,244,6,104,112
15970,47855,438,392,46,263,129,2.62,2.26,392,12,146,117
15971,47857,128,105,23,85,20,2.26,3.05,105,8,56,29
15972,47858,438,438,0,257,181,2.33,3.54,438,0,134,123
15973,47859,366,305,61,230,75,3.43,1.39,305,70,180,50
15974,47860,185,166,19,108,58,2.48,4.69,166,7,63,45
15975,47861,254,210,44,198,12,2.87,3.50,210,9,82,116
15976,47862,632,565,67,463,102,2.26,3.27,565,14,210,253
15977,47863,94,94,0,94,0,2.43,-,94,0,81,13
15978,47865,1,1,0,1,0,4.00,-,1,0,1,0
15979,47866,168,168,0,155,13,2.68,5.23,168,0,83,72
15980,47868,1604,1251,353,986,265,2.28,2.79,1251,46,546,440
15981,47869,18,18,0,18,0,2.00,-,18,0,18,0
15982,47870,0,0,0,0,0,-,-,0,0,0,0
15983,47871,226,210,16,149,61,2.34,3.33,210,0,104,45
15984,47872,3654,2362,1292,1816,546,2.92,2.57,2362,308,1048,768
15985,47874,1404,1233,171,1064,169,2.65,2.70,1233,8,670,394
15986,47875,0,0,0,0,0,-,-,0,0,0,0
15987,47876,0,0,0,0,0,-,-,0,0,0,0
15988,47879,1567,1431,136,1063,368,2.46,2.00,1431,106,711,352
15989,47880,41,41,0,41,0,1.93,-,41,0,13,28
15990,47881,118,75,43,64,11,2.97,1.82,75,2,45,19
15991,47882,3810,3216,594,2236,980,2.46,2.20,3216,223,1359,877
15992,47884,166,152,14,150,2,2.47,2.00,152,0,74,76
15993,47885,3792,3535,257,2896,639,2.73,2.05,3535,251,1581,1315
15994,47901,2739,2512,227,230,2282,2.27,1.57,2512,615,148,82
15995,47904,7803,7211,592,3215,3996,2.19,2.18,7211,1090,2309,906
15996,47905,18362,17398,964,10654,6744,2.53,2.20,17398,1010,6910,3744
15997,47906,27439,25144,2295,11517,13627,2.62,2.03,25144,2443,7672,3845
15998,47907,0,0,0,0,0,-,-,0,0,0,0
15999,47909,17478,16631,847,10924,5707,2.70,2.28,16631,690,7904,3020
16000,47916,24,13,11,6,7,4.67,2.57,13,0,4,2
16001,47917,222,177,45,161,16,2.11,3.88,177,0,90,71
16002,47918,2545,2212,333,1655,557,2.34,2.51,2212,76,1082,573
16003,47920,1038,962,76,849,113,2.77,3.20,962,11,597,252
16004,47921,467,423,44,317,106,2.30,4.83,423,12,224,93
16005,47922,633,556,77,386,170,2.58,2.75,556,12,229,157
16006,47923,1519,1359,160,1109,250,2.54,2.28,1359,0,736,373
16007,47924,109,109,0,109,0,1.68,-,109,0,99,10
16008,47925,7,7,0,7,0,4.86,-,7,0,7,0
16009,47926,446,416,30,375,41,2.73,3.49,416,3,207,168
16010,47928,856,705,151,585,120,2.73,2.93,705,60,391,194
16011,47929,281,263,18,206,57,2.32,2.61,263,5,135,71
16012,47930,482,461,21,350,111,2.69,1.90,461,7,218,132
16013,47932,2444,2233,211,1651,582,2.38,2.33,2233,65,1015,636
16014,47933,12308,11509,799,8279,3230,2.38,2.13,11509,676,5685,2594
16015,47940,679,610,69,521,89,2.87,2.24,610,22,318,203
16016,47941,506,490,16,397,93,2.22,2.51,490,6,299,98
16017,47942,354,297,57,252,45,2.33,2.93,297,0,148,104
16018,47943,312,296,16,228,68,2.70,2.59,296,9,197,31
16019,47944,1590,1347,243,967,380,2.55,2.27,1347,40,544,423
16020,47946,817,741,76,538,203,2.61,3.78,741,9,249,289
16021,47948,651,552,99,450,102,2.67,2.72,552,28,298,152
16022,47949,551,515,36,456,59,2.77,2.80,515,7,278,178
16023,47950,317,287,30,183,104,3.30,1.99,287,0,95,88
16024,47951,1235,1135,100,830,305,2.03,2.34,1135,88,487,343
16025,47952,1563,1253,310,866,387,2.40,1.88,1253,85,329,537
16026,47954,870,858,12,727,131,2.77,1.82,858,14,531,196
16027,47955,402,383,19,296,87,2.54,2.11,383,2,187,109
16028,47957,880,714,166,589,125,2.93,3.38,714,35,324,265
16029,47958,64,50,14,44,6,2.45,2.67,50,1,20,24
16030,47959,1089,841,248,634,207,2.94,3.22,841,15,415,219
16031,47960,9890,6188,3702,4835,1353,2.55,1.90,6188,216,3003,1832
16032,47963,959,887,72,723,164,2.62,2.35,887,46,360,363
16033,47964,48,38,10,33,5,2.91,4.40,38,0,25,8
16034,47965,256,234,22,191,43,2.47,2.70,234,2,108,83
16035,47966,187,169,18,159,10,1.95,1.40,169,0,61,98
16036,47967,314,301,13,268,33,2.62,1.15,301,4,176,92
16037,47968,428,423,5,357,66,2.88,2.52,423,5,229,128
16038,47969,138,118,20,81,37,2.46,2.59,118,13,37,44
16039,47970,826,763,63,563,200,2.56,2.21,763,34,363,200
16040,47971,795,719,76,595,124,2.80,2.32,719,27,373,222
16041,47974,477,412,65,270,142,2.49,2.01,412,33,141,129
16042,47975,354,338,16,278,60,2.62,2.27,338,5,193,85
16043,47977,1012,936,76,716,220,2.67,2.52,936,26,375,341
16044,47978,4486,4165,321,2945,1220,2.50,2.33,4165,120,1598,1347
16045,47980,475,448,27,353,95,2.56,2.26,448,0,208,145
16046,47981,335,299,36,278,21,3.53,2.67,299,6,224,54
16047,47982,72,57,15,47,10,2.04,2.40,57,2,30,17
16048,47983,32,32,0,32,0,3.81,-,32,0,32,0
16049,47986,0,0,0,0,0,-,-,0,0,0,0
16050,47987,1665,1545,120,1298,247,2.50,2.44,1545,87,738,560
16051,47989,495,417,78,377,40,2.36,2.23,417,47,303,74
16052,47990,667,619,48,535,84,2.68,3.13,619,53,302,233
16053,47991,553,475,78,316,159,2.40,2.69,475,10,183,133
16054,47992,568,568,0,495,73,2.34,2.40,568,0,370,125
16055,47993,1589,1418,171,1137,281,2.50,2.26,1418,70,636,501
16056,47994,197,180,17,128,52,2.50,1.37,180,1,82,46
16057,47995,708,665,43,544,121,3.06,2.66,665,15,361,183
16058,47997,63,58,5,50,8,2.70,2.50,58,2,44,6
16059,48001,5852,5142,710,4308,834,2.24,2.43,5142,111,2440,1868
16060,48002,1292,1226,66,1185,41,2.56,2.07,1226,29,778,407
16061,48003,2246,2185,61,2013,172,2.73,1.91,2185,86,1306,707
16062,48005,1864,1823,41,1696,127,2.92,2.14,1823,56,1244,452
16063,48006,1522,1411,111,1340,71,2.79,2.41,1411,26,860,480
16064,48009,10532,9383,1149,7016,2367,2.56,1.60,9383,497,4728,2288
16065,48014,1761,1718,43,1424,294,2.62,2.11,1718,36,849,575
16066,48015,3739,3664,75,1825,1839,2.32,2.23,3664,360,1195,630
16067,48017,6106,5854,252,4360,1494,2.08,1.52,5854,398,2926,1434
16068,48021,14133,13351,782,9157,4194,2.45,2.73,13351,1132,5911,3246
16069,48022,1160,1064,96,1034,30,2.40,1.53,1064,7,650,384
16070,48023,2211,1959,252,1698,261,2.63,1.93,1959,44,960,738
16071,48025,5902,5679,223,5277,402,2.63,2.21,5679,159,3450,1827
16072,48026,6663,6337,326,4558,1779,2.42,1.99,6337,395,3052,1506
16073,48027,1314,1206,108,1118,88,2.66,2.07,1206,28,746,372
16074,48028,1533,490,1043,489,1,1.87,2.00,490,22,211,278
16075,48030,7287,6801,486,3882,2919,2.21,2.27,6801,839,2311,1571
16076,48032,858,771,87,707,64,2.34,2.98,771,16,416,291
16077,48033,8541,7628,913,3814,3814,2.62,1.78,7628,908,2604,1210
16078,48034,8253,7619,634,1491,6128,2.94,1.84,7619,1097,995,496
16079,48035,15609,14668,941,9159,5509,2.45,2.31,14668,825,5538,3621
16080,48036,9555,9024,531,6465,2559,2.37,2.12,9024,786,3378,3087
16081,48038,21211,20491,720,12757,7734,2.31,1.85,20491,1279,8339,4418
16082,48039,3724,3333,391,2822,511,2.33,1.79,3333,127,1599,1223
16083,48040,4663,4371,292,3720,651,2.37,1.68,4371,180,2045,1675
16084,48041,1834,1667,167,1454,213,2.67,1.55,1667,83,864,590
16085,48042,11483,11216,267,10942,274,2.86,2.16,11216,246,7901,3041
16086,48043,6953,6506,447,3750,2756,2.27,2.10,6506,967,2261,1489
16087,48044,19873,19402,471,17409,1993,3.06,2.86,19402,389,12724,4685
16088,48045,12770,11738,1032,8199,3539,2.20,1.78,11738,661,4859,3340
16089,48047,16274,15562,712,12405,3157,2.68,1.97,15562,665,9035,3370
16090,48048,3398,3183,215,2563,620,2.86,2.72,3183,197,1612,951
16091,48049,2302,2229,73,2035,194,2.40,3.03,2229,13,1231,804
16092,48050,629,574,55,522,52,2.57,3.19,574,7,296,226
16093,48051,6816,6576,240,5536,1040,2.74,2.52,6576,325,3743,1793
16094,48054,3287,2928,359,2525,403,2.53,1.70,2928,198,1502,1023
16095,48059,6912,6130,782,5025,1105,2.51,2.17,6130,417,2927,2098
16096,48060,18112,16558,1554,9862,6696,2.38,2.31,16558,1750,5705,4157
16097,48062,3507,3387,120,2853,534,2.84,2.23,3387,147,1947,906
16098,48063,1556,1545,11,1399,146,2.72,1.79,1545,85,871,528
16099,48064,1447,1422,25,1350,72,2.80,2.72,1422,38,801,549
16100,48065,4721,4623,98,3858,765,2.51,2.02,4623,303,2547,1311
16101,48066,22048,21020,1028,13414,7606,2.37,2.08,21020,1916,8054,5360
16102,48067,13523,12556,967,8524,4032,2.09,1.55,12556,708,6209,2315
16103,48069,1204,1175,29,1128,47,2.25,1.45,1175,22,854,274
16104,48070,2462,2363,99,2288,75,2.70,2.69,2363,37,1557,731
16105,48071,14204,13487,717,8324,5163,2.30,1.82,13487,1346,5428,2896
16106,48072,7252,7067,185,5934,1133,2.21,1.88,7067,269,4434,1500
16107,48073,17719,16458,1261,10572,5886,2.23,1.78,16458,621,6980,3592
16108,48074,3715,3634,81,3291,343,2.57,3.03,3634,96,1832,1459
16109,48075,10351,9654,697,5441,4213,2.71,1.92,9654,748,3805,1636
16110,48076,10478,9996,482,7142,2854,2.50,2.03,9996,321,5219,1923
16111,48079,5248,4950,298,4154,796,2.62,1.98,4950,298,2501,1653
16112,48080,11337,10882,455,8393,2489,2.13,1.71,10882,642,4855,3538
16113,48081,9457,8968,489,7662,1306,2.30,2.04,8968,466,4705,2957
16114,48082,7522,7183,339,6249,934,2.22,2.44,7183,219,4131,2118
16115,48083,10129,9677,452,6124,3553,2.72,1.97,9677,948,3903,2221
16116,48084,7098,6646,452,3387,3259,2.58,2.16,6646,144,2301,1086
16117,48085,9325,9111,214,8352,759,2.93,3.40,9111,126,5552,2800
16118,48088,9810,9641,169,8150,1491,2.48,2.68,9641,408,5307,2843
16119,48089,13904,12774,1130,6982,5792,2.44,2.62,12774,1262,3488,3494
16120,48091,13060,11388,1672,7086,4302,2.54,2.78,11388,870,3844,3242
16121,48092,11069,10510,559,8313,2197,2.67,2.39,10510,509,5008,3305
16122,48093,10585,10189,396,7849,2340,2.39,2.22,10189,532,4607,3242
16123,48094,7957,7749,208,6356,1393,2.66,2.06,7749,164,3809,2547
16124,48095,2043,1983,60,1908,75,2.97,1.31,1983,59,1276,632
16125,48096,1692,1612,80,1341,271,2.51,1.46,1612,42,725,616
16126,48097,2304,2182,122,1703,479,2.54,2.18,2182,126,1079,624
16127,48098,7896,7315,581,6728,587,2.80,2.21,7315,151,4104,2624
16128,48101,12360,11796,564,10148,1648,2.42,2.25,11796,392,5861,4287
16129,48103,25222,23876,1346,16178,7698,2.51,1.95,23876,1295,10478,5700
16130,48104,19041,17660,1381,6467,11193,2.36,2.30,17660,3072,4072,2395
16131,48105,16374,15170,1204,7569,7601,2.43,1.98,15170,1502,4315,3254
16132,48108,12394,11879,515,6414,5465,2.42,2.10,11879,672,4154,2260
16133,48109,114,114,0,0,114,-,3.60,114,96,0,0
16134,48111,19176,18131,1045,12159,5972,2.60,2.04,18131,984,8043,4116
16135,48114,8185,8013,172,7283,730,2.74,2.22,8013,162,5106,2177
16136,48116,11908,11092,816,9523,1569,2.52,1.76,11092,510,6589,2934
16137,48117,4471,4210,261,3705,505,2.40,2.99,4210,163,2209,1496
16138,48118,5683,5433,250,4322,1111,2.52,1.70,5433,316,2836,1486
16139,48120,2840,2610,230,950,1660,3.51,3.16,2610,444,307,643
16140,48122,4906,4536,370,2657,1879,2.71,2.84,4536,335,1117,1540
16141,48124,14411,13389,1022,10640,2749,2.45,2.53,13389,645,6033,4607
16142,48125,8736,8133,603,5713,2420,2.52,2.96,8133,484,2886,2827
16143,48126,16026,14607,1419,8326,6281,3.98,3.26,14607,1404,3396,4930
16144,48127,14483,13804,679,9798,4006,3.11,2.44,13804,788,5041,4757
16145,48128,4558,4343,215,3861,482,2.85,2.98,4343,112,2503,1358
16146,48130,6115,5913,202,5122,791,2.77,2.27,5913,136,3878,1244
16147,48131,3653,3441,212,2416,1025,2.50,1.54,3441,254,1600,816
16148,48133,2412,2135,277,1943,192,2.74,2.67,2135,104,1044,899
16149,48134,9208,8825,383,7122,1703,2.80,2.36,8825,172,4838,2284
16150,48135,11248,10979,269,8811,2168,2.51,2.36,10979,676,5717,3094
16151,48137,2429,1926,503,1784,142,2.48,2.29,1926,0,1184,600
16152,48138,4500,4241,259,3872,369,2.57,1.94,4241,67,2108,1764
16153,48139,61,61,0,45,16,1.44,-,61,0,20,25
16154,48140,1305,1286,19,1210,76,2.86,2.59,1286,25,875,335
16155,48141,10752,9031,1721,3753,5278,2.72,2.90,9031,1618,1510,2243
16156,48143,86,64,22,64,0,2.91,-,64,0,64,0
16157,48144,4069,3999,70,3714,285,2.52,1.70,3999,60,2250,1464
16158,48145,1330,1231,99,1036,195,2.69,1.61,1231,41,650,386
16159,48146,16201,15284,917,10767,4517,2.69,2.37,15284,1346,5630,5137
16160,48150,10695,10405,290,9057,1348,2.62,2.36,10405,233,5984,3073
16161,48152,12927,12454,473,10246,2208,2.55,2.12,12454,664,6166,4080
16162,48154,15203,14593,610,13333,1260,2.54,1.78,14593,430,8359,4974
16163,48157,700,591,109,456,135,2.00,1.74,591,39,209,247
16164,48158,3425,3145,280,2809,336,2.48,2.10,3145,96,1830,979
16165,48159,1046,986,60,822,164,2.71,2.33,986,29,488,334
16166,48160,5186,4920,266,3942,978,2.74,1.91,4920,254,2697,1245
16167,48161,11895,11207,688,8158,3049,2.45,2.12,11207,1002,4795,3363
16168,48162,12728,11908,820,8806,3102,2.58,1.70,11908,1072,5866,2940
16169,48164,3429,3194,235,3066,128,2.83,2.99,3194,125,1987,1079
16170,48165,3452,3221,231,2425,796,3.03,1.90,3221,84,1563,862
16171,48166,5066,4739,327,4039,700,2.61,3.11,4739,136,2328,1711
16172,48167,10714,9904,810,7293,2611,2.47,1.95,9904,194,4623,2670
16173,48168,9063,8844,219,8026,818,2.83,2.81,8844,96,4902,3124
16174,48169,9183,8307,876,7665,642,2.56,2.07,8307,155,5138,2527
16175,48170,18084,17498,586,13512,3986,2.49,1.74,17498,873,8265,5247
16176,48173,5118,4892,226,4150,742,2.65,2.80,4892,140,2512,1638
16177,48174,12815,11897,918,8624,3273,2.68,2.73,11897,798,4882,3742
16178,48176,8729,8372,357,7160,1212,2.79,2.13,8372,334,4685,2475
16179,48177,113,113,0,113,0,3.42,-,113,0,95,18
16180,48178,13952,13451,501,12431,1020,2.79,1.88,13451,334,8502,3929
16181,48179,1479,1419,60,1110,309,2.65,2.40,1419,38,632,478
16182,48180,26509,24643,1866,15731,8912,2.54,2.52,24643,1583,9244,6487
16183,48182,8821,8443,378,7151,1292,2.66,1.88,8443,302,4649,2502
16184,48183,18464,17721,743,13536,4185,2.46,2.06,17721,887,7814,5722
16185,48184,7707,7025,682,4083,2942,2.56,2.44,7025,663,2675,1408
16186,48185,23206,21729,1477,12160,9569,2.39,2.00,21729,1859,7657,4503
16187,48186,14456,13534,922,8893,4641,2.74,2.51,13534,953,5734,3159
16188,48187,20332,19352,980,13676,5676,2.91,2.18,19352,790,9633,4043
16189,48188,16711,16136,575,13243,2893,2.84,2.63,16136,451,9408,3835
16190,48189,6421,6064,357,4710,1354,2.45,1.71,6064,138,3209,1501
16191,48190,76,76,0,76,0,2.78,-,76,0,63,13
16192,48191,1565,1487,78,1338,149,2.58,4.25,1487,25,719,619
16193,48192,11727,10922,805,7801,3121,2.38,2.04,10922,991,4841,2960
16194,48193,6902,6490,412,4111,2379,2.79,2.14,6490,483,2681,1430
16195,48195,13375,12566,809,8461,4105,2.57,1.98,12566,876,5181,3280
16196,48197,27855,26626,1229,14038,12588,2.72,1.95,26626,2058,9588,4450
16197,48198,17475,16542,933,9681,6861,2.44,2.40,16542,1359,5936,3745
16198,48201,9644,7741,1903,841,6900,1.77,1.71,7741,3458,481,360
16199,48202,9734,7202,2532,2094,5108,2.33,1.66,7202,2097,862,1232
16200,48203,14369,8873,5496,3914,4959,2.59,2.11,8873,2681,1241,2673
16201,48204,14189,8929,5260,4686,4243,2.49,2.46,8929,2180,1374,3312
16202,48205,17782,12504,5278,4073,8431,2.63,2.46,12504,1787,1175,2898
16203,48206,11393,6325,5068,3215,3110,2.38,2.24,6325,1651,684,2531
16204,48207,12504,10718,1786,2803,7915,1.84,1.79,10718,2943,1016,1787
16205,48208,5341,3904,1437,1382,2522,2.24,1.89,3904,1388,507,875
16206,48209,11178,9081,2097,4638,4443,3.48,2.77,9081,1539,958,3680
16207,48210,10956,8031,2925,4626,3405,3.77,2.82,8031,1648,658,3968
16208,48211,2779,1855,924,744,1111,3.37,2.70,1855,422,143,601
16209,48212,14788,11484,3304,6875,4609,3.92,3.23,11484,2314,1636,5239
16210,48213,11822,7572,4250,4301,3271,2.85,2.47,7572,1966,765,3536
16211,48214,13383,9542,3841,4062,5480,2.34,1.81,9542,3246,1471,2591
16212,48215,6318,4534,1784,2023,2511,2.26,2.33,4534,1435,557,1466
16213,48216,3133,2504,629,891,1613,2.51,1.86,2504,694,377,514
16214,48217,2942,2707,235,1602,1105,2.33,2.80,2707,637,256,1346
16215,48218,3538,2894,644,1447,1447,2.96,2.07,2894,634,424,1023
16216,48219,20745,17738,3007,9501,8237,2.32,2.57,17738,3215,3682,5819
16217,48220,12002,11317,685,6991,4326,2.04,1.74,11317,800,5277,1714
16218,48221,17389,15383,2006,9991,5392,2.58,2.69,15383,2001,4580,5411
16219,48223,11393,9482,1911,5168,4314,2.77,2.47,9482,1453,2076,3092
16220,48224,17028,13189,3839,7441,5748,2.70,3.19,13189,2035,2617,4824
16221,48225,6153,5660,493,3176,2484,2.67,3.04,5660,812,1827,1349
16222,48226,4722,3880,842,440,3440,1.50,1.39,3880,961,311,129
16223,48227,19614,15118,4496,8387,6731,2.65,2.62,15118,2960,2385,6002
16224,48228,22745,19253,3492,9340,9913,2.93,2.96,19253,4160,2536,6804
16225,48229,4170,3421,749,2277,1144,2.62,2.88,3421,634,711,1566
16226,48230,7337,6919,418,5362,1557,2.66,1.96,6919,213,3489,1873
16227,48233,0,0,0,0,0,-,-,0,0,0,0
16228,48234,16091,12432,3659,6518,5914,2.44,2.95,12432,2551,1713,4805
16229,48235,20567,17830,2737,10019,7811,2.35,2.75,17830,3092,4066,5953
16230,48236,12666,12209,457,11093,1116,2.56,2.29,12209,676,7013,4080
16231,48237,12847,12262,585,7195,5067,2.40,2.44,12262,1119,4840,2355
16232,48238,15845,10052,5793,4838,5214,2.64,2.32,10052,2492,1192,3646
16233,48239,14608,13866,742,10465,3401,2.62,2.97,13866,937,6803,3662
16234,48240,7018,6566,452,4781,1785,2.41,3.05,6566,365,2764,2017
16235,48242,0,0,0,0,0,-,-,0,0,0,0
16236,48243,0,0,0,0,0,-,-,0,0,0,0
16237,48301,6325,5879,446,5191,688,2.68,1.85,5879,202,3353,1838
16238,48302,7049,6558,491,5738,820,2.72,1.96,6558,236,3713,2025
16239,48304,7167,6556,611,5988,568,2.51,2.64,6556,220,3656,2332
16240,48306,10295,9666,629,9076,590,2.94,2.14,9666,139,6366,2710
16241,48307,19434,17983,1451,12293,5690,2.61,1.99,17983,769,7753,4540
16242,48309,11759,11203,556,9102,2101,2.75,1.72,11203,833,6114,2988
16243,48310,15280,14882,398,11248,3634,3.00,2.75,14882,777,6187,5061
16244,48312,14074,13677,397,10375,3302,2.62,2.16,13677,651,6777,3598
16245,48313,14361,13724,637,10144,3580,2.63,2.01,13724,986,7405,2739
16246,48314,9086,8846,240,6783,2063,2.62,1.67,8846,607,3958,2825
16247,48315,10858,10696,162,9414,1282,2.70,1.56,10696,873,5686,3728
16248,48316,11546,11122,424,8866,2256,2.66,2.05,11122,204,5890,2976
16249,48317,12780,12256,524,7116,5140,2.51,2.04,12256,632,4902,2214
16250,48320,2274,2106,168,1557,549,2.10,2.06,2106,134,1104,453
16251,48322,13452,12610,842,9484,3126,2.64,2.37,12610,502,5654,3830
16252,48323,6497,6191,306,5509,682,2.75,2.37,6191,169,3249,2260
16253,48324,6846,6515,331,6001,514,2.72,2.85,6515,64,4197,1804
16254,48326,11626,10939,687,5388,5551,2.26,2.07,10939,740,3276,2112
16255,48327,9872,9373,499,6492,2881,2.42,1.86,9373,443,4757,1735
16256,48328,11953,11393,560,7325,4068,2.45,1.92,11393,671,4969,2356
16257,48329,10382,9696,686,8522,1174,2.46,1.95,9696,210,5807,2715
16258,48331,9394,9152,242,7007,2145,2.59,1.77,9152,513,4271,2736
16259,48334,8469,8028,441,5103,2925,2.68,1.89,8028,700,3529,1574
16260,48335,11637,11033,604,4815,6218,2.48,1.96,11033,456,3068,1747
16261,48336,12405,11723,682,8281,3442,2.50,1.77,11723,707,5863,2418
16262,48340,11699,10690,1009,4491,6199,2.58,2.35,10690,1715,2437,2054
16263,48341,8630,7735,895,3755,3980,2.42,2.08,7735,1185,2196,1559
16264,48342,7224,6169,1055,2359,3810,2.90,2.47,6169,1317,1128,1231
16265,48346,9909,9249,660,6445,2804,2.55,2.42,9249,181,4366,2079
16266,48348,8931,8782,149,8151,631,2.90,1.97,8782,194,5556,2595
16267,48350,2896,2781,115,2368,413,2.78,3.27,2781,0,1645,723
16268,48353,2800,2766,34,2470,296,2.44,2.99,2766,85,1514,956
16269,48356,3371,3107,264,2852,255,2.66,2.04,3107,70,2093,759
16270,48357,3439,3226,213,2827,399,2.78,1.93,3226,32,1659,1168
16271,48359,4272,4090,182,2819,1271,2.52,2.17,4090,64,2194,625
16272,48360,4892,4677,215,3992,685,2.68,2.01,4677,182,2929,1063
16273,48362,6220,5830,390,4948,882,2.56,2.37,5830,215,3607,1341
16274,48363,2357,2283,74,2225,58,3.27,2.12,2283,91,1578,647
16275,48367,1668,1601,67,1515,86,2.73,2.58,1601,123,1054,461
16276,48370,568,534,34,491,43,3.32,4.37,534,8,291,200
16277,48371,9719,9477,242,8305,1172,2.81,2.06,9477,327,5801,2504
16278,48374,5887,5661,226,4937,724,3.26,2.55,5661,17,3384,1553
16279,48375,10186,9793,393,6810,2983,2.51,2.08,9793,153,4582,2228
16280,48377,9538,8835,703,4355,4480,2.50,1.78,8835,843,2595,1760
16281,48380,2889,2767,122,2721,46,2.74,3.11,2767,88,2042,679
16282,48381,5759,5479,280,4459,1020,2.56,1.96,5479,241,2930,1529
16283,48382,8862,8450,412,7816,634,2.82,2.43,8450,122,5746,2070
16284,48383,4848,4620,228,4239,381,2.73,3.19,4620,106,2602,1637
16285,48386,7567,7238,329,6063,1175,2.61,2.16,7238,423,4104,1959
16286,48390,10846,10426,420,7600,2826,2.38,2.05,10426,505,5370,2230
16287,48393,8977,8736,241,4726,4010,2.75,1.69,8736,178,2912,1814
16288,48401,863,603,260,481,122,2.14,2.38,603,13,247,234
16289,48410,72,55,17,48,7,2.15,2.00,55,0,12,36
16290,48411,28,28,0,28,0,-,-,28,0,0,28
16291,48412,2300,2056,244,1955,101,2.57,2.32,2056,36,1235,720
16292,48413,3313,2883,430,2103,780,2.56,2.17,2883,176,905,1198
16293,48414,1106,1046,60,964,82,2.60,2.83,1046,18,583,381
16294,48415,3833,3468,365,2976,492,2.70,1.99,3468,144,1690,1286
16295,48416,2064,1937,127,1595,342,2.80,2.56,1937,138,912,683
16296,48417,1179,1112,67,1040,72,2.21,1.94,1112,72,466,574
16297,48418,1649,1556,93,1474,82,2.73,2.39,1556,23,948,526
16298,48419,1360,971,389,820,151,2.23,2.85,971,21,388,432
16299,48420,9285,8784,501,7045,1739,2.50,1.85,8784,488,4488,2557
16300,48421,2985,2472,513,2272,200,2.64,2.34,2472,95,1569,703
16301,48422,2824,2517,307,2053,464,2.48,2.08,2517,125,1279,774
16302,48423,15238,14412,826,9649,4763,2.54,1.87,14412,735,5800,3849
16303,48426,447,374,73,317,57,3.43,3.67,374,34,126,191
16304,48427,1684,1162,522,911,251,2.32,2.60,1162,66,392,519
16305,48428,2105,2067,38,1859,208,2.75,2.30,2067,46,1221,638
16306,48429,4260,3786,474,3060,726,2.32,2.08,3786,226,1876,1184
16307,48430,16088,15207,881,12231,2976,2.63,2.15,15207,468,8157,4074
16308,48432,283,248,35,220,28,2.16,1.64,248,7,102,118
16309,48433,10606,10141,465,8691,1450,2.57,2.34,10141,317,5540,3151
16310,48434,177,66,111,49,17,1.88,1.71,66,9,20,29
16311,48435,901,872,29,818,54,2.99,2.00,872,14,461,357
16312,48436,1620,1541,79,1478,63,2.76,2.21,1541,14,1071,407
16313,48437,269,262,7,144,118,1.84,2.00,262,68,39,105
16314,48438,2650,2544,106,2460,84,2.75,2.33,2544,68,1781,679
16315,48439,22022,21012,1010,15819,5193,2.68,1.95,21012,876,10548,5271
16316,48440,83,75,8,46,29,2.20,1.48,75,21,46,0
16317,48441,2230,1595,635,1288,307,2.47,2.80,1595,130,492,796
16318,48442,9519,9076,443,7035,2041,2.53,1.94,9076,630,4628,2407
16319,48444,4002,3701,301,2848,853,2.73,2.23,3701,122,1773,1075
16320,48445,676,501,175,418,83,2.28,2.11,501,15,136,282
16321,48446,12843,12065,778,9798,2267,2.51,1.84,12065,719,6327,3471
16322,48449,1069,1018,51,891,127,2.62,3.20,1018,12,507,384
16323,48450,4034,2261,1773,1793,468,1.98,1.56,2261,90,820,973
16324,48451,5870,5493,377,5149,344,2.79,2.71,5493,144,3494,1655
16325,48453,2249,2012,237,1446,566,2.48,2.51,2012,196,671,775
16326,48454,486,462,24,416,46,2.40,2.50,462,22,264,152
16327,48455,3376,3160,216,2906,254,2.70,2.24,3160,26,1710,1196
16328,48456,367,295,72,262,33,2.30,2.91,295,19,105,157
16329,48457,3506,3234,272,2613,621,2.68,2.35,3234,96,1429,1184
16330,48458,8897,7757,1140,5253,2504,2.34,2.68,7757,721,2769,2484
16331,48460,1079,1049,30,909,140,2.56,2.06,1049,36,497,412
16332,48461,3183,3047,136,2599,448,2.66,2.29,3047,56,1776,823
16333,48462,4988,4873,115,4604,269,2.64,2.39,4873,53,3151,1453
16334,48463,1899,1798,101,1624,174,2.61,2.20,1798,49,992,632
16335,48464,1093,836,257,780,56,2.39,2.68,836,20,426,354
16336,48465,414,219,195,183,36,2.56,2.44,219,7,85,98
16337,48466,690,632,58,548,84,2.25,2.37,632,41,251,297
16338,48467,3023,1220,1803,1040,180,1.81,1.78,1220,49,399,641
16339,48468,1057,530,527,476,54,2.28,2.48,530,12,212,264
16340,48469,926,596,330,493,103,2.11,1.52,596,25,258,235
16341,48470,317,278,39,230,48,2.22,2.31,278,9,77,153
16342,48471,2420,2313,107,1648,665,2.42,1.98,2313,176,838,810
16343,48472,722,597,125,499,98,2.60,1.59,597,42,190,309
16344,48473,10138,9652,486,8101,1551,2.45,2.05,9652,383,5020,3081
16345,48475,1112,1015,97,922,93,2.51,2.55,1015,49,397,525
16346,48476,243,205,38,202,3,2.65,-,205,2,118,84
16347,48502,157,55,102,0,55,-,1.56,55,8,0,0
16348,48503,11582,9609,1973,4936,4673,2.44,2.18,9609,1956,2395,2541
16349,48504,12810,10115,2695,6280,3835,2.24,2.63,10115,1396,2571,3709
16350,48505,10814,7247,3567,3599,3648,2.40,2.63,7247,1634,868,2731
16351,48506,11374,9904,1470,6934,2970,2.52,2.47,9904,1214,3230,3704
16352,48507,13676,12357,1319,6821,5536,2.18,2.44,12357,1279,3149,3672
16353,48509,4093,3871,222,3273,598,2.30,3.16,3871,121,1973,1300
16354,48519,3426,3245,181,2187,1058,2.44,2.14,3245,243,1434,753
16355,48529,4364,3791,573,2293,1498,2.32,2.19,3791,318,922,1371
16356,48532,9287,8214,1073,4768,3446,2.50,2.32,8214,1047,2749,2019
16357,48601,16120,13450,2670,8571,4879,2.23,2.67,13450,2509,3017,5554
16358,48602,12642,11283,1359,6567,4716,2.36,2.44,11283,1494,3865,2702
16359,48603,13304,12244,1060,8142,4102,2.39,1.87,12244,1056,4806,3336
16360,48604,4675,4283,392,3167,1116,2.15,2.74,4283,293,1397,1770
16361,48607,894,677,217,251,426,3.22,1.77,677,99,77,174
16362,48609,5552,5290,262,4559,731,2.39,2.04,5290,130,2506,2053
16363,48610,2706,1484,1222,1334,150,2.14,1.82,1484,79,760,574
16364,48611,2717,2692,25,2145,547,2.49,1.47,2692,72,1214,931
16365,48612,5355,3625,1730,3006,619,2.42,2.07,3625,191,1630,1376
16366,48613,457,385,72,343,42,2.22,2.45,385,17,162,181
16367,48614,515,447,68,393,54,2.40,2.59,447,17,230,163
16368,48615,1169,1095,74,847,248,2.70,2.28,1095,38,494,353
16369,48616,3310,3055,255,2511,544,2.53,2.08,3055,162,1203,1308
16370,48617,4082,3293,789,2544,749,2.93,2.69,3293,327,1410,1134
16371,48618,2403,2095,308,1774,321,2.43,2.36,2095,122,872,902
16372,48619,540,255,285,227,28,2.07,2.36,255,5,83,144
16373,48620,119,56,63,56,0,1.46,-,56,0,16,40
16374,48621,656,398,258,328,70,2.43,1.59,398,46,183,145
16375,48622,3115,2171,944,1827,344,2.64,2.33,2171,141,1035,792
16376,48623,5340,5119,221,4422,697,2.58,2.59,5119,41,2643,1779
16377,48624,11067,6693,4374,5869,824,2.40,2.19,6693,461,2966,2903
16378,48625,11014,5093,5921,4290,803,2.41,2.93,5093,394,1927,2363
16379,48626,2381,2278,103,2130,148,2.61,2.44,2278,104,1298,832
16380,48627,276,47,229,47,0,2.38,-,47,5,25,22
16381,48628,1079,820,259,779,41,2.30,3.61,820,33,429,350
16382,48629,7186,3637,3549,2952,685,2.09,2.21,3637,243,1355,1597
16383,48630,131,26,105,26,0,2.00,-,26,0,0,26
16384,48631,2006,1826,180,1425,401,2.36,1.57,1826,20,643,782
16385,48632,4431,2058,2373,1866,192,2.38,2.93,2058,83,803,1063
16386,48633,424,101,323,101,0,1.43,-,101,4,55,46
16387,48634,2063,1968,95,1826,142,2.30,1.81,1968,46,1092,734
16388,48635,1749,771,978,708,63,2.11,2.21,771,23,301,407
16389,48636,981,350,631,321,29,2.02,3.66,350,10,145,176
16390,48637,1322,1242,80,1089,153,2.43,3.11,1242,52,574,515
16391,48638,6359,5938,421,3953,1985,2.25,1.79,5938,329,2455,1498
16392,48640,14083,13108,975,9685,3423,2.52,2.12,13108,688,5556,4129
16393,48642,14623,13844,779,10223,3621,2.52,2.08,13844,1021,5697,4526
16394,48647,3139,1478,1661,1216,262,2.88,3.05,1478,187,658,558
16395,48649,594,546,48,507,39,2.35,3.13,546,22,265,242
16396,48650,3082,2792,290,2541,251,2.38,2.27,2792,116,1406,1135
16397,48651,3940,1995,1945,1488,507,1.90,2.92,1995,267,703,785
16398,48652,814,769,45,743,26,2.54,3.77,769,16,315,428
16399,48653,9730,4545,5185,4011,534,2.16,2.00,4545,275,2141,1870
16400,48654,1888,1023,865,886,137,2.30,1.80,1023,81,437,449
16401,48655,2417,2290,127,1976,314,2.51,2.08,2290,90,1171,805
16402,48656,3939,1818,2121,1512,306,1.98,2.38,1818,110,597,915
16403,48657,3403,3086,317,2674,412,2.41,2.75,3086,136,1535,1139
16404,48658,2438,2006,432,1531,475,2.56,1.84,2006,242,717,814
16405,48659,1243,919,324,807,112,2.74,2.81,919,41,456,351
16406,48661,6371,4417,1954,3433,984,2.39,1.95,4417,279,1865,1568
16407,48662,592,555,37,527,28,2.45,2.57,555,12,286,241
16408,48701,626,541,85,450,91,2.14,2.51,541,6,215,235
16409,48703,2863,1434,1429,1234,200,2.01,2.44,1434,111,641,593
16410,48705,716,221,495,217,4,1.69,-,221,6,81,136
16411,48706,18176,16908,1268,12946,3962,2.35,2.09,16908,1118,6591,6355
16412,48708,12514,11366,1148,7608,3758,2.43,1.91,11366,1554,3889,3719
16413,48710,0,0,0,0,0,-,-,0,0,0,0
16414,48720,560,419,141,355,64,2.55,1.88,419,25,151,204
16415,48721,418,204,214,200,4,2.23,-,204,12,88,112
16416,48722,1429,1310,119,1165,145,2.35,2.57,1310,37,580,585
16417,48723,5274,4964,310,3905,1059,2.49,2.33,4964,443,1991,1914
16418,48724,419,355,64,108,247,3.26,2.84,355,0,48,60
16419,48725,2729,1059,1670,900,159,1.93,1.49,1059,38,367,533
16420,48726,2534,2165,369,1756,409,2.65,2.44,2165,162,876,880
16421,48727,410,366,44,325,41,2.67,3.15,366,26,174,151
16422,48728,603,157,446,145,12,1.74,2.50,157,9,50,95
16423,48729,669,579,90,509,70,2.46,2.30,579,44,251,258
16424,48730,3448,2234,1214,1691,543,2.13,1.62,2234,218,913,778
16425,48731,786,661,125,494,167,2.46,2.08,661,57,226,268
16426,48732,5395,5140,255,3668,1472,2.22,1.98,5140,307,1802,1866
16427,48733,778,643,135,533,110,2.34,2.77,643,22,242,291
16428,48734,3456,3214,242,2329,885,2.46,1.53,3214,117,1138,1191
16429,48735,512,438,74,377,61,2.32,2.46,438,16,215,162
16430,48737,1467,589,878,496,93,2.03,2.43,589,20,212,284
16431,48738,1432,557,875,504,53,2.05,2.25,557,26,269,235
16432,48739,4168,1777,2391,1662,115,2.05,2.77,1777,147,693,969
16433,48740,1695,1099,596,956,143,2.14,2.58,1099,26,443,513
16434,48741,919,789,130,695,94,2.51,2.07,789,50,339,356
16435,48742,1371,752,619,644,108,2.05,2.22,752,34,350,294
16436,48743,48,27,21,22,5,1.50,4.20,27,0,18,4
16437,48744,2104,1802,302,1595,207,2.25,2.39,1802,46,896,699
16438,48745,806,554,252,489,65,2.20,2.42,554,20,215,274
16439,48746,3567,3223,344,2891,332,2.52,2.59,3223,116,1633,1258
16440,48747,651,595,56,547,48,2.54,3.50,595,10,274,273
16441,48748,1754,670,1084,621,49,2.15,2.69,670,22,259,362
16442,48749,629,482,147,452,30,2.68,2.30,482,5,176,276
16443,48750,7124,4305,2819,3369,936,2.16,1.95,4305,200,1484,1885
16444,48754,423,362,61,320,42,2.52,3.57,362,22,121,199
16445,48755,2148,1248,900,1028,220,2.27,1.71,1248,80,469,559
16446,48756,3071,1738,1333,1397,341,2.38,2.37,1738,98,520,877
16447,48757,1685,1586,99,1407,179,2.39,2.01,1586,28,662,745
16448,48759,1916,1537,379,1252,285,2.36,2.24,1537,72,501,751
16449,48760,689,542,147,498,44,2.37,2.75,542,11,216,282
16450,48761,1454,427,1027,382,45,2.00,1.38,427,29,162,220
16451,48762,1006,487,519,471,16,2.15,2.69,487,9,249,222
16452,48763,2934,1921,1013,1670,251,2.43,2.64,1921,67,975,695
16453,48765,464,263,201,247,16,2.35,2.13,263,19,125,122
16454,48766,658,529,129,483,46,2.52,3.11,529,48,170,313
16455,48767,1048,914,134,792,122,2.57,1.75,914,23,383,409
16456,48768,4104,3634,470,3061,573,2.47,2.19,3634,203,1607,1454
16457,48770,961,633,328,531,102,2.61,2.32,633,52,253,278
16458,48801,5571,5181,390,3465,1716,2.46,1.98,5181,489,2071,1394
16459,48806,695,645,50,548,97,2.66,2.23,645,18,298,250
16460,48807,383,360,23,303,57,2.50,2.05,360,0,119,184
16461,48808,3069,3004,65,2283,721,2.41,1.46,3004,95,1333,950
16462,48809,4449,4063,386,2926,1137,2.96,2.24,4063,219,1944,982
16463,48811,1358,1255,103,927,328,2.97,2.08,1255,123,494,433
16464,48813,8240,7618,622,5987,1631,2.71,2.17,7618,375,4110,1877
16465,48815,948,814,134,729,85,2.90,1.91,814,13,490,239
16466,48816,206,180,26,17,163,1.76,1.95,180,0,5,12
16467,48817,2628,2395,233,1694,701,2.53,1.77,2395,164,1013,681
16468,48818,1492,983,509,819,164,2.68,1.88,983,70,354,465
16469,48819,943,909,34,839,70,2.77,2.90,909,8,535,304
16470,48820,6754,6671,83,5616,1055,2.76,2.08,6671,62,3910,1706
16471,48821,2562,2421,141,2261,160,2.47,1.76,2421,37,1548,713
16472,48822,940,911,29,893,18,2.72,3.39,911,0,566,327
16473,48823,24296,21619,2677,9541,12078,2.46,2.14,21619,2097,6198,3343
16474,48824,0,0,0,0,0,-,-,0,0,0,0
16475,48825,0,0,0,0,0,-,-,0,0,0,0
16476,48827,6446,6033,413,5135,898,2.70,1.88,6033,145,3731,1404
16477,48829,1442,1337,105,1006,331,2.85,1.80,1337,75,621,385
16478,48831,1479,1382,97,1143,239,2.39,2.44,1382,81,558,585
16479,48832,573,543,30,502,41,2.51,2.98,543,7,260,242
16480,48834,926,754,172,608,146,2.57,3.71,754,36,307,301
16481,48835,1137,1069,68,967,102,2.83,2.56,1069,16,523,444
16482,48836,5408,5149,259,4416,733,2.96,2.33,5149,203,3087,1329
16483,48837,8808,8579,229,6933,1646,2.44,2.15,8579,299,4574,2359
16484,48838,7794,7197,597,5409,1788,2.71,2.08,7197,458,3508,1901
16485,48840,6287,6095,192,3804,2291,2.40,1.53,6095,321,2466,1338
16486,48841,340,304,36,261,43,2.33,2.19,304,12,156,105
16487,48842,9740,9250,490,6192,3058,2.53,1.83,9250,638,4071,2121
16488,48843,18507,17798,709,13665,4133,2.77,1.93,17798,739,9918,3747
16489,48845,359,290,69,266,24,2.88,4.21,290,9,143,123
16490,48846,7338,6745,593,4735,2010,2.81,2.15,6745,621,2908,1827
16491,48847,2374,2205,169,1788,417,2.53,2.28,2205,125,1014,774
16492,48848,3035,2847,188,2499,348,2.60,3.25,2847,57,1632,867
16493,48849,2347,2096,251,1824,272,2.75,2.71,2096,55,1009,815
16494,48850,2112,1700,412,1384,316,2.89,2.44,1700,195,661,723
16495,48851,927,922,5,816,106,2.38,3.94,922,27,495,321
16496,48852,71,66,5,51,15,2.37,2.20,66,4,40,11
16497,48853,254,254,0,174,80,2.13,3.14,254,12,89,85
16498,48854,7843,7413,430,5908,1505,2.69,2.10,7413,197,4134,1774
16499,48855,5866,5716,150,4865,851,2.78,2.76,5716,146,3556,1309
16500,48856,342,305,37,242,63,2.84,2.32,305,9,135,107
16501,48857,1349,1277,72,1088,189,2.69,2.95,1277,14,721,367
16502,48858,19283,16860,2423,8548,8312,2.42,2.27,16860,1487,5071,3477
16503,48859,24,24,0,0,24,-,3.17,24,0,0,0
16504,48860,572,546,26,429,117,3.45,1.91,546,22,288,141
16505,48861,748,733,15,685,48,2.47,2.06,733,0,330,355
16506,48862,2,2,0,2,0,2.50,-,2,0,2,0
16507,48864,9503,8912,591,5640,3272,2.75,2.24,8912,447,3629,2011
16508,48865,779,654,125,515,139,3.42,2.33,654,48,254,261
16509,48866,1841,1729,112,1426,303,2.54,2.39,1729,50,824,602
16510,48867,12526,11425,1101,8054,3371,2.47,2.09,11425,916,4526,3528
16511,48870,78,68,10,58,10,2.95,4.30,68,0,2,56
16512,48871,903,822,81,669,153,2.57,2.75,822,11,378,291
16513,48872,2699,2518,181,2005,513,2.43,2.78,2518,97,1241,764
16514,48873,532,433,99,401,32,3.49,2.31,433,18,213,188
16515,48874,85,72,13,72,0,3.00,-,72,0,24,48
16516,48875,4272,4117,155,3185,932,2.76,2.60,4117,91,1920,1265
16517,48876,1859,1745,114,1250,495,2.76,2.22,1745,59,824,426
16518,48877,949,860,89,762,98,2.38,1.93,860,35,385,377
16519,48878,726,627,99,513,114,2.52,1.67,627,33,335,178
16520,48879,7352,6819,533,5588,1231,2.75,2.30,6819,293,3498,2090
16521,48880,2896,2625,271,2157,468,2.53,2.32,2625,173,1188,969
16522,48881,2178,2047,131,1718,329,2.80,2.17,2047,113,1134,584
16523,48883,2968,2664,304,2318,346,2.61,2.34,2664,77,1200,1118
16524,48884,1950,1647,303,1502,145,2.97,2.80,1647,170,721,781
16525,48885,465,425,40,414,11,2.67,3.91,425,0,191,223
16526,48886,1021,708,313,621,87,2.57,2.38,708,33,303,318
16527,48888,2962,2517,445,1980,537,2.31,2.56,2517,124,1017,963
16528,48889,700,618,82,510,108,2.39,1.68,618,56,266,244
16529,48890,806,735,71,558,177,2.50,3.19,735,14,313,245
16530,48891,1284,1036,248,888,148,2.94,2.40,1036,36,439,449
16531,48892,2060,1936,124,1633,303,2.56,1.96,1936,74,1109,524
16532,48893,2680,2128,552,1940,188,2.63,1.84,2128,55,1015,925
16533,48894,748,746,2,661,85,2.97,2.53,746,10,294,367
16534,48895,4875,4720,155,3898,822,2.54,1.85,4720,144,2583,1315
16535,48896,89,89,0,89,0,3.81,-,89,0,61,28
16536,48897,645,590,55,509,81,2.57,1.90,590,27,298,211
16537,48906,11824,10638,1186,7009,3629,2.43,2.62,10638,899,4434,2575
16538,48910,16704,15183,1521,8354,6829,2.32,2.05,15183,1438,5707,2647
16539,48911,17906,16400,1506,8993,7407,2.64,2.24,16400,1909,5840,3153
16540,48912,8931,8025,906,3565,4460,2.30,1.83,8025,977,2226,1339
16541,48915,4647,4012,635,2258,1754,2.24,2.46,4012,615,1298,960
16542,48917,15961,15362,599,9058,6304,2.29,1.78,15362,1010,5361,3697
16543,48933,1860,1583,277,119,1464,2.26,1.64,1583,416,68,51
16544,49001,9726,8956,770,4659,4297,2.42,2.16,8956,965,3048,1611
16545,49002,8833,8281,552,5778,2503,2.66,1.87,8281,374,3542,2236
16546,49004,7516,7268,248,5467,1801,2.47,2.19,7268,217,3321,2146
16547,49006,11675,10340,1335,3676,6664,2.28,2.20,10340,1189,2290,1386
16548,49007,5207,4384,823,1163,3221,2.66,2.15,4384,1030,480,683
16549,49008,7100,6614,486,4079,2535,2.20,1.96,6614,381,2753,1326
16550,49009,20627,19129,1498,12465,6664,2.75,1.87,19129,1158,7913,4552
16551,49010,7546,6681,865,5549,1132,2.69,2.50,6681,243,3456,2093
16552,49011,1073,941,132,799,142,2.62,2.70,941,36,473,326
16553,49012,1464,1353,111,1208,145,2.69,2.48,1353,50,709,499
16554,49013,2266,1799,467,1424,375,3.06,2.36,1799,127,821,603
16555,49014,9262,8246,1016,5869,2377,2.66,2.06,8246,542,3323,2546
16556,49015,12401,11590,811,8026,3564,2.63,2.14,11590,737,5330,2696
16557,49017,9915,8605,1310,6253,2352,2.45,1.96,8605,810,4023,2230
16558,49021,2506,2279,227,1989,290,2.83,2.69,2279,53,1272,717
16559,49022,14486,12857,1629,7253,5604,2.29,2.30,12857,2094,4337,2916
16560,49024,13107,12427,680,8165,4262,2.64,1.99,12427,727,5405,2760
16561,49026,1158,849,309,628,221,2.32,2.16,849,39,385,243
16562,49027,93,83,10,62,21,4.32,2.38,83,13,42,20
16563,49028,2714,2252,462,1791,461,2.51,2.49,2252,144,1166,625
16564,49029,658,539,119,490,49,2.70,2.27,539,18,252,238
16565,49030,943,882,61,729,153,2.92,3.08,882,52,392,337
16566,49031,4191,3280,911,2526,754,2.45,2.47,3280,104,1492,1034
16567,49032,1181,1121,60,927,194,2.85,2.50,1121,169,598,329
16568,49033,715,712,3,647,65,2.48,1.92,712,8,378,269
16569,49034,919,871,48,720,151,2.52,2.89,871,7,402,318
16570,49036,11750,9346,2404,6730,2616,2.46,2.45,9346,560,3983,2747
16571,49037,9976,8798,1178,4946,3852,2.43,2.09,8798,1117,2708,2238
16572,49038,5156,3755,1401,2794,961,2.46,2.01,3755,247,1619,1175
16573,49040,1718,1204,514,1001,203,2.77,2.26,1204,196,526,475
16574,49042,2070,1892,178,1467,425,2.45,2.37,1892,124,745,722
16575,49043,1430,893,537,497,396,2.45,2.30,893,75,195,302
16576,49045,3046,2410,636,1973,437,2.27,2.31,2410,100,1118,855
16577,49046,3749,3021,728,2749,272,2.43,2.51,3021,162,1633,1116
16578,49047,8067,6053,2014,4571,1482,2.46,2.07,6053,488,2632,1939
16579,49048,10347,9514,833,5615,3899,2.68,2.18,9514,870,3052,2563
16580,49050,571,499,72,482,17,2.79,1.29,499,11,291,191
16581,49051,972,912,60,842,70,2.97,3.71,912,32,554,288
16582,49052,365,339,26,282,57,2.79,2.86,339,21,162,120
16583,49053,2949,2790,159,2261,529,2.66,2.68,2790,87,1363,898
16584,49055,3062,2394,668,2025,369,2.40,2.72,2394,91,1194,831
16585,49056,1996,1190,806,1005,185,2.97,2.22,1190,80,539,466
16586,49057,2328,2101,227,1504,597,3.17,2.14,2101,208,867,637
16587,49058,7971,7361,610,6132,1229,2.64,2.17,7361,251,3901,2231
16588,49060,1061,906,155,812,94,2.77,2.69,906,0,533,279
16589,49061,773,640,133,585,55,2.60,2.67,640,21,303,282
16590,49063,40,40,0,40,0,2.90,-,40,0,40,0
16591,49064,1726,1363,363,1073,290,2.71,2.77,1363,79,614,459
16592,49065,3460,2862,598,2359,503,2.54,2.24,2862,59,1376,983
16593,49066,281,256,25,214,42,2.50,3.45,256,29,90,124
16594,49067,2042,1609,433,1428,181,2.54,2.48,1609,44,800,628
16595,49068,6907,6383,524,4884,1499,2.52,1.80,6383,306,3051,1833
16596,49070,899,869,30,784,85,2.54,2.31,869,13,428,356
16597,49071,4298,4145,153,3795,350,2.81,2.44,4145,166,2765,1030
16598,49072,1348,1133,215,1023,110,2.30,3.75,1133,43,657,366
16599,49073,2109,1924,185,1578,346,2.48,2.71,1924,86,815,763
16600,49074,63,63,0,0,63,-,1.17,63,43,0,0
16601,49075,81,81,0,62,19,2.52,1.58,81,0,36,26
16602,49076,1523,1397,126,1083,314,2.65,2.24,1397,22,659,424
16603,49078,4107,3823,284,3134,689,2.57,2.55,3823,106,2065,1069
16604,49079,5713,4869,844,3821,1048,2.68,2.53,4869,198,2656,1165
16605,49080,6790,6174,616,5227,947,2.52,2.19,6174,172,3214,2013
16606,49082,3041,2359,682,1995,364,2.58,2.40,2359,145,1275,720
16607,49083,3071,2950,121,2572,378,2.73,1.72,2950,68,1690,882
16608,49084,31,12,19,11,1,1.09,3.00,12,0,2,9
16609,49085,11207,10055,1152,7836,2219,2.53,1.59,10055,475,4883,2953
16610,49087,2350,2232,118,2012,220,2.78,1.76,2232,22,1259,753
16611,49088,1434,1364,70,1267,97,2.64,3.60,1364,4,797,470
16612,49089,787,656,131,513,143,3.22,1.97,656,14,238,275
16613,49090,8592,5710,2882,4294,1416,2.36,2.09,5710,401,2351,1943
16614,49091,8717,7620,1097,5428,2192,2.66,2.29,7620,644,3349,2079
16615,49092,800,746,54,608,138,2.49,3.08,746,31,271,337
16616,49093,8564,7404,1160,5218,2186,2.60,2.17,7404,440,3112,2106
16617,49094,1697,1408,289,1019,389,2.49,3.09,1408,62,532,487
16618,49095,1424,914,510,795,119,2.38,3.07,914,15,448,347
16619,49096,1217,1133,84,970,163,2.64,2.53,1133,82,524,446
16620,49097,4896,4641,255,4001,640,2.53,1.90,4641,171,2551,1450
16621,49098,2873,2244,629,1790,454,2.48,3.16,2244,103,867,923
16622,49099,2791,2446,345,1858,588,2.54,2.01,2446,170,1018,840
16623,49101,1362,1238,124,1033,205,2.31,2.11,1238,14,548,485
16624,49102,754,648,106,578,70,2.28,2.03,648,102,276,302
16625,49103,4750,4166,584,2366,1800,2.55,2.45,4166,237,1270,1096
16626,49104,0,0,0,0,0,-,-,0,0,0,0
16627,49106,2556,2106,450,1650,456,2.50,2.35,2106,100,963,687
16628,49107,5100,4187,913,3305,882,2.61,2.11,4187,186,1924,1381
16629,49111,1678,1295,383,1160,135,2.61,3.27,1295,46,479,681
16630,49112,4692,4221,471,3470,751,2.44,2.48,4221,119,2064,1406
16631,49113,861,788,73,586,202,2.22,2.43,788,13,262,324
16632,49115,443,86,357,86,0,1.33,-,86,0,11,75
16633,49116,387,70,317,70,0,1.94,-,70,0,43,27
16634,49117,3665,1741,1924,1371,370,2.00,1.75,1741,88,689,682
16635,49119,55,55,0,39,16,1.97,3.44,55,0,23,16
16636,49120,15760,14534,1226,11137,3397,2.59,2.17,14534,1063,6757,4380
16637,49125,1684,957,727,852,105,2.44,1.44,957,117,438,414
16638,49126,500,451,49,376,75,2.68,3.41,451,32,162,214
16639,49127,4960,4426,534,3448,978,2.70,1.84,4426,92,2163,1285
16640,49128,1846,1405,441,1193,212,2.30,2.67,1405,91,648,545
16641,49129,1299,310,989,297,13,1.73,3.23,310,11,171,126
16642,49130,741,539,202,455,84,2.57,2.17,539,16,273,182
16643,49201,17909,16480,1429,11999,4481,2.66,1.97,16480,1139,6748,5251
16644,49202,9530,8433,1097,4530,3903,2.43,1.78,8433,1137,2773,1757
16645,49203,17007,15379,1628,10322,5057,2.46,2.39,15379,1383,6197,4125
16646,49220,1377,1056,321,919,137,2.63,2.21,1056,34,644,275
16647,49221,16809,15432,1377,10765,4667,2.47,2.15,15432,1071,6595,4170
16648,49224,5452,4423,1029,3049,1374,2.68,2.68,4423,297,1543,1506
16649,49227,524,458,66,385,73,2.44,2.85,458,17,222,163
16650,49228,2101,2070,31,1678,392,2.60,2.59,2070,57,1064,614
16651,49229,1453,1274,179,1108,166,2.65,2.57,1274,37,768,340
16652,49230,5865,4440,1425,3988,452,2.35,1.66,4440,162,2485,1503
16653,49232,1257,944,313,784,160,2.85,2.83,944,100,490,294
16654,49233,1455,1182,273,1045,137,2.30,2.91,1182,33,619,426
16655,49234,1299,1074,225,982,92,2.58,2.07,1074,0,638,344
16656,49235,924,817,107,720,97,2.58,2.61,817,83,378,342
16657,49236,2033,1914,119,1679,235,2.60,2.49,1914,41,1004,675
16658,49237,1173,1106,67,962,144,2.71,2.61,1106,62,549,413
16659,49238,844,683,161,601,82,3.19,1.76,683,10,388,213
16660,49240,3782,3594,188,3357,237,2.62,2.19,3594,50,2229,1128
16661,49241,936,843,93,772,71,2.53,2.21,843,27,398,374
16662,49242,6446,5589,857,3863,1726,2.47,2.14,5589,454,2378,1485
16663,49245,1846,1512,334,1146,366,3.02,2.39,1512,147,567,579
16664,49246,1520,1347,173,1231,116,2.86,2.88,1347,14,805,426
16665,49247,2487,2167,320,1746,421,2.40,2.64,2167,129,989,757
16666,49248,359,319,40,286,33,2.58,3.09,319,9,130,156
16667,49249,1855,1397,458,1287,110,2.53,2.58,1397,22,760,527
16668,49250,2562,2284,278,1815,469,2.73,2.07,2284,121,1070,745
16669,49251,2538,2407,131,2102,305,2.60,3.11,2407,71,1256,846
16670,49252,1147,1037,110,773,264,2.47,2.06,1037,64,413,360
16671,49253,2223,1237,986,1140,97,2.29,1.51,1237,31,720,420
16672,49254,1993,1795,198,1507,288,1.98,2.33,1795,178,949,558
16673,49255,849,634,215,546,88,3.34,2.78,634,92,345,201
16674,49256,1680,1512,168,1185,327,2.41,2.32,1512,53,617,568
16675,49258,11,4,7,0,4,-,-,4,0,0,0
16676,49259,1264,1117,147,1046,71,2.37,2.39,1117,19,567,479
16677,49261,131,77,54,47,30,2.96,3.07,77,0,16,31
16678,49262,535,478,57,407,71,2.47,2.72,478,14,229,178
16679,49263,14,14,0,8,6,2.50,4.17,14,0,0,8
16680,49264,609,555,54,507,48,3.03,3.27,555,5,350,157
16681,49265,2380,2125,255,1873,252,2.39,2.28,2125,114,1237,636
16682,49266,1623,1264,359,1103,161,2.40,2.39,1264,98,583,520
16683,49267,1575,1472,103,1299,173,2.73,2.39,1472,32,778,521
16684,49268,538,504,34,420,84,2.55,1.98,504,18,250,170
16685,49269,2267,2081,186,1850,231,2.89,2.89,2081,14,1120,730
16686,49270,2207,2038,169,1859,179,2.75,2.04,2038,38,1105,754
16687,49271,1000,859,141,642,217,2.66,2.35,859,54,302,340
16688,49272,1157,1001,156,961,40,2.54,3.63,1001,8,564,397
16689,49274,1944,1432,512,1136,296,2.70,2.54,1432,126,583,553
16690,49276,411,394,17,357,37,2.39,1.86,394,0,189,168
16691,49277,1265,1184,81,1075,109,2.65,2.82,1184,13,640,435
16692,49279,417,379,38,331,48,2.37,1.73,379,10,202,129
16693,49282,30,30,0,20,10,1.25,2.00,30,0,0,20
16694,49283,1188,1002,186,776,226,3.03,1.67,1002,24,430,346
16695,49284,1263,1076,187,912,164,2.62,2.37,1076,47,485,427
16696,49285,2662,2477,185,2053,424,2.43,2.26,2477,35,1266,787
16697,49286,6113,5762,351,4467,1295,2.61,2.17,5762,338,3195,1272
16698,49287,1120,844,276,781,63,2.44,1.98,844,0,444,337
16699,49288,649,539,110,385,154,2.80,2.77,539,24,247,138
16700,49289,34,23,11,23,0,1.61,-,23,0,8,15
16701,49301,7283,6941,342,6665,276,2.96,1.91,6941,59,4419,2246
16702,49302,3140,3020,120,2914,106,3.20,1.71,3020,46,2195,719
16703,49303,325,325,0,273,52,2.99,3.29,325,0,145,128
16704,49304,5757,1521,4236,1148,373,2.56,2.69,1521,184,578,570
16705,49305,1674,1063,611,900,163,2.11,2.10,1063,76,349,551
16706,49306,3939,3939,0,3797,142,2.64,2.39,3939,63,1893,1904
16707,49307,8026,7082,944,4367,2715,2.45,2.13,7082,590,2610,1757
16708,49309,2139,759,1380,658,101,2.02,2.86,759,45,263,395
16709,49310,1130,996,134,934,62,2.88,2.32,996,144,430,504
16710,49312,250,99,151,88,11,2.03,3.91,99,3,46,42
16711,49315,9086,8738,348,7879,859,2.88,2.15,8738,103,4807,3072
16712,49316,9285,8949,336,7926,1023,2.89,2.04,8949,113,5146,2780
16713,49318,519,484,35,417,67,2.36,3.54,484,12,194,223
16714,49319,7182,6997,185,6098,899,2.60,2.13,6997,234,3878,2220
16715,49320,319,112,207,74,38,1.93,3.21,112,0,16,58
16716,49321,7004,6731,273,4439,2292,2.63,2.04,6731,150,2560,1879
16717,49322,652,422,230,341,81,2.22,3.89,422,36,178,163
16718,49323,3890,3714,176,3622,92,2.89,2.61,3714,61,2572,1050
16719,49325,760,745,15,679,66,3.34,2.08,745,5,329,350
16720,49326,1858,1452,406,1349,103,2.83,3.50,1452,4,767,582
16721,49327,3387,3131,256,2583,548,2.78,2.95,3131,101,1550,1033
16722,49328,1760,1559,201,1395,164,2.78,1.85,1559,27,919,476
16723,49329,3547,3134,413,2655,479,2.79,2.91,3134,102,1717,938
16724,49330,1964,1855,109,1472,383,2.86,3.65,1855,33,923,549
16725,49331,6796,6600,196,5584,1016,2.75,2.14,6600,385,3740,1844
16726,49332,2516,1414,1102,1284,130,2.33,2.25,1414,60,647,637
16727,49333,5293,4835,458,4161,674,2.54,2.81,4835,158,2883,1278
16728,49335,12,12,0,12,0,5.75,-,12,0,12,0
16729,49336,1674,1540,134,1287,253,2.79,2.74,1540,54,637,650
16730,49337,6334,4768,1566,4038,730,2.60,2.39,4768,225,2339,1699
16731,49338,877,696,181,571,125,2.31,1.47,696,36,294,277
16732,49339,1153,823,330,746,77,2.87,1.99,823,17,478,268
16733,49340,1220,998,222,836,162,2.35,2.58,998,89,375,461
16734,49341,14541,14091,450,12866,1225,2.83,1.79,14091,383,9148,3718
16735,49342,783,547,236,467,80,2.27,3.36,547,25,242,225
16736,49343,2547,2177,370,1856,321,2.81,2.09,2177,83,1079,777
16737,49344,1958,1455,503,1256,199,2.53,3.01,1455,46,729,527
16738,49345,5303,4909,394,4240,669,2.86,1.99,4909,179,2608,1632
16739,49346,3108,2020,1088,1810,210,2.32,2.83,2020,41,1049,761
16740,49347,752,563,189,494,69,3.01,2.28,563,12,325,169
16741,49348,5457,5163,294,4143,1020,2.63,2.37,5163,156,2510,1633
16742,49349,4316,3026,1290,2572,454,2.50,2.43,3026,153,1212,1360
16743,49401,8564,8022,542,4542,3480,3.03,2.57,8022,186,3162,1380
16744,49402,1515,681,834,617,64,2.27,2.55,681,44,287,330
16745,49403,1039,934,105,860,74,2.65,2.70,934,5,467,393
16746,49404,3216,3087,129,2552,535,3.03,2.00,3087,228,1575,977
16747,49405,916,605,311,540,65,2.70,3.35,605,11,316,224
16748,49406,864,386,478,356,30,1.84,1.43,386,3,215,141
16749,49408,4846,3779,1067,3213,566,2.79,2.31,3779,107,1827,1386
16750,49409,61,61,0,61,0,2.00,-,61,22,61,0
16751,49410,1441,709,732,621,88,2.46,3.39,709,43,306,315
16752,49411,1137,720,417,691,29,2.21,1.34,720,9,294,397
16753,49412,5090,4454,636,3695,759,2.70,2.43,4454,180,2003,1692
16754,49415,2759,2643,116,2477,166,2.56,2.34,2643,115,1404,1073
16755,49417,14103,13079,1024,10225,2854,2.64,1.90,13079,627,6314,3911
16756,49418,12436,11774,662,8983,2791,2.65,1.84,11774,533,5687,3296
16757,49419,3064,3004,60,2657,347,3.01,2.74,3004,25,1716,941
16758,49420,2832,2319,513,1924,395,2.57,2.21,2319,174,967,957
16759,49421,2848,2130,718,1836,294,2.41,3.26,2130,74,905,931
16760,49423,18597,17196,1401,12541,4655,2.56,2.19,17196,1179,7538,5003
16761,49424,19067,18059,1008,13772,4287,2.77,2.33,18059,601,8169,5603
16762,49425,1503,1319,184,1117,202,2.78,3.15,1319,115,603,514
16763,49426,13850,13399,451,12108,1291,3.10,2.42,13399,152,8249,3859
16764,49428,10400,10250,150,8621,1629,2.88,1.94,10250,530,5707,2914
16765,49430,32,32,0,32,0,1.63,-,32,0,20,12
16766,49431,9818,7392,2426,5364,2028,2.35,2.14,7392,592,2794,2570
16767,49434,125,12,113,12,0,-,-,12,0,0,12
16768,49435,1373,1373,0,1244,129,2.78,3.13,1373,0,772,472
16769,49436,2379,733,1646,655,78,2.26,1.87,733,22,352,303
16770,49437,3219,2566,653,2193,373,2.60,2.20,2566,132,1218,975
16771,49440,813,657,156,135,522,2.31,1.13,657,158,100,35
16772,49441,16343,14690,1653,10535,4155,2.50,2.26,14690,979,6642,3893
16773,49442,17625,15716,1909,10476,5240,2.81,2.13,15716,1766,5839,4637
16774,49443,0,0,0,0,0,-,-,0,0,0,0
16775,49444,11186,9628,1558,6866,2762,2.64,2.83,9628,1059,3803,3063
16776,49445,9561,8712,849,7886,826,2.51,2.45,8712,209,4638,3248
16777,49446,1106,792,314,699,93,2.81,2.56,792,42,382,317
16778,49448,1680,1620,60,1325,295,2.55,2.48,1620,55,952,373
16779,49449,2598,1182,1416,1034,148,2.38,2.18,1182,49,590,444
16780,49450,1404,983,421,612,371,2.80,3.44,983,155,212,400
16781,49451,2432,2181,251,1909,272,2.97,2.27,2181,42,1236,673
16782,49452,893,763,130,681,82,2.71,3.21,763,29,430,251
16783,49453,2046,1256,790,1063,193,2.31,1.84,1256,86,409,654
16784,49454,2070,1770,300,1332,438,2.66,2.41,1770,99,763,569
16785,49455,2675,1808,867,1507,301,2.78,2.67,1808,59,821,686
16786,49456,9825,8775,1050,7114,1661,2.36,1.76,8775,276,4774,2340
16787,49457,4766,3990,776,3727,263,2.65,3.01,3990,111,2345,1382
16788,49458,102,38,64,35,3,2.63,3.33,38,0,18,17
16789,49459,1002,554,448,474,80,2.91,3.30,554,63,189,285
16790,49460,3242,2949,293,2745,204,2.72,3.06,2949,44,1668,1077
16791,49461,4038,3630,408,3137,493,2.52,2.74,3630,134,1673,1464
16792,49464,10690,10380,310,9184,1196,2.92,1.72,10380,332,6382,2802
16793,49503,17904,16301,1603,6368,9933,2.43,1.95,16301,2463,4260,2108
16794,49504,18332,16544,1788,9798,6746,2.58,2.18,16544,2393,6339,3459
16795,49505,14033,13575,458,8859,4716,2.46,2.25,13575,1124,6021,2838
16796,49506,13170,12462,708,9443,3019,2.74,2.23,12462,634,6567,2876
16797,49507,13406,12726,680,7727,4999,3.03,3.08,12726,1559,4830,2897
16798,49508,16239,15761,478,9307,6454,2.83,2.45,15761,1429,5744,3563
16799,49509,10889,10415,474,7258,3157,2.73,2.73,10415,817,4551,2707
16800,49512,8778,8530,248,3687,4843,2.57,1.68,8530,833,2487,1200
16801,49519,11549,10935,614,6129,4806,2.88,2.23,10935,1088,4576,1553
16802,49525,12398,11868,530,9646,2222,2.53,2.33,11868,386,5795,3851
16803,49534,9602,9323,279,6259,3064,2.72,1.85,9323,214,3731,2528
16804,49544,4472,4311,161,2546,1765,2.62,1.89,4311,240,1396,1150
16805,49546,13518,13084,434,8884,4200,2.65,1.99,13084,1200,5316,3568
16806,49548,12913,12437,476,8972,3465,2.82,2.73,12437,664,5011,3961
16807,49601,10543,8731,1812,6725,2006,2.61,2.17,8731,523,3833,2892
16808,49611,170,146,24,138,8,2.76,-,146,0,40,98
16809,49612,932,601,331,530,71,2.11,2.35,601,19,285,245
16810,49613,657,285,372,268,17,2.02,2.65,285,13,125,143
16811,49614,1928,1134,794,1073,61,2.66,2.70,1134,37,650,423
16812,49615,3581,1805,1776,1534,271,2.13,1.60,1805,168,855,679
16813,49616,1140,853,287,760,93,2.58,2.43,853,44,379,381
16814,49617,2518,1211,1307,1143,68,2.48,2.84,1211,42,683,460
16815,49618,494,363,131,317,46,2.28,3.35,363,4,125,192
16816,49619,660,358,302,315,43,2.59,2.53,358,9,174,141
16817,49620,1187,976,211,816,160,2.77,3.56,976,0,511,305
16818,49621,2027,1404,623,1285,119,2.65,2.18,1404,13,836,449
16819,49622,1844,1035,809,915,120,2.40,2.83,1035,38,491,424
16820,49623,881,422,459,397,25,3.23,3.40,422,31,208,189
16821,49625,805,493,312,448,45,2.35,2.71,493,25,236,212
16822,49626,185,115,70,114,1,2.15,9.00,115,6,44,70
16823,49627,233,80,153,73,7,1.89,2.57,80,0,19,54
16824,49628,207,81,126,77,4,3.49,6.50,81,0,50,27
16825,49629,1576,960,616,764,196,2.00,2.01,960,11,375,389
16826,49630,1405,682,723,620,62,2.07,2.55,682,31,351,269
16827,49631,3641,2208,1433,1807,401,2.31,2.56,2208,163,851,956
16828,49632,794,475,319,406,69,2.00,2.91,475,33,143,263
16829,49633,2822,1470,1352,1306,164,2.26,2.33,1470,55,732,574
16830,49634,50,40,10,40,0,2.90,-,40,0,11,29
16831,49635,2996,1318,1678,1099,219,2.34,2.08,1318,86,504,595
16832,49636,1303,257,1046,257,0,1.95,-,257,6,124,133
16833,49637,1542,1135,407,1046,89,3.08,2.92,1135,0,663,383
16834,49638,627,339,288,304,35,2.67,2.14,339,14,158,146
16835,49639,1237,958,279,816,142,2.50,2.25,958,40,352,464
16836,49640,1309,549,760,526,23,2.57,2.35,549,16,257,269
16837,49642,1169,383,786,290,93,2.64,1.75,383,84,118,172
16838,49643,3470,2817,653,2466,351,2.54,2.60,2817,42,1933,533
16839,49644,3084,801,2283,750,51,2.54,1.88,801,30,345,405
16840,49645,1080,685,395,567,118,2.43,2.95,685,28,257,310
16841,49646,5584,3455,2129,2744,711,2.43,2.38,3455,224,1577,1167
16842,49648,2052,1150,902,1078,72,2.09,3.00,1150,8,678,400
16843,49649,2712,2273,439,1958,315,3.16,2.86,2273,54,1276,682
16844,49650,1463,1268,195,1203,65,2.72,3.08,1268,8,830,373
16845,49651,4975,3102,1873,2536,566,2.43,2.66,3102,103,1286,1250
16846,49653,1417,733,684,691,42,2.37,2.93,733,13,386,305
16847,49654,662,292,370,201,91,2.64,1.97,292,13,117,84
16848,49655,2014,1168,846,1058,110,2.98,2.50,1168,53,599,459
16849,49656,1536,625,911,546,79,2.80,2.86,625,27,203,343
16850,49657,1556,1327,229,1029,298,2.91,2.00,1327,116,568,461
16851,49659,4571,2826,1745,2489,337,2.52,2.59,2826,110,1308,1181
16852,49660,7672,5614,2058,4595,1019,2.45,2.04,5614,401,2320,2275
16853,49663,2775,2157,618,1799,358,2.77,2.89,2157,110,968,831
16854,49664,1322,802,520,726,76,2.35,2.34,802,20,378,348
16855,49665,2213,1545,668,1369,176,2.56,2.70,1545,115,696,673
16856,49667,502,264,238,199,65,2.10,3.60,264,7,76,123
16857,49668,1873,1299,574,1113,186,2.47,3.01,1299,73,657,456
16858,49670,1774,825,949,777,48,2.27,2.31,825,2,326,451
16859,49674,257,41,216,41,0,2.05,-,41,0,12,29
16860,49675,905,376,529,312,64,2.03,2.13,376,4,133,179
16861,49676,2431,1410,1021,1263,147,2.45,2.61,1410,17,669,594
16862,49677,3514,2728,786,2148,580,2.79,2.23,2728,254,959,1189
16863,49679,983,449,534,416,33,2.56,2.61,449,32,208,208
16864,49680,943,677,266,619,58,3.04,3.66,677,27,345,274
16865,49682,2510,1832,678,1547,285,2.45,2.28,1832,69,928,619
16866,49683,1642,812,830,661,151,2.60,2.32,812,27,386,275
16867,49684,10348,8985,1363,5977,3008,2.55,1.77,8985,1100,3657,2320
16868,49685,9216,8353,863,6504,1849,2.52,2.30,8353,331,4234,2270
16869,49686,12856,11063,1793,7992,3071,2.25,1.99,11063,812,4599,3393
16870,49688,1261,836,425,720,116,2.81,2.46,836,26,352,368
16871,49689,1545,612,933,569,43,2.43,2.14,612,37,353,216
16872,49690,3458,2517,941,2188,329,2.67,2.33,2517,83,1339,849
16873,49696,4597,3848,749,3422,426,2.65,2.63,3848,86,2414,1008
16874,49701,782,358,424,284,74,2.03,2.34,358,2,115,169
16875,49705,496,322,174,269,53,2.87,2.49,322,19,196,73
16876,49706,2772,2081,691,1612,469,2.30,2.04,2081,16,1134,478
16877,49707,11848,9889,1959,7465,2424,2.29,1.83,9889,860,3729,3736
16878,49709,3917,1639,2278,1495,144,2.10,1.81,1639,85,639,856
16879,49710,425,181,244,139,42,2.05,1.57,181,0,44,95
16880,49712,5082,3738,1344,3153,585,2.22,2.00,3738,134,1854,1299
16881,49713,1423,920,503,826,94,2.48,2.66,920,16,523,303
16882,49715,1988,1334,654,1161,173,2.54,2.96,1334,100,581,580
16883,49716,616,328,288,319,9,3.08,1.89,328,17,177,142
16884,49717,155,73,82,73,0,1.77,-,73,0,60,13
16885,49718,722,260,462,191,69,2.31,4.01,260,17,83,108
16886,49719,1640,648,992,542,106,2.13,1.64,648,18,262,280
16887,49720,6093,4160,1933,3188,972,2.15,1.96,4160,279,1884,1304
16888,49721,8563,5658,2905,4740,918,2.38,2.50,5658,369,2368,2372
16889,49722,149,43,106,43,0,2.30,-,43,0,13,30
16890,49724,451,367,84,343,24,2.85,2.67,367,15,192,151
16891,49725,834,299,535,285,14,2.07,2.36,299,3,117,168
16892,49726,1524,552,972,513,39,1.87,1.36,552,25,278,235
16893,49727,4143,2919,1224,2465,454,2.40,1.89,2919,204,1369,1096
16894,49728,597,148,449,127,21,2.61,2.62,148,12,60,67
16895,49729,1068,666,402,593,73,2.28,2.10,666,20,350,243
16896,49730,1362,799,563,735,64,2.49,2.88,799,66,388,347
16897,49733,1559,730,829,642,88,2.52,1.85,730,36,383,259
16898,49735,11421,8583,2838,6261,2322,2.46,1.97,8583,581,4035,2226
16899,49736,485,219,266,200,19,1.97,-,219,19,73,127
16900,49738,7290,4127,3163,3245,882,2.34,1.96,4127,288,1866,1379
16901,49740,6151,3220,2931,2868,352,2.29,2.10,3220,100,1541,1327
16902,49743,728,349,379,337,12,2.47,2.17,349,46,132,205
16903,49744,484,339,145,296,43,2.42,1.98,339,21,136,160
16904,49745,1018,471,547,326,145,2.01,2.83,471,48,139,187
16905,49746,2685,1545,1140,1282,263,2.14,1.99,1545,161,665,617
16906,49747,1674,872,802,789,83,2.26,3.88,872,23,364,425
16907,49748,273,71,202,62,9,1.77,1.89,71,4,25,37
16908,49749,3721,2047,1674,1744,303,2.15,2.46,2047,59,838,906
16909,49751,1863,870,993,771,99,2.40,2.29,870,28,493,278
16910,49752,310,292,18,266,26,2.39,1.96,292,21,181,85
16911,49753,1429,798,631,745,53,2.33,2.68,798,30,368,377
16912,49755,1232,760,472,697,63,2.22,2.37,760,51,365,332
16913,49756,4498,1809,2689,1620,189,2.15,1.50,1809,65,886,734
16914,49757,1067,424,643,152,272,2.24,1.85,424,289,88,64
16915,49759,1663,708,955,663,45,1.90,2.18,708,24,283,380
16916,49760,778,357,421,331,26,2.03,2.85,357,33,132,199
16917,49762,751,297,454,277,20,2.06,1.35,297,16,83,194
16918,49764,79,79,0,36,43,-,1.63,79,36,0,36
16919,49765,2797,1713,1084,1459,254,2.46,2.43,1713,88,632,827
16920,49766,1168,901,267,794,107,2.69,2.33,901,67,435,359
16921,49768,943,191,752,168,23,2.02,4.52,191,8,42,126
16922,49769,992,685,307,538,147,2.62,2.53,685,19,344,194
16923,49770,9977,7305,2672,5117,2188,2.56,1.83,7305,469,2970,2147
16924,49774,1290,924,366,845,79,2.40,1.57,924,11,498,347
16925,49775,540,24,516,24,0,2.13,-,24,0,6,18
16926,49776,1020,672,348,579,93,2.26,2.43,672,44,260,319
16927,49777,1851,867,984,840,27,2.13,1.89,867,6,386,454
16928,49779,2689,2086,603,1766,320,2.22,1.89,2086,130,881,885
16929,49780,985,584,401,548,36,2.72,3.14,584,33,276,272
16930,49781,2181,1692,489,1117,575,2.14,1.61,1692,129,582,535
16931,49782,994,301,693,277,24,2.04,2.13,301,6,107,170
16932,49783,9148,7786,1362,4965,2821,2.61,1.89,7786,702,2984,1981
16933,49784,0,0,0,0,0,-,-,0,0,0,0
16934,49788,968,879,89,362,517,4.10,3.71,879,117,237,125
16935,49791,243,106,137,87,19,2.45,3.21,106,3,65,22
16936,49793,444,62,382,62,0,1.98,-,62,0,22,40
16937,49795,1205,791,414,634,157,2.47,1.87,791,61,373,261
16938,49796,272,171,101,133,38,1.86,2.63,171,7,50,83
16939,49799,1509,917,592,810,107,2.54,2.21,917,11,389,421
16940,49801,5743,5216,527,4216,1000,2.27,1.85,5216,460,2137,2079
16941,49802,2759,2635,124,1957,678,2.41,1.79,2635,214,1125,832
16942,49805,293,211,82,178,33,2.22,2.09,211,12,93,85
16943,49806,744,238,506,223,15,2.59,4.33,238,4,134,89
16944,49807,1706,1402,304,1254,148,2.49,1.99,1402,51,697,557
16945,49808,570,122,448,90,32,2.50,-,122,0,48,42
16946,49812,532,335,197,289,46,2.36,2.04,335,10,137,152
16947,49814,767,438,329,412,26,2.62,3.15,438,8,195,217
16948,49815,467,132,335,121,11,2.02,-,132,7,57,64
16949,49816,439,280,159,266,14,2.94,1.21,280,6,119,147
16950,49817,344,262,82,234,28,2.55,1.89,262,23,126,108
16951,49818,854,470,384,458,12,2.40,3.25,470,10,263,195
16952,49820,263,106,157,89,17,1.69,2.76,106,5,37,52
16953,49821,938,506,432,465,41,2.64,2.80,506,7,216,249
16954,49822,225,83,142,70,13,2.51,2.62,83,3,36,34
16955,49825,139,94,45,94,0,2.57,-,94,0,83,11
16956,49826,52,52,0,16,36,4.81,1.39,52,0,4,12
16957,49827,764,427,337,325,102,2.79,2.16,427,42,187,138
16958,49829,8590,7573,1017,5232,2341,2.31,1.83,7573,1022,2706,2526
16959,49831,596,262,334,253,9,2.24,3.89,262,3,128,125
16960,49833,58,42,16,42,0,1.81,-,42,0,33,9
16961,49834,364,210,154,193,17,2.27,2.41,210,3,72,121
16962,49835,557,314,243,286,28,2.15,1.43,314,15,115,171
16963,49836,1053,464,589,411,53,2.22,2.28,464,20,209,202
16964,49837,4236,3782,454,3096,686,2.61,2.50,3782,193,1695,1401
16965,49838,590,204,386,195,9,1.61,1.33,204,5,68,127
16966,49839,602,161,441,124,37,2.14,1.92,161,0,26,98
16967,49840,674,306,368,281,25,2.18,2.04,306,11,105,176
16968,49841,3959,2840,1119,1927,913,2.65,2.39,2840,157,962,965
16969,49847,618,478,140,407,71,2.58,1.92,478,23,160,247
16970,49848,83,41,42,36,5,1.97,2.40,41,0,8,28
16971,49849,6142,4892,1250,3947,945,2.58,1.92,4892,316,2364,1583
16972,49852,86,57,29,54,3,2.44,-,57,0,23,31
16973,49853,1207,455,752,418,37,1.93,2.59,455,25,176,242
16974,49854,4330,2824,1506,2351,473,2.25,1.66,2824,193,1130,1221
16975,49855,15019,13278,1741,8200,5078,2.47,1.94,13278,791,4586,3614
16976,49858,6320,5229,1091,3973,1256,2.40,1.90,5229,576,1923,2050
16977,49861,660,224,436,213,11,2.30,1.55,224,14,99,114
16978,49862,2326,1446,880,1089,357,2.74,1.91,1446,150,537,552
16979,49863,96,74,22,74,0,2.42,-,74,3,21,53
16980,49864,58,26,32,20,6,1.45,-,26,6,11,9
16981,49866,3899,3343,556,2897,446,2.54,1.80,3343,206,1872,1025
16982,49868,2953,1703,1250,1250,453,2.17,2.01,1703,117,640,610
16983,49870,1860,1547,313,1267,280,2.38,1.50,1547,103,728,539
16984,49871,245,220,25,179,41,2.65,2.56,220,37,96,83
16985,49872,154,98,56,80,18,2.68,2.50,98,1,54,26
16986,49873,220,43,177,43,0,2.05,-,43,0,18,25
16987,49874,479,369,110,286,83,2.53,1.54,369,44,163,123
16988,49876,590,496,94,464,32,2.58,-,496,25,228,236
16989,49877,151,4,147,2,2,2.00,1.50,4,0,0,2
16990,49878,2737,1467,1270,1340,127,2.18,2.53,1467,80,700,640
16991,49879,1091,554,537,485,69,2.10,1.46,554,50,145,340
16992,49880,927,489,438,440,49,2.28,1.76,489,10,238,202
16993,49881,268,138,130,128,10,2.63,2.70,138,1,57,71
16994,49883,262,61,201,56,5,2.43,-,61,0,11,45
16995,49884,379,222,157,158,64,2.41,1.70,222,25,55,103
16996,49885,1073,673,400,657,16,2.57,2.81,673,31,397,260
16997,49886,254,226,28,195,31,2.13,4.10,226,5,71,124
16998,49887,1852,1061,791,906,155,2.57,2.19,1061,40,438,468
16999,49891,423,210,213,200,10,3.24,4.20,210,2,88,112
17000,49892,1363,829,534,755,74,2.32,2.72,829,25,317,438
17001,49893,782,559,223,531,28,2.11,3.21,559,30,226,305
17002,49894,312,312,0,312,0,2.61,-,312,0,111,201
17003,49895,1266,338,928,273,65,2.70,1.78,338,5,134,139
17004,49896,679,521,158,392,129,2.94,3.43,521,28,180,212
17005,49901,231,145,86,144,1,1.75,-,145,4,52,92
17006,49902,142,104,38,89,15,1.67,1.67,104,9,35,54
17007,49903,342,114,228,104,10,1.40,-,114,4,16,88
17008,49905,908,760,148,698,62,3.34,3.06,760,34,370,328
17009,49908,1259,1006,253,703,303,2.52,1.78,1006,135,398,305
17010,49910,277,128,149,120,8,1.87,-,128,1,41,79
17011,49911,1829,1181,648,973,208,2.21,2.04,1181,83,496,477
17012,49912,829,422,407,376,46,2.10,2.72,422,14,130,246
17013,49913,3862,2968,894,2214,754,2.58,1.91,2968,359,939,1275
17014,49915,305,223,82,179,44,2.07,2.55,223,35,63,116
17015,49916,1660,1215,445,985,230,2.65,1.59,1215,33,573,412
17016,49917,108,81,27,75,6,3.55,4.17,81,3,38,37
17017,49918,136,56,80,46,10,2.26,1.70,56,4,9,37
17018,49919,164,51,113,51,0,1.69,-,51,2,12,39
17019,49920,3228,1828,1400,1649,179,2.23,1.58,1828,94,708,941
17020,49921,166,117,49,34,83,3.79,2.86,117,9,34,0
17021,49922,419,348,71,274,74,2.49,3.04,348,15,126,148
17022,49925,530,259,271,227,32,2.28,1.41,259,22,80,147
17023,49927,237,166,71,155,11,2.57,3.91,166,6,56,99
17024,49929,119,78,41,78,0,2.41,-,78,2,33,45
17025,49930,3309,2662,647,1724,938,2.87,2.15,2662,221,831,893
17026,49931,3502,3095,407,1277,1818,2.83,2.10,3095,545,738,539
17027,49934,453,354,99,329,25,1.94,1.28,354,6,160,169
17028,49935,4516,2612,1904,2061,551,2.24,2.44,2612,253,975,1086
17029,49938,4750,3704,1046,2823,881,2.11,1.83,3704,374,1087,1736
17030,49942,91,91,0,78,13,1.87,-,91,10,28,50
17031,49945,2307,1295,1012,1029,266,2.40,1.86,1295,88,425,604
17032,49946,2230,1579,651,1224,355,2.48,1.92,1579,77,538,686
17033,49947,853,324,529,319,5,2.03,2.80,324,6,108,211
17034,49948,510,229,281,207,22,2.18,4.09,229,16,64,143
17035,49950,1257,527,730,463,64,1.94,1.52,527,12,207,256
17036,49952,169,53,116,46,7,2.43,1.71,53,0,25,21
17037,49953,1929,1097,832,936,161,2.10,1.58,1097,75,346,590
17038,49955,217,139,78,139,0,3.46,-,139,4,65,74
17039,49958,871,381,490,365,16,2.21,2.75,381,0,131,234
17040,49959,286,186,100,141,45,2.11,2.36,186,22,42,99
17041,49960,175,85,90,85,0,2.62,-,85,2,37,48
17042,49961,253,62,191,62,0,2.50,-,62,3,19,43
17043,49962,422,111,311,109,2,1.97,-,111,5,29,80
17044,49963,315,245,70,189,56,2.02,3.13,245,20,110,79
17045,49965,584,240,344,235,5,2.11,1.40,240,3,71,164
17046,49967,595,192,403,189,3,2.19,2.33,192,6,61,128
17047,49968,1355,933,422,783,150,2.23,1.96,933,45,324,459
17048,49969,1553,517,1036,406,111,1.93,2.30,517,52,178,228
17049,49970,276,140,136,129,11,2.04,2.45,140,4,58,71
17050,49971,323,205,118,191,14,2.35,1.64,205,7,43,148
17051,50001,252,230,22,207,23,2.89,2.39,230,7,129,78
17052,50002,703,589,114,437,152,2.60,2.55,589,17,274,163
17053,50003,3609,3441,168,2678,763,2.79,1.92,3441,151,2001,677
17054,50005,413,374,39,312,62,2.71,1.97,374,2,133,179
17055,50006,722,674,48,443,231,2.47,2.37,674,12,192,251
17056,50007,203,203,0,203,0,2.71,-,203,1,148,55
17057,50008,375,317,58,264,53,2.59,1.79,317,0,129,135
17058,50009,8130,7688,442,5402,2286,2.73,2.50,7688,320,4085,1317
17059,50010,14752,14020,732,7495,6525,2.34,2.02,14020,1062,4131,3364
17060,50012,0,0,0,0,0,-,-,0,0,0,0
17061,50013,0,0,0,0,0,-,-,0,0,0,0
17062,50014,14191,12611,1580,4675,7936,2.64,2.09,12611,974,2933,1742
17063,50020,620,535,85,470,65,2.27,2.69,535,5,237,233
17064,50021,11855,11411,444,8487,2924,2.51,2.10,11411,268,6107,2380
17065,50022,4104,3789,315,2500,1289,2.48,1.79,3789,319,1308,1192
17066,50023,16428,15555,873,11115,4440,2.95,2.07,15555,240,8718,2397
17067,50025,1545,1357,188,1059,298,2.10,2.36,1357,110,504,555
17068,50026,273,201,72,159,42,2.45,2.31,201,2,82,77
17069,50027,169,157,12,112,45,2.11,2.58,157,5,88,24
17070,50028,734,668,66,517,151,2.57,2.01,668,9,288,229
17071,50029,300,248,52,209,39,2.15,2.26,248,4,80,129
17072,50031,26,16,10,16,0,3.75,-,16,0,12,4
17073,50032,238,238,0,238,0,2.71,-,238,0,39,199
17074,50033,7,7,0,6,1,2.50,-,7,0,0,6
17075,50034,236,134,102,110,24,2.79,4.21,134,1,43,67
17076,50035,3082,2987,95,2713,274,3.09,2.76,2987,18,2391,322
17077,50036,7193,6521,672,5127,1394,2.53,2.29,6521,370,3205,1922
17078,50038,90,90,0,90,0,2.96,-,90,0,38,52
17079,50039,191,182,9,153,29,2.95,3.10,182,8,69,84
17080,50040,84,66,18,44,22,1.77,2.05,66,0,22,22
17081,50041,76,47,29,26,21,2.96,-,47,0,26,0
17082,50042,117,88,29,80,8,2.14,3.75,88,3,43,37
17083,50044,422,400,22,342,58,2.56,2.26,400,11,213,129
17084,50046,837,729,108,615,114,2.58,2.02,729,4,382,233
17085,50047,2234,2234,0,1884,350,2.88,2.70,2234,58,1336,548
17086,50048,364,339,25,249,90,2.58,2.91,339,11,151,98
17087,50049,2906,2651,255,1895,756,2.48,1.92,2651,302,976,919
17088,50050,317,283,34,229,54,2.38,2.46,283,9,108,121
17089,50051,166,136,30,134,2,2.09,4.00,136,0,80,54
17090,50052,55,43,12,38,5,2.47,-,43,5,15,23
17091,50054,1308,1120,188,919,201,2.96,2.19,1120,40,597,322
17092,50055,465,456,9,333,123,2.77,2.37,456,9,185,148
17093,50056,491,484,7,391,93,2.51,2.13,484,15,256,135
17094,50057,139,112,27,112,0,2.53,-,112,0,64,48
17095,50058,892,762,130,580,182,2.39,2.04,762,29,293,287
17096,50060,1179,1002,177,732,270,2.54,2.34,1002,56,379,353
17097,50061,815,793,22,767,26,3.13,2.50,793,17,413,354
17098,50062,323,292,31,238,54,2.55,2.33,292,18,150,88
17099,50063,1043,971,72,835,136,2.65,1.76,971,4,567,268
17100,50064,107,63,44,43,20,1.81,1.80,63,1,7,36
17101,50065,343,274,69,217,57,2.24,1.37,274,31,97,120
17102,50066,153,111,42,94,17,1.90,3.53,111,0,46,48
17103,50067,167,113,54,108,5,3.10,2.20,113,6,49,59
17104,50068,138,115,23,114,1,2.26,4.00,115,3,47,67
17105,50069,453,409,44,338,71,2.62,2.58,409,17,178,160
17106,50070,650,484,166,403,81,2.28,2.41,484,7,211,192
17107,50071,506,381,125,311,70,2.67,1.97,381,6,96,215
17108,50072,1170,1059,111,890,169,2.80,2.14,1059,10,654,236
17109,50073,527,497,30,422,75,2.22,2.07,497,0,337,85
17110,50074,594,143,451,119,24,2.02,2.17,143,2,38,81
17111,50075,344,310,34,224,86,2.46,2.22,310,12,129,95
17112,50076,687,648,39,545,103,2.28,2.06,648,13,208,337
17113,50078,58,44,14,32,12,2.28,2.25,44,2,8,24
17114,50101,19,15,4,7,8,2.43,4.13,15,0,3,4
17115,50102,50,50,0,50,0,3.02,-,50,0,26,24
17116,50103,173,155,18,133,22,2.41,2.73,155,4,68,65
17117,50104,42,41,1,30,11,1.63,2.27,41,0,5,25
17118,50105,467,467,0,393,74,2.46,1.86,467,3,307,86
17119,50106,466,429,37,358,71,2.35,1.83,429,4,192,166
17120,50107,397,361,36,247,114,2.64,2.61,361,13,145,102
17121,50108,239,151,88,127,24,2.89,1.75,151,5,34,93
17122,50109,1386,1325,61,1146,179,2.53,1.77,1325,27,871,275
17123,50110,24,18,6,18,0,2.00,-,18,0,5,13
17124,50111,5945,5945,0,4149,1796,2.87,1.98,5945,384,3343,806
17125,50112,4997,4782,215,3075,1707,2.50,1.60,4782,524,1823,1252
17126,50115,1334,1151,183,885,266,2.36,1.86,1151,65,473,412
17127,50116,83,70,13,69,1,2.43,2.00,70,0,20,49
17128,50117,92,61,31,49,12,2.37,2.75,61,0,15,34
17129,50118,351,321,30,299,22,2.62,2.86,321,6,191,108
17130,50119,162,139,23,108,31,2.34,1.84,139,5,36,72
17131,50120,207,179,28,157,22,2.01,3.45,179,0,101,56
17132,50122,599,575,24,501,74,2.40,2.34,575,15,158,343
17133,50123,458,361,97,305,56,2.17,2.46,361,12,136,169
17134,50124,1608,1604,4,1420,184,3.00,1.83,1604,115,984,436
17135,50125,7961,7523,438,5484,2039,2.70,1.94,7523,338,3807,1677
17136,50126,3114,2767,347,1968,799,2.27,2.05,2767,200,1123,845
17137,50127,36,0,36,0,0,-,-,0,0,0,0
17138,50128,171,156,15,125,31,2.00,3.74,156,3,56,69
17139,50129,2660,2313,347,1692,621,2.34,1.91,2313,109,966,726
17140,50130,625,575,50,483,92,2.87,2.26,575,12,347,136
17141,50131,9716,9352,364,6620,2732,2.62,2.19,9352,305,4785,1835
17142,50132,159,139,20,100,39,2.78,2.28,139,2,54,46
17143,50133,299,219,80,173,46,2.17,2.33,219,0,98,75
17144,50134,314,303,11,234,69,2.61,2.51,303,2,177,57
17145,50135,634,550,84,419,131,2.44,3.44,550,0,224,195
17146,50136,208,175,33,136,39,2.38,3.26,175,4,58,78
17147,50137,36,36,0,22,14,3.36,-,36,0,17,5
17148,50138,5529,5106,423,3715,1391,2.48,1.84,5106,247,1959,1756
17149,50139,568,456,112,419,37,2.14,2.19,456,3,201,218
17150,50140,1221,1056,165,623,433,2.58,1.78,1056,101,342,281
17151,50141,211,185,26,177,8,2.52,1.75,185,0,106,71
17152,50142,408,358,50,301,57,2.23,2.00,358,5,180,121
17153,50143,230,230,0,183,47,2.49,1.96,230,0,103,80
17154,50144,1288,1069,219,647,422,2.78,1.71,1069,76,322,325
17155,50145,74,33,41,33,0,1.67,-,33,3,22,11
17156,50146,201,181,20,144,37,2.26,2.65,181,5,47,97
17157,50147,202,159,43,115,44,1.87,1.89,159,3,42,73
17158,50148,188,179,9,156,23,2.04,1.96,179,2,112,44
17159,50149,462,353,109,268,85,2.93,2.46,353,35,155,113
17160,50150,410,377,33,326,51,2.81,1.84,377,10,157,169
17161,50151,303,257,46,237,20,2.32,3.80,257,3,119,118
17162,50152,74,65,9,54,11,2.50,2.73,65,3,38,16
17163,50153,431,404,27,349,55,2.33,2.09,404,9,125,224
17164,50154,278,261,17,205,56,2.43,1.84,261,15,131,74
17165,50155,104,85,19,77,8,2.00,2.63,85,0,38,39
17166,50156,2128,1986,142,1664,322,2.51,2.02,1986,47,1046,618
17167,50157,335,289,46,169,120,2.29,2.43,289,4,95,74
17168,50158,12691,11669,1022,8010,3659,2.69,2.32,11669,978,4550,3460
17169,50160,246,240,6,181,59,2.12,2.46,240,7,112,69
17170,50161,937,857,80,733,124,2.63,1.99,857,23,475,258
17171,50162,550,526,24,363,163,2.61,2.40,526,8,236,127
17172,50163,364,320,44,268,52,2.12,3.35,320,14,130,138
17173,50164,310,256,54,217,39,2.51,1.77,256,4,85,132
17174,50165,19,16,3,14,2,2.43,2.50,16,1,7,7
17175,50166,679,673,6,617,56,2.65,2.39,673,2,395,222
17176,50167,361,332,29,254,78,2.78,2.26,332,0,165,89
17177,50168,404,349,55,281,68,2.67,2.87,349,0,210,71
17178,50169,978,931,47,750,181,2.53,2.64,931,7,519,231
17179,50170,1292,1241,51,1026,215,2.55,2.52,1241,15,693,333
17180,50171,1607,1163,444,833,330,2.17,2.06,1163,39,290,543
17181,50173,375,329,46,271,58,1.94,4.03,329,1,83,188
17182,50174,516,444,72,359,85,3.23,2.49,444,6,169,190
17183,50201,3799,3551,248,2649,902,2.35,2.12,3551,215,1477,1172
17184,50206,246,187,59,157,30,2.53,2.43,187,0,105,52
17185,50207,1120,972,148,717,255,2.41,2.27,972,28,397,320
17186,50208,8884,7752,1132,5670,2082,2.58,1.99,7752,618,3506,2164
17187,50210,602,584,18,535,49,2.40,3.51,584,9,371,164
17188,50211,5908,5670,238,4775,895,2.69,2.21,5670,85,3505,1270
17189,50212,1381,1213,168,974,239,2.45,2.39,1213,28,611,363
17190,50213,3286,2901,385,1946,955,2.66,2.14,2901,301,1151,795
17191,50214,281,281,0,264,17,2.92,-,281,0,188,76
17192,50216,1789,1152,637,975,177,2.46,2.14,1152,30,582,393
17193,50217,259,222,37,195,27,2.26,1.56,222,7,99,96
17194,50218,152,138,14,124,14,1.98,2.07,138,0,88,36
17195,50219,5117,4956,161,3596,1360,2.65,1.90,4956,147,2332,1264
17196,50220,3895,3557,338,2230,1327,2.63,2.32,3557,313,1315,915
17197,50222,220,167,53,160,7,2.61,4.00,167,1,69,91
17198,50223,222,141,81,104,37,2.39,1.78,141,2,60,44
17199,50225,1321,1273,48,997,276,2.55,2.42,1273,25,637,360
17200,50226,2418,2362,56,2147,215,2.72,3.13,2362,9,1794,353
17201,50227,44,27,17,21,6,4.00,-,27,0,13,8
17202,50228,997,932,65,724,208,2.83,2.84,932,3,504,220
17203,50229,444,369,75,367,2,2.96,4.50,369,0,265,102
17204,50230,489,393,96,349,44,2.57,1.89,393,16,217,132
17205,50231,77,73,4,60,13,1.93,1.46,73,0,33,27
17206,50232,263,263,0,179,84,2.59,1.67,263,3,100,79
17207,50233,625,552,73,490,62,2.53,2.68,552,23,292,198
17208,50234,215,187,28,177,10,2.56,1.50,187,2,103,74
17209,50235,152,122,30,90,32,2.52,2.41,122,2,56,34
17210,50236,807,783,24,650,133,2.31,2.14,783,84,436,214
17211,50237,1357,1352,5,1235,117,2.44,2.22,1352,129,768,467
17212,50238,596,515,81,453,62,2.68,2.98,515,12,158,295
17213,50239,48,32,16,26,6,2.81,-,32,6,22,4
17214,50240,980,894,86,740,154,2.63,2.36,894,4,501,239
17215,50241,59,55,4,40,15,2.33,1.53,55,5,21,19
17216,50242,200,194,6,154,40,2.92,1.75,194,6,95,59
17217,50243,147,129,18,111,18,2.72,2.61,129,5,72,39
17218,50244,799,781,18,655,126,2.45,1.89,781,23,358,297
17219,50246,334,294,40,212,82,2.70,1.94,294,9,120,92
17220,50247,993,905,88,701,204,2.83,2.25,905,56,443,258
17221,50248,1895,1759,136,1296,463,2.30,2.13,1759,73,683,613
17222,50249,602,524,78,435,89,2.37,2.58,524,10,190,245
17223,50250,1096,1018,78,787,231,2.47,1.89,1018,20,388,399
17224,50251,565,550,15,478,72,2.65,2.28,550,0,270,208
17225,50252,213,114,99,112,2,2.01,2.50,114,0,44,68
17226,50254,83,80,3,80,0,4.05,-,80,6,36,44
17227,50255,44,40,4,40,0,1.78,-,40,0,3,37
17228,50256,304,262,42,234,28,2.15,2.18,262,0,164,70
17229,50257,432,392,40,342,50,3.11,2.40,392,1,227,115
17230,50258,428,378,50,348,30,2.40,3.83,378,15,108,240
17231,50261,1064,1007,57,870,137,2.99,2.41,1007,14,628,242
17232,50262,136,116,20,112,4,2.07,1.50,116,7,44,68
17233,50263,9964,9513,451,6881,2632,2.75,1.95,9513,372,5435,1446
17234,50264,225,203,22,178,25,2.47,3.48,203,0,98,80
17235,50265,15173,14380,793,9380,5000,2.41,1.94,14380,420,6810,2570
17236,50266,17728,16383,1345,8620,7763,2.46,1.77,16383,593,5836,2784
17237,50268,458,390,68,280,110,2.43,3.31,390,17,83,197
17238,50269,110,62,48,49,13,1.96,2.46,62,2,20,29
17239,50271,326,250,76,210,40,2.40,2.55,250,5,81,129
17240,50272,68,54,14,52,2,2.92,5.50,54,8,24,28
17241,50273,3634,3441,193,2651,790,2.48,2.15,3441,223,1821,830
17242,50274,140,90,50,73,17,1.71,1.24,90,6,24,49
17243,50275,230,209,21,175,34,2.50,1.50,209,1,111,64
17244,50276,898,855,43,765,90,2.65,2.06,855,66,440,325
17245,50277,211,200,11,162,38,2.76,1.58,200,9,92,70
17246,50278,339,308,31,235,73,2.30,2.10,308,2,117,118
17247,50309,6673,6141,532,727,5414,1.70,1.41,6141,1360,618,109
17248,50310,13815,13007,808,9221,3786,2.57,2.09,13007,767,6891,2330
17249,50311,6891,6386,505,3069,3317,2.42,1.96,6386,720,2173,896
17250,50312,8199,7767,432,4969,2798,2.27,1.53,7767,585,3250,1719
17251,50313,7543,6955,588,5146,1809,2.45,2.84,6955,306,3221,1925
17252,50314,4640,3909,731,1598,2311,3.27,2.20,3909,515,1113,485
17253,50315,16280,14956,1324,9104,5852,2.51,2.07,14956,1630,6044,3060
17254,50316,6128,5376,752,3350,2026,3.01,2.55,5376,497,2234,1116
17255,50317,15109,14082,1027,9936,4146,2.57,2.50,14082,913,6775,3161
17256,50319,0,0,0,0,0,-,-,0,0,0,0
17257,50320,8671,8067,604,6016,2051,2.94,2.69,8067,347,4009,2007
17258,50321,3587,3377,210,1975,1402,2.23,2.89,3377,76,1087,888
17259,50322,13271,12592,679,8899,3693,2.52,2.46,12592,407,5683,3216
17260,50323,5576,5435,141,4879,556,3.14,1.42,5435,159,3805,1074
17261,50324,2328,2137,191,1629,508,2.31,2.78,2137,59,1091,538
17262,50325,7282,6959,323,5322,1637,2.72,2.33,6959,404,3597,1725
17263,50327,4560,4503,57,3566,937,2.78,2.39,4503,164,2494,1072
17264,50401,14680,13410,1270,9038,4372,2.18,1.96,13410,749,5374,3664
17265,50420,164,146,18,115,31,2.82,2.29,146,1,41,74
17266,50421,1272,1124,148,899,225,2.57,1.80,1124,39,415,484
17267,50423,1295,1118,177,932,186,2.09,2.16,1118,47,445,487
17268,50424,806,714,92,574,140,2.30,1.95,714,5,230,344
17269,50426,53,46,7,35,11,1.91,2.64,46,0,28,7
17270,50427,77,77,0,77,0,2.08,-,77,0,0,77
17271,50428,5542,4138,1404,2994,1144,2.38,1.54,4138,246,1397,1597
17272,50430,231,191,40,152,39,1.93,2.00,191,11,57,95
17273,50431,104,80,24,49,31,2.47,2.55,80,0,27,22
17274,50432,123,114,9,94,20,2.41,1.90,114,0,48,46
17275,50433,87,81,6,77,4,2.57,3.75,81,1,30,47
17276,50434,279,259,20,237,22,1.59,1.55,259,4,101,136
17277,50435,323,248,75,184,64,2.47,3.00,248,1,91,93
17278,50436,2501,2196,305,1699,497,2.43,2.12,2196,67,877,822
17279,50438,1728,1673,55,1278,395,2.47,2.07,1673,104,776,502
17280,50439,140,125,15,117,8,2.50,3.25,125,0,73,44
17281,50440,188,174,14,126,48,2.33,1.67,174,0,76,50
17282,50441,2515,2182,333,1547,635,2.30,2.54,2182,76,724,823
17283,50444,141,136,5,110,26,2.45,2.12,136,1,41,69
17284,50446,228,215,13,169,46,2.30,2.78,215,1,58,111
17285,50447,626,526,100,427,99,2.48,2.18,526,14,232,195
17286,50448,404,336,68,276,60,1.95,1.57,336,5,102,174
17287,50449,372,352,20,268,84,2.38,2.69,352,7,147,121
17288,50450,1395,1233,162,901,332,2.45,2.17,1233,87,472,429
17289,50451,219,187,32,143,44,1.99,2.61,187,1,40,103
17290,50452,444,391,53,236,155,2.52,2.25,391,21,95,141
17291,50453,231,220,11,192,28,2.52,3.43,220,2,69,123
17292,50454,40,40,0,40,0,1.63,-,40,0,8,32
17293,50455,152,142,10,138,4,2.84,3.25,142,9,67,71
17294,50456,763,702,61,510,192,2.44,2.46,702,43,275,235
17295,50457,193,152,41,121,31,2.68,4.35,152,4,73,48
17296,50458,967,886,81,773,113,2.71,1.71,886,36,447,326
17297,50459,1372,1277,95,1049,228,2.51,2.13,1277,87,553,496
17298,50460,226,177,49,127,50,3.02,4.38,177,1,68,59
17299,50461,2512,2304,208,1923,381,2.35,1.36,2304,161,1062,861
17300,50464,251,213,38,182,31,2.70,3.10,213,5,95,87
17301,50465,91,78,13,67,11,2.39,2.09,78,0,25,42
17302,50466,902,776,126,538,238,2.76,2.53,776,61,252,286
17303,50467,61,49,12,40,9,2.73,2.33,49,0,20,20
17304,50468,662,575,87,440,135,2.44,2.47,575,33,221,219
17305,50469,685,590,95,499,91,2.58,1.84,590,6,259,240
17306,50470,116,95,21,83,12,2.29,2.75,95,0,36,47
17307,50471,338,274,64,201,73,2.85,1.90,274,2,109,92
17308,50472,1141,1037,104,830,207,2.52,1.48,1037,2,406,424
17309,50473,144,104,40,93,11,2.08,1.64,104,0,46,47
17310,50475,550,523,27,453,70,2.66,1.96,523,5,207,246
17311,50476,330,304,26,258,46,2.34,2.17,304,15,118,140
17312,50477,105,95,10,53,42,2.85,2.19,95,1,22,31
17313,50478,517,414,103,331,83,1.61,2.11,414,13,126,205
17314,50479,321,282,39,224,58,2.61,1.93,282,3,123,101
17315,50480,376,321,55,305,16,2.48,2.50,321,10,125,180
17316,50482,413,317,96,253,64,2.27,2.72,317,2,130,123
17317,50483,296,288,8,259,29,2.68,2.93,288,0,113,146
17318,50484,202,153,49,147,6,2.37,2.50,153,1,47,100
17319,50501,12971,12008,963,7733,4275,2.25,1.95,12008,1055,3954,3779
17320,50510,446,413,33,299,114,2.23,2.48,413,12,108,191
17321,50511,3522,3250,272,2285,965,2.36,1.65,3250,405,1201,1084
17322,50514,625,557,68,482,75,2.11,1.88,557,11,233,249
17323,50515,147,117,30,89,28,1.84,2.82,117,3,48,41
17324,50516,332,321,11,267,54,2.39,1.89,321,5,135,132
17325,50517,503,429,74,310,119,2.25,1.84,429,21,117,193
17326,50518,140,138,2,128,10,2.79,1.30,138,2,86,42
17327,50519,302,261,41,189,72,2.33,2.31,261,7,84,105
17328,50520,74,63,11,58,5,2.05,5.00,63,2,30,28
17329,50521,14,14,0,0,14,-,-,14,0,0,0
17330,50522,405,353,52,302,51,2.60,3.39,353,8,149,153
17331,50523,265,222,43,165,57,2.68,2.18,222,5,91,74
17332,50524,239,232,7,189,43,2.71,2.86,232,2,91,98
17333,50525,1929,1563,366,1079,484,2.27,1.85,1563,144,572,507
17334,50527,77,52,25,46,6,2.50,2.00,52,1,7,39
17335,50528,158,119,39,81,38,2.81,2.05,119,0,31,50
17336,50529,390,367,23,286,81,2.40,2.99,367,26,125,161
17337,50530,564,511,53,389,122,2.56,1.86,511,23,219,170
17338,50531,159,103,56,81,22,2.09,1.73,103,4,30,51
17339,50532,363,336,27,259,77,2.56,2.35,336,13,194,65
17340,50533,1723,1581,142,1125,456,2.51,2.62,1581,189,463,662
17341,50535,512,474,38,351,123,2.23,2.86,474,7,127,224
17342,50536,2171,1868,303,1349,519,2.46,1.64,1868,93,767,582
17343,50538,245,226,19,168,58,2.36,2.48,226,9,60,108
17344,50539,250,186,64,177,9,2.31,2.00,186,3,71,106
17345,50540,504,429,75,353,76,2.84,1.97,429,9,185,168
17346,50541,459,402,57,305,97,2.34,2.23,402,4,103,202
17347,50542,458,386,72,337,49,2.43,2.45,386,15,161,176
17348,50543,612,548,64,466,82,2.23,2.38,548,16,174,292
17349,50544,256,215,41,184,31,2.62,2.23,215,1,74,110
17350,50545,86,75,11,71,4,2.31,2.25,75,0,17,54
17351,50546,205,171,34,143,28,1.85,1.43,171,3,32,111
17352,50548,2634,2490,144,1691,799,2.42,1.76,2490,227,885,806
17353,50551,63,20,43,8,12,2.75,1.08,20,0,1,7
17354,50552,39,29,10,25,4,2.80,-,29,0,8,17
17355,50554,883,771,112,606,165,2.28,1.74,771,44,289,317
17356,50556,122,84,38,76,8,1.76,2.00,84,5,24,52
17357,50557,410,376,34,299,77,2.07,2.61,376,3,86,213
17358,50558,249,228,21,204,24,3.15,2.67,228,6,114,90
17359,50559,173,136,37,79,57,2.24,1.46,136,0,8,71
17360,50560,266,231,35,169,62,2.18,2.31,231,2,71,98
17361,50561,230,221,9,178,43,2.91,1.70,221,15,62,116
17362,50562,231,167,64,135,32,2.19,1.81,167,5,67,68
17363,50563,1435,1148,287,906,242,2.40,1.85,1148,24,476,430
17364,50565,215,159,56,148,11,2.22,2.82,159,1,62,86
17365,50566,202,185,17,162,23,2.40,2.13,185,2,77,85
17366,50567,141,106,35,98,8,2.14,1.88,106,9,26,72
17367,50568,585,539,46,428,111,2.75,3.36,539,6,239,189
17368,50569,359,348,11,298,50,2.18,1.18,348,7,150,148
17369,50570,94,74,20,48,26,3.23,1.92,74,0,9,39
17370,50571,172,146,26,135,11,1.64,2.91,146,10,44,91
17371,50573,40,25,15,20,5,4.15,-,25,2,8,12
17372,50574,1126,986,140,751,235,2.21,1.68,986,41,276,475
17373,50575,414,303,111,257,46,2.29,1.74,303,12,112,145
17374,50576,137,129,8,94,35,2.27,1.71,129,2,38,56
17375,50577,218,183,35,164,19,1.82,1.68,183,1,54,110
17376,50578,310,243,67,209,34,2.26,3.06,243,4,104,105
17377,50579,1292,1028,264,786,242,2.36,2.28,1028,56,308,478
17378,50581,447,333,114,259,74,2.57,3.19,333,4,113,146
17379,50582,119,105,14,93,12,2.08,2.25,105,2,45,48
17380,50583,1338,1161,177,824,337,2.18,1.59,1161,47,365,459
17381,50585,555,489,66,403,86,2.45,2.33,489,30,166,237
17382,50586,144,116,28,109,7,2.87,2.14,116,3,50,59
17383,50588,4941,4628,313,2850,1778,3.10,2.01,4628,283,1437,1413
17384,50590,461,377,84,305,72,2.52,2.28,377,11,109,196
17385,50591,207,168,39,125,43,2.44,2.33,168,1,30,95
17386,50592,53,53,0,26,27,2.08,4.00,53,2,7,19
17387,50593,17,17,0,17,0,1.59,-,17,0,0,17
17388,50594,151,133,18,66,67,1.77,1.28,133,2,33,33
17389,50595,4339,3637,702,2495,1142,2.54,2.23,3637,233,1504,991
17390,50597,511,446,65,354,92,2.74,2.47,446,16,135,219
17391,50598,439,370,69,339,31,2.58,2.00,370,16,179,160
17392,50599,246,224,22,196,28,2.06,1.89,224,0,72,124
17393,50601,1154,1028,126,836,192,2.53,1.85,1028,66,381,455
17394,50602,709,662,47,495,167,2.37,2.20,662,35,275,220
17395,50603,209,171,38,152,19,2.01,1.63,171,2,58,94
17396,50604,729,669,60,531,138,2.33,2.14,669,3,280,251
17397,50605,122,112,10,92,20,2.33,1.65,112,1,29,63
17398,50606,355,315,40,259,56,2.43,3.45,315,10,114,145
17399,50607,176,162,14,159,3,2.60,4.33,162,0,84,75
17400,50608,28,28,0,28,0,1.54,-,28,0,23,5
17401,50609,171,160,11,151,9,2.32,1.56,160,0,106,45
17402,50611,188,172,16,125,47,2.31,1.23,172,8,66,59
17403,50612,180,156,24,134,22,2.19,2.00,156,13,108,26
17404,50613,17542,16415,1127,10844,5571,2.52,2.33,16415,857,6474,4370
17405,50616,4607,4306,301,3014,1292,2.38,1.79,4306,245,1728,1286
17406,50619,912,825,87,607,218,2.70,2.14,825,37,383,224
17407,50620,30,27,3,22,5,1.73,3.00,27,1,16,6
17408,50621,768,639,129,477,162,2.45,2.20,639,57,253,224
17409,50622,1305,1190,115,1055,135,2.66,2.17,1190,14,634,421
17410,50623,66,66,0,66,0,1.86,-,66,0,32,34
17411,50624,677,639,38,542,97,2.50,1.97,639,31,317,225
17412,50625,407,378,29,306,72,2.36,2.68,378,18,157,149
17413,50626,630,600,30,503,97,2.87,1.79,600,14,287,216
17414,50627,1535,1274,261,919,355,2.14,2.87,1274,45,480,439
17415,50628,542,514,28,412,102,2.16,2.49,514,25,154,258
17416,50629,958,873,85,734,139,3.37,2.75,873,48,458,276
17417,50630,756,690,66,558,132,2.14,2.42,690,11,293,265
17418,50631,138,114,24,83,31,2.20,1.77,114,0,54,29
17419,50632,659,548,111,471,77,2.43,2.18,548,16,312,159
17420,50633,243,218,25,99,119,2.95,1.35,218,8,38,61
17421,50634,347,337,10,289,48,2.33,2.42,337,5,200,89
17422,50635,667,570,97,475,95,2.29,1.77,570,15,272,203
17423,50636,1094,944,150,765,179,2.13,1.88,944,47,386,379
17424,50638,1394,1326,68,1116,210,2.63,2.09,1326,26,652,464
17425,50641,529,445,84,374,71,2.36,1.92,445,41,138,236
17426,50642,244,235,9,207,28,2.30,2.71,235,2,100,107
17427,50643,1191,1091,100,1001,90,2.83,2.52,1091,8,628,373
17428,50644,4035,3516,519,2663,853,2.60,1.79,3516,339,1513,1150
17429,50645,691,579,112,521,58,2.14,2.36,579,99,194,327
17430,50647,864,814,50,756,58,2.63,1.79,814,12,568,188
17431,50648,1672,1418,254,1244,174,2.84,2.71,1418,21,713,531
17432,50649,4,4,0,4,0,2.00,-,4,0,0,4
17433,50650,324,313,11,243,70,2.48,3.49,313,1,122,121
17434,50651,1643,1357,286,1082,275,2.62,2.42,1357,27,698,384
17435,50652,82,47,35,40,7,2.13,3.86,47,3,26,14
17436,50653,254,243,11,201,42,2.23,2.55,243,12,100,101
17437,50654,190,147,43,127,20,2.98,1.35,147,0,45,82
17438,50655,337,325,12,251,74,2.37,2.20,325,20,120,131
17439,50657,40,40,0,35,5,2.34,4.80,40,0,19,16
17440,50658,1188,1031,157,789,242,2.33,2.44,1031,38,383,406
17441,50659,2546,2347,199,1909,438,2.61,1.86,2347,84,933,976
17442,50660,497,453,44,371,82,2.55,3.28,453,2,208,163
17443,50662,3307,2840,467,2023,817,2.31,2.29,2840,219,1057,966
17444,50664,83,83,0,83,0,1.53,-,83,0,59,24
17445,50665,1306,1095,211,878,217,2.52,2.35,1095,37,511,367
17446,50666,337,310,27,256,54,2.33,2.35,310,16,187,69
17447,50667,320,320,0,294,26,2.57,1.96,320,2,154,140
17448,50668,446,429,17,385,44,2.56,3.48,429,14,227,158
17449,50669,1099,971,128,755,216,2.44,1.92,971,32,464,291
17450,50670,963,907,56,782,125,2.81,1.70,907,29,486,296
17451,50671,117,112,5,72,40,2.15,1.33,112,1,16,56
17452,50672,270,207,63,144,63,2.22,2.37,207,19,77,67
17453,50673,81,74,7,66,8,3.00,2.13,74,3,53,13
17454,50674,1658,1519,139,1274,245,2.44,2.07,1519,18,688,586
17455,50675,1004,909,95,689,220,2.66,2.40,909,32,393,296
17456,50676,952,902,50,773,129,2.49,1.81,902,11,529,244
17457,50677,4975,4636,339,3655,981,2.42,2.28,4636,140,2178,1477
17458,50680,506,451,55,400,51,2.42,1.82,451,2,201,199
17459,50681,190,177,13,158,19,2.28,3.21,177,0,94,64
17460,50682,676,621,55,529,92,2.54,3.22,621,16,269,260
17461,50701,14263,13026,1237,8533,4493,2.35,2.19,13026,991,5245,3288
17462,50702,9458,8642,816,5322,3320,2.43,2.15,8642,809,3774,1548
17463,50703,8971,7910,1061,4296,3614,2.34,2.41,7910,1155,2262,2034
17464,50707,3797,3531,266,2560,971,2.19,2.04,3531,187,1726,834
17465,50801,4558,3782,776,2745,1037,2.50,1.97,3782,254,1460,1285
17466,50830,687,649,38,511,138,2.77,2.24,649,21,221,290
17467,50831,15,10,5,9,1,2.22,4.00,10,0,4,5
17468,50833,1056,855,201,682,173,2.52,1.88,855,32,367,315
17469,50835,44,38,6,24,14,2.33,-,38,0,8,16
17470,50836,217,186,31,148,38,2.12,1.11,186,0,36,112
17471,50837,159,158,1,140,18,2.05,4.61,158,2,53,87
17472,50839,35,25,10,25,0,2.04,-,25,1,8,17
17473,50840,323,268,55,227,41,2.19,1.78,268,3,121,106
17474,50841,1363,1055,308,828,227,2.27,1.99,1055,49,345,483
17475,50842,36,32,4,31,1,1.84,5.00,32,0,10,21
17476,50843,212,196,16,136,60,1.85,3.12,196,0,51,85
17477,50845,315,271,44,230,41,2.79,2.10,271,6,88,142
17478,50846,535,472,63,336,136,2.07,2.51,472,17,161,175
17479,50847,36,36,0,26,10,1.50,1.90,36,2,7,19
17480,50848,152,95,57,80,15,2.46,2.00,95,9,32,48
17481,50849,1262,1124,138,723,401,2.40,1.57,1124,60,371,352
17482,50851,930,826,104,676,150,2.64,2.53,826,43,385,291
17483,50853,360,315,45,241,74,2.53,1.76,315,6,106,135
17484,50854,1107,953,154,690,263,2.51,2.08,953,92,375,315
17485,50857,98,88,10,78,10,1.79,2.50,88,7,32,46
17486,50858,347,324,23,278,46,2.42,1.83,324,2,102,176
17487,50859,292,275,17,232,43,2.33,3.60,275,4,82,150
17488,50860,67,53,14,49,4,1.94,6.00,53,1,20,29
17489,50861,135,121,14,114,7,2.32,2.29,121,1,37,77
17490,50862,88,62,26,51,11,3.16,2.82,62,1,37,14
17491,50863,103,72,31,62,10,2.73,1.70,72,4,32,30
17492,50864,912,838,74,616,222,2.24,2.09,838,46,260,356
17493,51001,1018,945,73,674,271,2.58,1.77,945,28,409,265
17494,51002,1141,1008,133,809,199,2.82,2.54,1008,27,453,356
17495,51003,723,665,58,582,83,2.75,1.57,665,8,372,210
17496,51004,508,450,58,324,126,2.15,2.10,450,39,104,220
17497,51005,742,669,73,485,184,2.16,2.23,669,18,239,246
17498,51006,541,474,67,357,117,2.63,1.76,474,44,133,224
17499,51007,236,231,5,231,0,2.41,-,231,0,143,88
17500,51008,73,68,5,48,20,2.25,3.55,68,0,18,30
17501,51009,63,63,0,47,16,2.28,4.25,63,3,15,32
17502,51010,227,205,22,166,39,2.23,1.54,205,12,51,115
17503,51011,46,28,18,23,5,2.09,1.20,28,0,12,11
17504,51012,2938,2747,191,1981,766,2.36,2.00,2747,309,1010,971
17505,51014,299,254,45,186,68,1.90,2.01,254,12,49,137
17506,51015,32,32,0,32,0,2.16,-,32,0,26,6
17507,51016,550,476,74,445,31,2.62,2.39,476,10,225,220
17508,51018,273,252,21,200,52,2.31,2.69,252,0,109,91
17509,51019,266,224,42,186,38,2.52,2.45,224,1,86,100
17510,51020,254,228,26,147,81,2.67,1.86,228,6,41,106
17511,51022,338,319,19,272,47,2.53,2.64,319,2,130,142
17512,51023,1394,1209,185,872,337,2.80,2.31,1209,52,370,502
17513,51024,896,883,13,721,162,2.52,2.17,883,18,350,371
17514,51025,865,784,81,611,173,2.45,1.99,784,26,327,284
17515,51026,388,366,22,352,14,2.41,3.29,366,0,222,130
17516,51027,551,471,80,404,67,3.25,2.82,471,2,254,150
17517,51028,940,881,59,702,179,2.40,2.29,881,13,477,225
17518,51029,162,162,0,151,11,1.93,1.64,162,0,49,102
17519,51030,706,624,82,529,95,2.74,1.94,624,33,326,203
17520,51031,5329,5022,307,3592,1430,2.63,1.96,5022,323,2025,1567
17521,51033,233,205,28,173,32,2.00,2.69,205,0,71,102
17522,51034,845,731,114,569,162,2.37,1.77,731,24,191,378
17523,51035,798,712,86,568,144,2.19,1.47,712,69,301,267
17524,51036,337,287,50,260,27,2.66,2.11,287,1,176,84
17525,51037,122,111,11,90,21,2.37,2.86,111,1,57,33
17526,51038,715,679,36,589,90,3.04,1.84,679,6,356,233
17527,51039,1161,1090,71,889,201,2.65,1.98,1090,14,426,463
17528,51040,1778,1459,319,1071,388,2.50,1.83,1459,31,645,426
17529,51041,2528,2390,138,1856,534,2.72,2.10,2390,11,1077,779
17530,51044,132,103,29,89,14,2.39,1.36,103,3,13,76
17531,51045,32,32,0,32,0,2.66,-,32,0,10,22
17532,51046,805,656,149,504,152,2.28,1.96,656,31,231,273
17533,51047,374,310,64,276,34,2.23,2.94,310,3,155,121
17534,51048,225,185,40,125,60,2.94,2.37,185,2,71,54
17535,51049,288,271,17,239,32,1.92,2.69,271,3,72,167
17536,51050,1126,1037,89,828,209,2.74,2.70,1037,49,488,340
17537,51051,26,26,0,23,3,2.70,2.00,26,1,6,17
17538,51052,510,471,39,383,88,2.15,2.03,471,0,156,227
17539,51053,496,434,62,403,31,2.28,2.06,434,9,166,237
17540,51054,2032,1924,108,1494,430,2.83,2.73,1924,35,917,577
17541,51055,532,526,6,424,102,2.63,3.59,526,8,225,199
17542,51056,230,170,60,159,11,2.04,2.27,170,10,12,147
17543,51058,517,446,71,366,80,2.55,1.25,446,21,188,178
17544,51060,367,290,77,217,73,1.73,2.07,290,6,63,154
17545,51061,208,146,62,100,46,2.29,1.74,146,6,46,54
17546,51062,254,235,19,194,41,1.71,1.41,235,5,64,130
17547,51063,492,450,42,340,110,2.24,2.60,450,23,146,194
17548,51101,462,338,124,40,298,1.60,1.25,338,130,29,11
17549,51103,6863,6448,415,4064,2384,2.44,2.86,6448,696,2418,1646
17550,51104,9006,8418,588,5510,2908,2.85,2.29,8418,468,3704,1806
17551,51105,4218,3886,332,1608,2278,3.05,2.62,3886,668,936,672
17552,51106,11341,10762,579,7860,2902,2.55,2.15,10762,473,4800,3060
17553,51108,2050,2017,33,1842,175,2.70,2.57,2017,73,1048,794
17554,51109,1531,1422,109,1116,306,2.46,2.31,1422,48,686,430
17555,51111,30,30,0,0,30,-,2.67,30,0,0,0
17556,51201,2758,2379,379,1637,742,2.57,2.24,2379,321,882,755
17557,51230,205,194,11,193,1,2.74,2.00,194,35,144,49
17558,51231,224,209,15,171,38,2.95,4.08,209,2,97,74
17559,51232,373,343,30,280,63,2.35,2.11,343,14,114,166
17560,51234,442,442,0,383,59,2.66,3.31,442,39,217,166
17561,51235,367,367,0,316,51,3.14,2.61,367,5,218,98
17562,51237,795,723,72,583,140,2.31,2.51,723,14,234,349
17563,51238,527,519,8,463,56,2.76,1.84,519,4,226,237
17564,51239,1105,1056,49,915,141,2.98,2.99,1056,23,511,404
17565,51240,749,696,53,552,144,2.63,2.48,696,43,321,231
17566,51241,805,787,18,700,87,2.69,2.32,787,13,440,260
17567,51242,134,114,20,95,19,2.72,2.53,114,0,41,54
17568,51243,299,259,40,235,24,2.55,2.46,259,18,101,134
17569,51244,66,62,4,60,2,2.58,2.00,62,2,28,32
17570,51245,541,463,78,375,88,2.35,2.90,463,14,165,210
17571,51246,1530,1275,255,1073,202,3.11,2.31,1275,29,690,383
17572,51247,1815,1800,15,1433,367,2.69,2.56,1800,100,767,666
17573,51248,711,683,28,531,152,2.47,1.72,683,16,218,313
17574,51249,1521,1408,113,1074,334,2.44,1.94,1408,63,469,605
17575,51250,3173,3095,78,2380,715,3.04,1.89,3095,160,1378,1002
17576,51301,6026,5418,608,3590,1828,2.37,1.94,5418,355,2065,1525
17577,51331,1570,580,990,466,114,1.75,1.59,580,3,259,207
17578,51333,205,171,34,141,30,2.43,2.50,171,0,84,57
17579,51334,3270,2823,447,2156,667,2.30,2.18,2823,94,1076,1080
17580,51338,469,394,75,312,82,2.33,2.18,394,24,139,173
17581,51340,48,44,4,41,3,2.07,1.33,44,0,17,24
17582,51341,27,17,10,16,1,2.38,-,17,1,1,15
17583,51342,648,563,85,457,106,2.60,1.91,563,16,286,171
17584,51343,93,75,18,70,5,3.56,2.80,75,2,25,45
17585,51345,227,212,15,126,86,2.63,1.49,212,0,61,65
17586,51346,990,841,149,657,184,2.50,2.31,841,84,326,331
17587,51347,809,653,156,563,90,2.48,1.88,653,12,312,251
17588,51350,229,188,41,137,51,1.88,3.14,188,1,50,87
17589,51351,2902,2038,864,1700,338,2.47,1.77,2038,43,981,719
17590,51354,569,515,54,457,58,2.11,3.21,515,3,208,249
17591,51355,1454,461,993,339,122,1.94,1.80,461,18,145,194
17592,51357,347,314,33,242,72,2.16,3.17,314,6,92,150
17593,51358,841,562,279,434,128,2.39,2.20,562,30,249,185
17594,51360,6504,3991,2513,2929,1062,2.22,1.58,3991,227,1774,1155
17595,51363,82,69,13,66,3,2.65,4.33,69,0,52,14
17596,51364,350,315,35,265,50,2.56,1.94,315,24,140,125
17597,51365,174,159,15,132,27,2.30,1.85,159,0,82,50
17598,51366,179,137,42,109,28,2.55,1.61,137,2,16,93
17599,51401,5621,5285,336,3816,1469,2.46,1.80,5285,456,1850,1966
17600,51430,442,407,35,297,110,3.21,4.05,407,17,173,124
17601,51431,219,211,8,155,56,2.26,2.07,211,8,86,69
17602,51432,16,13,3,13,0,2.00,-,13,0,5,8
17603,51433,242,215,27,122,93,2.70,2.97,215,6,81,41
17604,51436,413,378,35,272,106,2.29,2.30,378,10,155,117
17605,51439,478,350,128,237,113,2.22,2.77,350,3,95,142
17606,51440,110,106,4,105,1,2.69,-,106,2,60,45
17607,51441,180,145,35,132,13,2.99,2.92,145,11,51,81
17608,51442,3631,3323,308,2117,1206,2.77,2.49,3323,412,944,1173
17609,51443,644,550,94,488,62,2.50,1.55,550,15,245,243
17610,51444,149,143,6,140,3,2.49,2.67,143,0,107,33
17611,51445,1331,1143,188,907,236,2.53,1.41,1143,45,481,426
17612,51446,255,232,23,192,40,2.27,2.95,232,2,45,147
17613,51447,97,86,11,74,12,2.78,1.33,86,0,14,60
17614,51448,258,236,22,189,47,2.24,3.89,236,1,68,121
17615,51449,897,804,93,653,151,2.34,2.48,804,33,223,430
17616,51450,1114,676,438,590,86,2.34,1.47,676,19,229,361
17617,51451,93,38,55,34,4,2.00,-,38,4,15,19
17618,51452,84,76,8,62,14,2.37,1.71,76,3,24,38
17619,51453,269,231,38,183,48,2.22,2.02,231,6,38,145
17620,51454,561,472,89,383,89,2.96,2.34,472,10,194,189
17621,51455,1082,1025,57,860,165,2.23,1.75,1025,53,477,383
17622,51458,608,496,112,437,59,2.33,2.54,496,10,132,305
17623,51459,31,31,0,27,4,2.70,2.00,31,0,18,9
17624,51460,52,47,5,35,12,2.40,1.25,47,2,6,29
17625,51461,575,537,38,396,141,2.40,2.17,537,33,269,127
17626,51462,475,429,46,329,100,2.26,2.44,429,3,184,145
17627,51463,268,226,42,197,29,2.09,1.45,226,6,60,137
17628,51465,316,288,28,250,38,3.02,2.34,288,7,106,144
17629,51466,513,438,75,389,49,2.81,1.80,438,12,143,246
17630,51467,248,237,11,216,21,2.32,1.43,237,8,83,133
17631,51501,15119,14122,997,9114,5008,2.41,2.50,14122,1045,5413,3701
17632,51503,16020,14845,1175,10216,4629,2.61,1.99,14845,1196,6174,4042
17633,51510,1461,1357,104,1037,320,2.60,3.43,1357,46,631,406
17634,51520,90,83,7,76,7,2.71,2.71,83,4,14,62
17635,51521,929,819,110,648,171,2.16,1.99,819,20,333,315
17636,51523,210,156,54,136,20,2.48,3.25,156,4,46,90
17637,51525,489,479,10,384,95,2.37,1.81,479,11,215,169
17638,51526,728,678,50,586,92,2.54,2.80,678,12,357,229
17639,51527,260,231,29,203,28,2.78,1.89,231,0,55,148
17640,51528,328,300,28,193,107,2.63,1.63,300,18,73,120
17641,51529,859,784,75,527,257,2.56,1.58,784,64,299,228
17642,51530,255,251,4,180,71,2.07,1.76,251,4,98,82
17643,51531,331,282,49,222,60,2.57,1.28,282,4,134,88
17644,51532,332,261,71,196,65,2.71,2.58,261,4,98,98
17645,51533,502,418,84,333,85,2.43,1.81,418,13,177,156
17646,51534,3679,3348,331,2710,638,2.77,2.11,3348,178,1816,894
17647,51535,833,726,107,599,127,2.46,1.72,726,5,305,294
17648,51536,174,174,0,152,22,2.25,2.14,174,5,68,84
17649,51537,3140,2865,275,2044,821,2.44,2.02,2865,158,1134,910
17650,51540,138,121,17,108,13,2.60,1.92,121,13,34,74
17651,51541,152,137,15,105,32,3.08,3.66,137,3,49,56
17652,51542,407,374,33,353,21,2.64,2.48,374,11,193,160
17653,51543,210,181,29,126,55,2.17,2.49,181,10,69,57
17654,51544,317,285,32,259,26,2.44,1.88,285,19,114,145
17655,51545,137,123,14,97,26,2.40,2.42,123,5,36,61
17656,51546,1347,1215,132,981,234,2.59,2.81,1215,35,632,349
17657,51548,201,183,18,167,16,2.84,1.75,183,0,99,68
17658,51549,241,217,24,181,36,2.90,1.92,217,2,118,63
17659,51550,62,55,7,50,5,2.26,2.00,55,3,20,30
17660,51551,725,635,90,518,117,2.65,1.99,635,4,368,150
17661,51552,127,127,0,98,29,2.11,2.21,127,4,45,53
17662,51553,381,381,0,324,57,3.02,2.49,381,0,186,138
17663,51554,120,48,72,48,0,3.50,-,48,9,26,22
17664,51555,2131,1899,232,1356,543,2.54,2.15,1899,108,785,571
17665,51556,205,194,11,170,24,2.22,1.63,194,3,114,56
17666,51557,453,379,74,342,37,2.26,2.49,379,2,188,154
17667,51558,248,234,14,201,33,2.76,2.94,234,1,71,130
17668,51559,759,720,39,512,208,2.91,2.64,720,36,328,184
17669,51560,882,760,122,527,233,2.76,2.76,760,39,325,202
17670,51561,480,321,159,292,29,3.15,3.00,321,3,173,119
17671,51562,199,188,11,175,13,2.89,2.08,188,4,101,74
17672,51563,281,276,5,219,57,2.39,3.19,276,5,94,125
17673,51564,278,199,79,164,35,2.41,1.74,199,2,88,76
17674,51565,257,249,8,152,97,2.47,1.54,249,4,98,54
17675,51566,3362,2894,468,1984,910,2.20,2.47,2894,171,929,1055
17676,51570,467,419,48,318,101,2.30,1.84,419,13,180,138
17677,51571,277,210,67,152,58,3.11,3.91,210,0,98,54
17678,51572,252,221,31,167,54,2.42,1.37,221,5,71,96
17679,51573,434,391,43,323,68,2.73,2.71,391,6,193,130
17680,51575,612,590,22,499,91,2.58,2.18,590,3,324,175
17681,51576,739,698,41,617,81,3.05,1.93,698,2,412,205
17682,51577,566,459,107,344,115,2.05,1.97,459,25,166,178
17683,51578,65,62,3,52,10,2.46,3.50,62,0,18,34
17684,51579,955,836,119,644,192,2.89,2.03,836,49,375,269
17685,51601,2761,2343,418,1456,887,2.28,2.29,2343,205,655,801
17686,51630,69,58,11,58,0,3.07,-,58,0,31,27
17687,51631,189,145,44,107,38,1.79,3.74,145,1,36,71
17688,51632,2755,2504,251,1723,781,2.40,2.31,2504,120,835,888
17689,51636,261,213,48,159,54,2.13,2.67,213,5,63,96
17690,51637,112,112,0,109,3,2.21,2.00,112,8,70,39
17691,51638,674,616,58,490,126,2.05,1.93,616,7,190,300
17692,51639,366,334,32,258,76,2.22,2.17,334,2,151,107
17693,51640,780,660,120,503,157,2.44,2.38,660,19,239,264
17694,51645,128,108,20,93,15,2.56,1.87,108,0,56,37
17695,51646,365,340,25,278,62,2.66,2.48,340,12,130,148
17696,51647,100,96,4,82,14,1.98,1.29,96,16,29,53
17697,51648,156,142,14,124,18,1.78,2.61,142,0,46,78
17698,51649,129,118,11,100,18,2.86,5.17,118,0,53,47
17699,51650,172,119,53,106,13,1.99,4.00,119,12,41,65
17700,51651,69,68,1,62,6,2.03,1.50,68,1,26,36
17701,51652,723,604,119,461,143,2.48,2.04,604,21,238,223
17702,51653,580,521,59,399,122,2.69,2.49,521,20,283,116
17703,51654,152,130,22,80,50,2.89,3.32,130,2,58,22
17704,51656,16,16,0,15,1,1.73,12.00,16,0,5,10
17705,52001,19694,18026,1668,11505,6521,2.37,2.01,18026,1372,7371,4134
17706,52002,7361,6900,461,5097,1803,2.73,1.86,6900,331,3248,1849
17707,52003,5899,5423,476,4674,749,2.59,2.02,5423,308,2833,1841
17708,52030,169,161,8,113,48,2.49,2.44,161,4,82,31
17709,52031,2453,2041,412,1782,259,2.47,2.08,2041,69,1034,748
17710,52032,719,580,139,547,33,2.54,1.52,580,1,297,250
17711,52033,1295,1246,49,997,249,2.61,2.66,1246,64,616,381
17712,52035,505,441,64,376,65,2.30,3.28,441,36,154,222
17713,52036,64,64,0,45,19,1.87,2.16,64,5,19,26
17714,52037,407,368,39,339,29,2.47,2.66,368,4,173,166
17715,52038,203,187,16,153,34,2.76,4.00,187,11,96,57
17716,52039,331,325,6,319,6,2.62,2.33,325,6,207,112
17717,52040,2453,2364,89,2065,299,2.40,1.89,2364,59,1204,861
17718,52041,786,737,49,611,126,3.16,1.85,737,7,432,179
17719,52042,743,614,129,474,140,2.92,1.62,614,80,207,267
17720,52043,998,853,145,607,246,2.03,2.05,853,76,232,375
17721,52044,92,75,17,70,5,3.54,3.40,75,0,56,14
17722,52045,1061,1050,11,817,233,2.77,1.84,1050,22,533,284
17723,52046,958,937,21,755,182,2.75,3.01,937,21,458,297
17724,52047,270,270,0,238,32,3.02,2.69,270,3,113,125
17725,52048,143,131,12,85,46,2.32,2.98,131,2,46,39
17726,52049,641,501,140,432,69,2.26,1.90,501,13,176,256
17727,52050,205,199,6,153,46,2.52,2.76,199,2,63,90
17728,52052,1769,1332,437,1025,307,2.14,1.87,1332,56,477,548
17729,52053,486,450,36,356,94,2.94,1.87,450,12,188,168
17730,52054,371,335,36,284,51,2.86,1.84,335,5,142,142
17731,52056,90,85,5,83,2,2.61,3.00,85,1,38,45
17732,52057,3878,3315,563,2731,584,2.56,1.59,3315,121,1685,1046
17733,52060,3796,3415,381,2662,753,2.36,2.09,3415,294,1332,1330
17734,52064,375,319,56,264,55,2.92,1.71,319,13,170,94
17735,52065,364,318,46,264,54,2.79,1.52,318,4,99,165
17736,52066,121,46,75,41,5,1.95,3.80,46,6,19,22
17737,52068,1751,1672,79,1510,162,2.88,2.14,1672,56,1129,381
17738,52069,671,604,67,447,157,2.82,2.25,604,19,234,213
17739,52070,571,491,80,392,99,2.39,2.18,491,9,179,213
17740,52071,69,63,6,62,1,1.85,-,63,0,22,40
17741,52072,235,220,15,123,97,2.74,5.52,220,20,49,74
17742,52073,609,574,35,506,68,2.73,2.00,574,18,290,216
17743,52074,128,121,7,104,17,3.01,2.53,121,6,45,59
17744,52075,70,66,4,58,8,2.34,2.13,66,0,23,35
17745,52076,1012,931,81,681,250,2.44,1.77,931,70,408,273
17746,52077,157,140,17,120,20,2.18,1.75,140,4,49,71
17747,52078,265,261,4,209,52,2.54,2.19,261,2,117,92
17748,52079,382,351,31,283,68,2.11,2.31,351,11,135,148
17749,52101,5504,5088,416,3779,1309,2.32,1.77,5088,293,2138,1641
17750,52132,820,708,112,507,201,2.46,2.86,708,9,325,182
17751,52133,289,247,42,236,11,2.50,1.27,247,0,157,79
17752,52134,148,113,35,106,7,2.79,1.86,113,1,49,57
17753,52135,376,291,85,248,43,2.25,1.79,291,6,139,109
17754,52136,2612,2299,313,1756,543,2.45,2.38,2299,138,1056,700
17755,52140,318,226,92,213,13,1.90,3.00,226,0,62,151
17756,52141,638,534,104,471,63,2.47,1.98,534,23,170,301
17757,52142,782,634,148,389,245,2.23,1.91,634,16,182,207
17758,52144,531,454,77,431,23,2.05,1.70,454,3,221,210
17759,52146,1247,396,851,359,37,1.97,2.16,396,15,167,192
17760,52147,410,410,0,357,53,2.38,2.77,410,3,160,197
17761,52151,1279,848,431,687,161,2.21,1.61,848,27,359,328
17762,52154,409,349,60,305,44,2.51,1.61,349,9,165,140
17763,52155,670,547,123,468,79,2.80,1.57,547,11,241,227
17764,52156,271,223,48,200,23,3.15,1.96,223,7,137,63
17765,52157,923,822,101,588,234,2.12,1.85,822,97,314,274
17766,52158,178,161,17,129,32,1.85,1.56,161,0,61,68
17767,52159,1192,1047,145,782,265,2.37,1.84,1047,66,408,374
17768,52160,423,399,24,362,37,2.42,2.19,399,2,159,203
17769,52161,627,612,15,526,86,2.17,2.56,612,0,235,291
17770,52162,1369,1187,182,837,350,3.05,2.44,1187,56,388,449
17771,52163,159,147,12,137,10,2.50,1.40,147,0,64,73
17772,52164,138,123,15,116,7,2.32,2.57,123,0,43,73
17773,52165,456,449,7,394,55,2.53,1.25,449,1,282,112
17774,52166,62,55,7,54,1,2.33,2.00,55,0,32,22
17775,52168,226,201,25,138,63,1.75,2.06,201,9,59,79
17776,52169,177,156,21,130,26,2.21,2.88,156,5,45,85
17777,52170,294,254,40,238,16,2.09,1.63,254,0,125,113
17778,52171,477,409,68,313,96,2.50,2.48,409,9,123,190
17779,52172,2945,2605,340,2051,554,2.36,2.13,2605,180,965,1086
17780,52175,1743,1465,278,1008,457,2.42,2.10,1465,112,573,435
17781,52201,611,565,46,445,120,2.55,2.99,565,7,285,160
17782,52202,432,402,30,334,68,2.93,2.16,402,5,228,106
17783,52203,988,923,65,816,107,2.76,1.65,923,14,559,257
17784,52205,3326,3093,233,2431,662,2.43,2.27,3093,133,1472,959
17785,52206,984,966,18,903,63,3.00,1.16,966,19,666,237
17786,52207,190,139,51,133,6,2.19,5.00,139,3,64,69
17787,52208,1452,1266,186,1061,205,2.40,2.07,1266,63,618,443
17788,52209,425,393,32,304,89,2.69,2.31,393,4,205,99
17789,52210,305,276,29,209,67,3.02,3.85,276,21,143,66
17790,52211,1495,1155,340,858,297,2.24,2.03,1155,30,441,417
17791,52212,214,187,27,154,33,2.21,1.15,187,0,8,146
17792,52213,1566,1537,29,1286,251,2.58,2.56,1537,26,863,423
17793,52214,1467,1213,254,1015,198,2.61,2.24,1213,22,617,398
17794,52215,396,368,28,348,20,2.62,2.50,368,2,194,154
17795,52216,682,612,70,416,196,2.32,1.85,612,50,264,152
17796,52217,287,231,56,210,21,2.46,1.67,231,1,115,95
17797,52218,758,663,95,588,75,2.61,1.65,663,9,390,198
17798,52219,68,64,4,52,12,2.38,3.00,64,0,28,24
17799,52220,110,83,27,83,0,1.90,-,83,0,69,14
17800,52221,100,100,0,77,23,2.01,4.00,100,0,36,41
17801,52222,313,299,14,263,36,2.26,2.53,299,13,114,149
17802,52223,646,437,209,385,52,2.14,2.50,437,0,149,236
17803,52224,892,807,85,654,153,2.57,2.07,807,5,370,284
17804,52225,231,187,44,187,0,2.29,-,187,0,98,89
17805,52227,1114,1086,28,899,187,2.85,1.73,1086,10,618,281
17806,52228,1410,1357,53,1235,122,2.73,2.13,1357,25,859,376
17807,52229,335,316,19,253,63,2.98,2.21,316,6,162,91
17808,52231,142,138,4,119,19,2.79,2.16,138,0,56,63
17809,52232,114,102,12,91,11,3.31,2.00,102,0,60,31
17810,52233,3218,2913,305,1938,975,2.56,2.01,2913,127,1074,864
17811,52235,384,353,31,226,127,2.28,2.18,353,3,127,99
17812,52236,206,200,6,200,0,2.29,-,200,0,92,108
17813,52237,620,535,85,482,53,2.98,2.57,535,61,295,187
17814,52240,16554,15159,1395,7675,7484,2.47,2.26,15159,1818,5007,2668
17815,52241,9741,9259,482,5086,4173,2.63,1.86,9259,498,3349,1737
17816,52242,36,36,0,0,36,-,1.78,36,0,0,0
17817,52245,10090,9329,761,5820,3509,2.29,2.18,9329,573,3753,2067
17818,52246,10613,9925,688,4006,5919,2.52,2.02,9925,957,2215,1791
17819,52247,1800,1776,24,1297,479,2.90,2.05,1776,167,712,585
17820,52248,738,675,63,587,88,2.29,1.53,675,12,316,271
17821,52249,393,367,26,306,61,2.39,2.43,367,16,173,133
17822,52251,294,245,49,227,18,3.07,1.39,245,1,132,95
17823,52252,30,30,0,30,0,3.90,-,30,0,21,9
17824,52253,1163,1102,61,913,189,2.72,1.78,1102,13,647,266
17825,52254,449,399,50,248,151,2.21,2.50,399,18,99,149
17826,52255,588,549,39,441,108,2.30,2.41,549,15,249,192
17827,52257,126,95,31,85,10,2.20,2.30,95,0,20,65
17828,52301,1789,1582,207,1273,309,2.45,2.16,1582,75,793,480
17829,52302,17824,17244,580,13366,3878,2.55,2.09,17244,575,8962,4404
17830,52305,298,279,19,227,52,3.30,1.79,279,8,166,61
17831,52306,615,587,28,477,110,2.21,2.29,587,17,263,214
17832,52307,67,50,17,28,22,3.21,1.32,50,0,28,0
17833,52308,97,94,3,79,15,1.86,-,94,12,30,49
17834,52309,289,265,24,236,29,2.04,2.07,265,4,144,92
17835,52310,2876,2628,248,2053,575,2.46,1.77,2628,136,1191,862
17836,52312,35,35,0,29,6,1.86,-,35,5,19,10
17837,52313,148,136,12,112,24,2.39,3.17,136,0,36,76
17838,52314,1976,1804,172,1469,335,2.90,1.99,1804,62,934,535
17839,52315,565,517,48,415,102,2.72,1.98,517,4,275,140
17840,52316,665,586,79,460,126,2.73,1.78,586,38,310,150
17841,52317,8564,8035,529,5985,2050,2.87,2.29,8035,116,4823,1162
17842,52318,450,409,41,325,84,2.49,2.44,409,2,174,151
17843,52320,522,470,52,355,115,2.63,2.99,470,23,190,165
17844,52321,239,201,38,160,41,2.41,2.51,201,8,82,78
17845,52322,815,785,30,644,141,2.56,2.25,785,21,327,317
17846,52323,485,380,105,297,83,3.17,2.16,380,8,132,165
17847,52324,739,702,37,655,47,2.89,2.89,702,2,558,97
17848,52325,276,269,7,240,29,1.99,1.79,269,0,101,139
17849,52326,360,287,73,232,55,2.82,2.31,287,2,153,79
17850,52327,1497,1365,132,989,376,2.65,2.34,1365,61,561,428
17851,52328,1014,1014,0,961,53,2.79,2.62,1014,3,722,239
17852,52329,293,293,0,252,41,2.56,2.12,293,3,147,105
17853,52330,370,349,21,233,116,3.01,1.64,349,6,174,59
17854,52332,720,632,88,559,73,2.67,2.60,632,6,315,244
17855,52333,2857,2692,165,2374,318,2.78,1.89,2692,29,1599,775
17856,52334,82,82,0,82,0,2.57,-,82,0,50,32
17857,52335,347,277,70,215,62,2.65,2.06,277,0,118,97
17858,52336,1153,1075,78,932,143,2.40,2.36,1075,5,537,395
17859,52337,375,333,42,231,102,2.59,2.58,333,3,163,68
17860,52338,1450,1419,31,1309,110,2.78,2.11,1419,22,898,411
17861,52339,1653,1479,174,934,545,2.73,2.92,1479,73,470,464
17862,52340,2081,1852,229,1512,340,2.52,2.62,1852,1,1269,243
17863,52341,506,414,92,373,41,2.95,1.90,414,0,220,153
17864,52342,1343,1195,148,886,309,2.26,2.38,1195,74,442,444
17865,52344,33,33,0,10,23,1.90,-,33,0,10,0
17866,52345,538,507,31,463,44,2.93,2.98,507,4,364,99
17867,52346,391,371,20,306,65,2.76,2.65,371,9,230,76
17868,52347,586,521,65,464,57,2.67,1.96,521,8,243,221
17869,52348,31,31,0,30,1,2.53,2.00,31,0,17,13
17870,52349,3605,3220,385,2535,685,2.45,1.92,3220,197,1470,1065
17871,52351,527,519,8,472,47,3.00,1.74,519,0,344,128
17872,52352,786,746,40,644,102,2.67,1.96,746,7,335,309
17873,52353,4073,3704,369,2330,1374,2.53,2.26,3704,146,1423,907
17874,52354,120,120,0,116,4,2.21,3.00,120,0,38,78
17875,52355,104,99,5,91,8,2.46,1.75,99,0,22,69
17876,52356,1162,1114,48,813,301,2.67,1.92,1114,39,510,303
17877,52358,1791,1529,262,1258,271,2.56,2.25,1529,30,736,522
17878,52359,120,113,7,111,2,2.59,3.50,113,1,56,55
17879,52361,2104,2027,77,1312,715,2.57,1.62,2027,71,725,587
17880,52362,439,360,79,321,39,2.55,1.95,360,3,195,126
17881,52401,1392,1232,160,256,976,1.98,1.30,1232,289,183,73
17882,52402,19430,17967,1463,12288,5679,2.35,2.15,17967,1105,8270,4018
17883,52403,11051,10338,713,7957,2381,2.42,2.19,10338,686,5229,2728
17884,52404,19061,17102,1959,11686,5416,2.38,2.18,17102,913,7829,3857
17885,52405,12043,11351,692,8655,2696,2.42,1.92,11351,725,6169,2486
17886,52411,2915,2858,57,2824,34,2.90,3.26,2858,17,2041,783
17887,52501,13628,12170,1458,7891,4279,2.50,2.33,12170,941,4304,3587
17888,52530,395,373,22,316,57,2.87,1.77,373,23,188,128
17889,52531,2632,2279,353,1802,477,2.60,2.00,2279,235,882,920
17890,52533,491,459,32,388,71,2.33,2.42,459,5,182,206
17891,52534,203,203,0,166,37,2.55,2.14,203,34,52,114
17892,52535,412,372,40,314,58,1.99,3.03,372,8,161,153
17893,52536,488,388,100,350,38,2.09,2.26,388,11,152,198
17894,52537,2736,2500,236,2108,392,2.74,1.96,2500,359,1237,871
17895,52540,530,460,70,340,120,2.86,1.78,460,29,161,179
17896,52542,208,177,31,155,22,2.34,1.73,177,5,78,77
17897,52543,123,123,0,110,13,3.12,4.15,123,0,72,38
17898,52544,3981,3150,831,2083,1067,2.37,2.47,3150,260,1013,1070
17899,52548,42,38,4,26,12,2.27,3.67,38,1,12,14
17900,52549,247,205,42,187,18,3.45,2.56,205,20,79,108
17901,52550,310,288,22,281,7,2.44,1.71,288,6,162,119
17902,52551,306,217,89,191,26,2.99,-,217,25,82,109
17903,52552,405,367,38,324,43,3.03,2.88,367,82,180,144
17904,52553,692,649,43,521,128,2.66,2.27,649,26,227,294
17905,52554,570,500,70,424,76,2.21,2.05,500,67,141,283
17906,52555,99,84,15,59,25,2.58,1.52,84,0,6,53
17907,52556,6004,5162,842,3158,2004,2.23,2.19,5162,429,1400,1758
17908,52557,0,0,0,0,0,-,-,0,0,0,0
17909,52560,167,68,99,64,4,2.47,1.50,68,3,28,36
17910,52561,438,378,60,215,163,2.70,2.36,378,18,120,95
17911,52562,53,39,14,33,6,1.67,1.17,39,1,11,22
17912,52563,656,581,75,384,197,2.88,2.70,581,26,215,169
17913,52565,878,783,95,604,179,2.36,2.00,783,80,192,412
17914,52566,99,81,18,67,14,2.99,3.57,81,0,32,35
17915,52567,262,246,16,194,52,2.10,1.88,246,0,75,119
17916,52568,41,40,1,37,3,2.08,2.00,40,3,14,23
17917,52569,603,300,303,290,10,2.20,1.50,300,10,66,224
17918,52570,445,349,96,310,39,3.10,1.69,349,71,114,196
17919,52571,702,533,169,463,70,2.45,2.33,533,11,228,235
17920,52572,588,418,170,277,141,2.74,3.29,418,35,147,130
17921,52573,132,81,51,75,6,2.92,6.67,81,0,51,24
17922,52574,341,226,115,184,42,2.41,2.29,226,5,74,110
17923,52576,212,171,41,159,12,2.69,3.25,171,0,56,103
17924,52577,6361,5738,623,3649,2089,2.51,2.29,5738,304,2124,1525
17925,52580,334,303,31,272,31,2.82,-,303,24,177,95
17926,52581,147,127,20,77,50,1.87,2.74,127,0,33,44
17927,52583,149,140,9,117,23,2.69,2.13,140,10,34,83
17928,52584,215,193,22,185,8,4.74,3.00,193,52,124,61
17929,52585,381,327,54,264,63,2.45,2.62,327,6,124,140
17930,52586,266,249,17,173,76,1.95,2.99,249,2,66,107
17931,52588,37,6,31,6,0,4.33,-,6,0,0,6
17932,52590,549,453,96,390,63,2.82,3.56,453,84,148,242
17933,52591,1356,1200,156,836,364,2.27,2.06,1200,45,485,351
17934,52593,80,76,4,57,19,2.44,2.00,76,2,45,12
17935,52594,187,169,18,166,3,3.46,1.67,169,4,54,112
17936,52595,196,184,12,110,74,2.83,2.45,184,13,72,38
17937,52601,13898,12501,1397,8571,3930,2.27,2.03,12501,1227,4926,3645
17938,52619,333,303,30,225,78,2.21,2.08,303,0,94,131
17939,52620,451,322,129,267,55,2.85,2.44,322,27,146,121
17940,52621,333,289,44,226,63,2.78,3.29,289,0,104,122
17941,52623,808,768,40,664,104,2.70,1.85,768,7,382,282
17942,52624,248,248,0,221,27,2.31,3.33,248,0,187,34
17943,52625,1001,892,109,727,165,2.69,2.15,892,7,414,313
17944,52626,628,507,121,430,77,2.41,2.62,507,25,138,292
17945,52627,5887,5173,714,3945,1228,2.30,2.10,5173,209,2041,1904
17946,52630,192,147,45,116,31,1.89,2.68,147,12,17,99
17947,52631,22,22,0,22,0,2.86,-,22,0,10,12
17948,52632,5905,5178,727,3535,1643,2.50,1.91,5178,428,1855,1680
17949,52635,407,367,40,227,140,2.46,1.91,367,22,163,64
17950,52637,1216,1121,95,842,279,2.65,2.16,1121,26,553,289
17951,52638,244,204,40,154,50,2.80,1.94,204,3,99,55
17952,52639,803,697,106,619,78,2.39,1.67,697,2,338,281
17953,52640,602,539,63,486,53,2.62,2.96,539,17,247,239
17954,52641,5146,4524,622,3267,1257,2.68,1.77,4524,193,1784,1483
17955,52644,154,143,11,139,4,2.51,6.00,143,0,61,78
17956,52645,1492,1427,65,1116,311,2.84,2.32,1427,71,723,393
17957,52646,143,138,5,132,6,2.27,3.50,138,6,51,81
17958,52647,76,70,6,43,27,2.44,2.30,70,4,22,21
17959,52649,328,320,8,286,34,2.81,2.88,320,8,213,73
17960,52650,296,296,0,216,80,2.39,2.08,296,0,126,90
17961,52651,228,198,30,189,9,2.60,2.67,198,1,66,123
17962,52652,35,35,0,27,8,2.48,-,35,0,19,8
17963,52653,1493,1264,229,898,366,2.59,2.27,1264,69,553,345
17964,52654,662,606,56,460,146,2.95,2.84,606,6,255,205
17965,52655,1856,1754,102,1148,606,2.50,1.95,1754,104,596,552
17966,52656,1103,999,104,886,113,2.34,1.36,999,36,413,473
17967,52657,39,28,11,25,3,2.04,2.00,28,0,16,9
17968,52658,452,408,44,391,17,2.48,2.59,408,0,190,201
17969,52659,589,544,45,437,107,2.48,1.85,544,13,230,207
17970,52660,171,143,28,104,39,2.33,1.51,143,5,21,83
17971,52701,46,45,1,25,20,3.40,1.85,45,2,14,11
17972,52720,382,351,31,283,68,2.33,3.09,351,3,211,72
17973,52721,374,354,20,282,72,2.83,2.40,354,0,175,107
17974,52722,17198,15923,1275,12086,3837,2.64,2.11,15923,476,8464,3622
17975,52726,2361,2223,138,2059,164,2.35,2.20,2223,22,1309,750
17976,52727,141,115,26,79,36,3.10,1.17,115,17,56,23
17977,52728,464,410,54,307,103,2.23,1.73,410,22,221,86
17978,52729,387,335,52,299,36,2.83,1.56,335,5,179,120
17979,52730,2324,2304,20,1858,446,2.43,1.44,2304,86,1062,796
17980,52731,328,304,24,271,33,2.30,2.21,304,0,164,107
17981,52732,12773,10863,1910,7527,3336,2.42,2.19,10863,1007,4529,2998
17982,52737,113,104,9,100,4,2.43,2.00,104,4,47,53
17983,52738,1482,1238,244,900,338,2.82,2.71,1238,93,421,479
17984,52739,377,284,93,180,104,2.48,2.93,284,11,95,85
17985,52742,3009,2887,122,2465,422,2.68,2.17,2887,76,1558,907
17986,52745,213,205,8,169,36,1.90,1.89,205,0,105,64
17987,52746,469,421,48,315,106,2.66,2.82,421,1,201,114
17988,52747,858,802,56,601,201,2.52,2.13,802,33,398,203
17989,52748,3659,3477,182,2796,681,2.89,2.19,3477,81,2054,742
17990,52749,393,391,2,365,26,3.18,2.73,391,3,280,85
17991,52750,214,159,55,135,24,3.16,2.08,159,2,91,44
17992,52751,419,411,8,311,100,2.55,2.28,411,2,167,144
17993,52752,214,178,36,151,27,2.19,2.33,178,0,87,64
17994,52753,2432,2122,310,1702,420,2.59,3.82,2122,155,1148,554
17995,52754,648,566,82,515,51,2.52,2.00,566,14,309,206
17996,52755,865,788,77,657,131,2.71,2.68,788,18,447,210
17997,52756,727,691,36,673,18,2.89,3.11,691,3,455,218
17998,52757,103,100,3,87,13,2.38,1.69,100,0,57,30
17999,52758,148,122,26,100,22,2.60,2.82,122,7,76,24
18000,52759,49,49,0,42,7,2.02,-,49,0,42,0
18001,52760,229,229,0,173,56,2.38,-,229,0,138,35
18002,52761,12891,11699,1192,8331,3368,2.70,2.23,11699,804,4522,3809
18003,52765,168,163,5,125,38,1.93,2.18,163,0,48,77
18004,52766,400,347,53,323,24,2.11,2.92,347,4,114,209
18005,52767,125,94,31,84,10,3.14,-,94,0,84,0
18006,52768,649,533,116,472,61,2.69,2.39,533,3,332,140
18007,52769,236,220,16,182,38,2.71,2.29,220,0,107,75
18008,52771,33,33,0,16,17,1.94,1.41,33,0,7,9
18009,52772,2380,2174,206,1778,396,2.60,1.81,2174,97,1040,738
18010,52773,1264,1082,182,806,276,2.72,2.41,1082,33,413,393
18011,52774,57,57,0,43,14,2.84,1.36,57,0,26,17
18012,52776,1822,1680,142,1217,463,3.25,2.25,1680,172,724,493
18013,52777,597,516,81,451,65,2.50,2.72,516,3,289,162
18014,52778,1822,1704,118,1290,414,2.38,1.68,1704,27,750,540
18015,52801,1073,854,219,0,854,-,1.33,854,322,0,0
18016,52802,4708,3996,712,2931,1065,2.48,2.41,3996,310,2053,878
18017,52803,10476,8993,1483,6071,2922,2.31,2.10,8993,649,4034,2037
18018,52804,12021,11092,929,7166,3926,2.40,2.59,11092,1140,4492,2674
18019,52806,11914,11222,692,7763,3459,2.48,2.40,11222,707,5008,2755
18020,52807,7376,6643,733,3646,2997,2.54,1.90,6643,486,2162,1484
18021,53001,907,855,52,724,131,2.32,1.73,855,8,515,209
18022,53002,956,918,38,701,217,2.37,2.71,918,9,500,201
18023,53003,53,53,0,48,5,2.67,2.00,53,0,25,23
18024,53004,1524,1470,54,1318,152,2.54,1.65,1470,19,968,350
18025,53005,8407,8191,216,6930,1261,2.72,2.10,8191,119,4348,2582
18026,53006,782,771,11,649,122,2.44,2.15,771,15,474,175
18027,53007,868,835,33,322,513,2.52,1.93,835,69,210,112
18028,53010,3390,3016,374,2578,438,2.49,2.56,3016,53,1656,922
18029,53011,1079,887,192,778,109,2.46,2.00,887,8,466,312
18030,53012,8104,7802,302,6234,1568,2.59,1.68,7802,233,3942,2292
18031,53013,1477,1351,126,1183,168,2.61,2.43,1351,47,673,510
18032,53014,3692,3366,326,2705,661,2.47,1.89,3366,172,1357,1348
18033,53015,1173,1106,67,999,107,2.75,2.72,1106,25,557,442
18034,53016,161,155,6,121,34,2.57,1.97,155,5,83,38
18035,53017,1856,1856,0,1835,21,2.73,1.81,1856,0,1291,544
18036,53018,3270,3057,213,2322,735,2.54,2.01,3057,96,1501,821
18037,53019,781,724,57,606,118,2.32,2.37,724,25,304,302
18038,53020,1937,1561,376,1341,220,2.51,2.02,1561,53,744,597
18039,53021,1784,1715,69,1378,337,2.59,2.43,1715,24,924,454
18040,53022,8186,7823,363,6113,1710,2.68,2.05,7823,191,4239,1874
18041,53023,560,513,47,464,49,2.38,3.31,513,2,283,181
18042,53024,8339,8070,269,5654,2416,2.54,1.77,8070,164,3789,1865
18043,53027,10110,9640,470,6864,2776,2.61,1.94,9640,490,4451,2413
18044,53029,8462,8013,449,6431,1582,2.78,2.00,8013,256,4270,2161
18045,53031,31,31,0,12,19,2.58,2.84,31,0,12,0
18046,53032,2279,2196,83,1542,654,2.38,1.96,2196,78,881,661
18047,53033,2492,2422,70,2347,75,2.46,2.24,2422,13,1446,901
18048,53034,748,630,118,453,177,2.89,2.11,630,12,338,115
18049,53035,955,909,46,791,118,2.76,2.07,909,8,545,246
18050,53036,1175,1135,40,915,220,3.07,2.24,1135,14,692,223
18051,53037,3786,3777,9,2647,1130,2.49,2.55,3777,88,1768,879
18052,53038,1672,1605,67,1254,351,2.72,2.19,1605,18,828,426
18053,53039,1879,1692,187,1318,374,2.86,2.18,1692,50,778,540
18054,53040,3413,3265,148,2610,655,2.58,2.12,3265,33,1732,878
18055,53042,2967,2728,239,2187,541,2.46,2.26,2728,128,1277,910
18056,53044,911,856,55,766,90,2.67,1.92,856,2,489,277
18057,53045,10127,9623,504,7498,2125,2.52,1.75,9623,267,4674,2824
18058,53046,629,619,10,525,94,2.14,1.79,619,7,252,273
18059,53047,62,62,0,50,12,2.38,1.92,62,0,14,36
18060,53048,1542,1459,83,857,602,2.41,2.23,1459,42,518,339
18061,53049,1204,967,237,846,121,2.65,1.60,967,36,587,259
18062,53050,3059,2911,148,2179,732,2.53,2.12,2911,65,1543,636
18063,53051,16367,15751,616,11822,3929,2.65,1.72,15751,767,7978,3844
18064,53057,739,721,18,662,59,2.52,1.31,721,21,282,380
18065,53058,1478,1316,162,844,472,2.81,1.81,1316,12,531,313
18066,53059,756,708,48,598,110,2.80,2.12,708,9,398,200
18067,53061,2298,2208,90,1760,448,2.34,1.70,2208,173,1023,737
18068,53063,726,653,73,573,80,2.60,2.58,653,14,326,247
18069,53065,906,874,32,755,119,2.71,2.45,874,17,466,289
18070,53066,15696,14660,1036,11507,3153,2.61,1.95,14660,329,7671,3836
18071,53069,505,351,154,338,13,1.88,4.08,351,0,182,156
18072,53070,2228,1906,322,1580,326,2.66,2.11,1906,53,999,581
18073,53072,12306,11827,479,9025,2802,2.40,1.65,11827,343,5935,3090
18074,53073,6629,6254,375,4587,1667,2.37,1.95,6254,280,2757,1830
18075,53074,5603,5444,159,3547,1897,2.55,1.99,5444,207,2322,1225
18076,53075,1478,1377,101,1056,321,2.41,2.30,1377,31,639,417
18077,53076,1264,1226,38,1150,76,2.95,2.95,1226,0,834,316
18078,53078,742,722,20,639,83,2.26,2.95,722,17,355,284
18079,53079,650,577,73,471,106,2.53,1.56,577,10,254,217
18080,53080,2446,2308,138,1463,845,2.40,1.81,2308,117,931,532
18081,53081,20009,18719,1290,11391,7328,2.48,2.00,18719,1532,7320,4071
18082,53083,9047,8680,367,6469,2211,2.56,2.14,8680,370,4082,2387
18083,53085,5259,5078,181,3650,1428,2.35,1.90,5078,242,2241,1409
18084,53086,3910,3816,94,2800,1016,2.47,1.95,3816,62,1985,815
18085,53088,157,150,7,98,52,1.82,2.02,150,12,83,15
18086,53089,7619,7416,203,5927,1489,2.80,2.02,7416,105,3907,2020
18087,53090,9253,8915,338,6790,2125,2.49,2.25,8915,177,4197,2593
18088,53091,932,875,57,713,162,2.44,2.16,875,30,435,278
18089,53092,8987,8278,709,6564,1714,2.57,2.28,8278,352,4190,2374
18090,53093,742,731,11,670,61,2.77,2.13,731,20,446,224
18091,53094,7462,7214,248,4687,2527,2.56,2.26,7214,417,3111,1576
18092,53095,12701,12046,655,8708,3338,2.50,1.63,12046,819,5875,2833
18093,53097,2343,2232,111,2148,84,2.63,1.61,2232,4,1527,621
18094,53098,4630,4411,219,3057,1354,2.71,2.27,4411,243,1829,1228
18095,53099,5,5,0,5,0,2.20,-,5,0,5,0
18096,53103,1647,1584,63,1496,88,2.33,2.35,1584,9,902,594
18097,53104,2450,2192,258,1956,236,2.63,2.57,2192,10,1322,634
18098,53105,13027,12090,937,8565,3525,2.52,2.18,12090,427,5740,2825
18099,53108,1309,1297,12,1217,80,2.20,1.74,1297,0,782,435
18100,53110,9043,8663,380,5307,3356,2.17,1.98,8663,698,3244,2063
18101,53114,981,938,43,772,166,2.37,2.81,938,23,565,207
18102,53115,8407,6578,1829,4536,2042,2.49,2.30,6578,393,2659,1877
18103,53118,3291,3031,260,2604,427,2.49,1.78,3031,195,1780,824
18104,53119,2409,2186,223,2031,155,2.60,2.92,2186,27,1518,513
18105,53120,4817,4248,569,3223,1025,2.63,2.06,4248,142,2076,1147
18106,53121,8402,7554,848,5384,2170,2.61,2.05,7554,308,3593,1791
18107,53122,2385,2272,113,2009,263,2.85,2.21,2272,66,1286,723
18108,53125,2954,1267,1687,1079,188,2.28,1.93,1267,34,641,438
18109,53126,2962,2814,148,2380,434,2.59,2.43,2814,29,1534,846
18110,53127,41,41,0,33,8,3.03,-,41,0,33,0
18111,53128,4085,3346,739,2765,581,2.63,3.43,3346,35,2008,757
18112,53129,6191,6126,65,4280,1846,2.68,1.68,6126,268,2671,1609
18113,53130,3275,3043,232,1652,1391,2.85,2.11,3043,94,1183,469
18114,53132,14077,13649,428,10739,2910,2.73,1.65,13649,524,6926,3813
18115,53137,639,617,22,575,42,2.61,1.93,617,0,441,134
18116,53139,1065,936,129,827,109,2.39,1.75,936,26,563,264
18117,53140,14165,12685,1480,6305,6380,2.40,2.03,12685,1182,3749,2556
18118,53142,13139,12659,480,9383,3276,2.67,2.49,12659,461,6237,3146
18119,53143,9418,8590,828,4991,3599,2.61,2.49,8590,473,3153,1838
18120,53144,10501,10021,480,5344,4677,2.71,2.33,10021,509,3750,1594
18121,53146,3250,3197,53,3061,136,2.41,2.99,3197,9,1745,1316
18122,53147,10962,7815,3147,5407,2408,2.32,2.05,7815,260,3276,2131
18123,53149,7415,7176,239,6080,1096,2.81,1.92,7176,234,4455,1625
18124,53150,10224,9916,308,8597,1319,2.73,1.73,9916,289,5981,2616
18125,53151,14375,14092,283,10025,4067,2.47,1.85,14092,332,5915,4110
18126,53153,1038,974,64,898,76,2.77,1.53,974,10,710,188
18127,53154,15641,15262,379,9194,6068,2.65,1.95,15262,555,6366,2828
18128,53156,1551,1395,156,1071,324,2.51,2.01,1395,110,800,271
18129,53157,0,0,0,0,0,-,-,0,0,0,0
18130,53158,6854,6544,310,5221,1323,2.74,2.25,6544,230,3575,1646
18131,53167,233,233,0,43,190,1.65,2.12,233,0,30,13
18132,53168,4021,3566,455,2917,649,2.44,3.00,3566,41,2104,813
18133,53170,970,865,105,648,217,2.80,2.07,865,0,447,201
18134,53172,9140,8612,528,5387,3225,2.45,2.26,8612,557,3538,1849
18135,53176,89,64,25,64,0,3.47,-,64,0,29,35
18136,53177,2833,2677,156,2075,602,2.51,2.21,2677,56,1284,791
18137,53178,1119,1079,40,772,307,2.52,2.28,1079,10,490,282
18138,53179,2804,2610,194,2197,413,2.73,2.62,2610,46,1414,783
18139,53181,4262,3305,957,2591,714,2.31,2.29,3305,131,1810,781
18140,53182,3400,3214,186,2395,819,2.69,2.35,3214,125,1574,821
18141,53183,1153,1073,80,886,187,2.97,2.07,1073,29,676,210
18142,53184,1665,1533,132,940,593,2.98,2.48,1533,96,588,352
18143,53185,7952,7444,508,6246,1198,2.59,1.99,7444,91,4331,1915
18144,53186,15295,14733,562,7935,6798,2.55,1.78,14733,820,5671,2264
18145,53188,14340,14053,287,9105,4948,2.56,2.04,14053,797,6561,2544
18146,53189,10492,10199,293,8326,1873,2.66,2.19,10199,238,6088,2238
18147,53190,7218,6152,1066,2919,3233,2.56,2.48,6152,260,1813,1106
18148,53191,2363,1441,922,1090,351,2.38,1.76,1441,121,599,491
18149,53192,49,49,0,48,1,-,-,49,0,48,0
18150,53195,38,38,0,31,7,2.23,1.57,38,0,17,14
18151,53202,18171,16138,2033,3357,12781,1.62,1.41,16138,3390,2300,1057
18152,53203,1384,1208,176,158,1050,1.48,1.57,1208,155,98,60
18153,53204,14604,13058,1546,3365,9693,3.19,2.76,13058,2420,1982,1383
18154,53205,3978,3351,627,902,2449,2.73,2.32,3351,1348,448,454
18155,53206,10532,7966,2566,2660,5306,2.56,2.81,7966,2168,1029,1631
18156,53207,17238,16267,971,9624,6643,2.27,1.99,16267,1072,6606,3018
18157,53208,14001,11778,2223,4511,7267,2.78,2.11,11778,2689,2980,1531
18158,53209,21853,19419,2434,8295,11124,2.30,2.47,19419,3992,5066,3229
18159,53210,10953,9366,1587,3239,6127,2.59,2.78,9366,2005,2353,886
18160,53211,16083,15003,1080,6294,8709,2.47,1.85,15003,1748,4367,1927
18161,53212,15555,13133,2422,4230,8903,2.10,2.21,13133,2608,2747,1483
18162,53213,12532,12124,408,7185,4939,2.57,1.79,12124,901,5182,2003
18163,53214,17339,16166,1173,8243,7923,2.32,2.01,16166,1774,5793,2450
18164,53215,21514,19435,2079,8913,10522,3.31,2.81,19435,2505,5975,2938
18165,53216,13966,12541,1425,5496,7045,2.53,2.47,12541,2359,3669,1827
18166,53217,12290,11661,629,8828,2833,2.76,1.91,11661,473,5830,2998
18167,53218,15968,14765,1203,6304,8461,2.72,3.07,14765,2495,4161,2143
18168,53219,15689,14668,1021,9202,5466,2.47,1.99,14668,1129,6467,2735
18169,53220,12671,12100,571,7196,4904,2.38,2.02,12100,512,4259,2937
18170,53221,17258,16483,775,9389,7094,2.53,2.14,16483,1361,5484,3905
18171,53222,11608,10663,945,7088,3575,2.33,2.22,10663,734,4979,2109
18172,53223,13546,12400,1146,6495,5905,2.45,2.19,12400,1669,4670,1825
18173,53224,8281,7468,813,3620,3848,2.48,3.08,7468,971,2720,900
18174,53225,11204,10148,1056,3931,6217,2.68,2.57,10148,1323,2764,1167
18175,53226,8520,7895,625,4828,3067,2.44,1.79,7895,491,3158,1670
18176,53227,11500,10856,644,5058,5798,2.51,1.91,10856,1194,3309,1749
18177,53228,7235,6852,383,3584,3268,2.48,1.75,6852,591,2072,1512
18178,53233,5509,4416,1093,134,4282,2.02,1.93,4416,1666,35,99
18179,53235,5064,4759,305,2255,2504,2.36,1.48,4759,653,1327,928
18180,53295,0,0,0,0,0,-,-,0,0,0,0
18181,53402,15084,14218,866,10054,4164,2.52,2.18,14218,1005,6703,3351
18182,53403,11738,10409,1329,5529,4880,2.56,2.36,10409,1056,3747,1782
18183,53404,5645,5231,414,2287,2944,2.54,2.59,5231,668,1444,843
18184,53405,11451,10942,509,8056,2886,2.40,2.60,10942,881,5293,2763
18185,53406,11671,11308,363,8150,3158,2.31,2.19,11308,627,5195,2955
18186,53501,104,104,0,64,40,1.64,-,104,0,0,64
18187,53502,958,941,17,751,190,2.41,2.55,941,17,465,286
18188,53503,923,877,46,692,185,2.27,2.30,877,26,475,217
18189,53504,992,919,73,765,154,2.45,2.36,919,59,487,278
18190,53505,184,171,13,150,21,2.35,-,171,0,101,49
18191,53506,603,440,163,358,82,2.27,2.45,440,8,163,195
18192,53507,909,836,73,673,163,2.79,2.53,836,7,482,191
18193,53508,2375,2306,69,1912,394,2.56,2.26,2306,72,1324,588
18194,53510,608,582,26,447,135,2.59,2.16,582,8,273,174
18195,53511,19559,18283,1276,11744,6539,2.63,2.48,18283,1362,7607,4137
18196,53515,1104,1061,43,857,204,2.60,1.78,1061,39,502,355
18197,53516,1062,965,97,807,158,2.43,1.74,965,30,566,241
18198,53517,794,752,42,571,181,2.50,2.64,752,33,345,226
18199,53518,762,647,115,562,85,2.33,2.13,647,12,231,331
18200,53520,3112,2894,218,2173,721,2.44,1.94,2894,54,1316,857
18201,53521,1416,1360,56,1150,210,2.58,2.05,1360,14,773,377
18202,53522,427,378,49,300,78,2.49,2.32,378,13,167,133
18203,53523,2400,2080,320,1713,367,2.45,2.02,2080,46,1240,473
18204,53525,1713,1620,93,1249,371,2.51,2.29,1620,61,739,510
18205,53526,266,234,32,195,39,2.19,3.46,234,6,123,72
18206,53527,4347,4245,102,3517,728,2.56,2.42,4245,64,2771,746
18207,53528,2478,2431,47,1863,568,2.65,2.13,2431,14,1213,650
18208,53529,929,902,27,629,273,2.86,2.59,902,17,399,230
18209,53530,1926,1823,103,1416,407,2.44,2.78,1823,82,840,576
18210,53531,1675,1657,18,1329,328,2.54,2.65,1657,14,1066,263
18211,53532,6131,5968,163,4803,1165,2.78,2.52,5968,201,3438,1365
18212,53533,3338,3023,315,2118,905,2.63,1.75,3023,37,1434,684
18213,53534,5788,4877,911,3541,1336,2.60,2.20,4877,204,2512,1029
18214,53536,3912,3795,117,2941,854,2.45,1.94,3795,213,2031,910
18215,53537,419,396,23,294,102,2.43,2.34,396,13,165,129
18216,53538,8375,7662,713,5702,1960,2.46,2.21,7662,284,3770,1932
18217,53540,62,62,0,34,28,1.44,3.86,62,0,20,14
18218,53541,402,364,38,315,49,2.20,2.47,364,20,128,187
18219,53543,842,715,127,593,122,2.44,2.20,715,68,322,271
18220,53544,338,298,40,240,58,2.80,1.88,298,9,159,81
18221,53545,10822,10434,388,6739,3695,2.31,2.00,10434,735,4098,2641
18222,53546,12593,12197,396,8642,3555,2.55,2.07,12197,616,5329,3313
18223,53548,8764,8356,408,5756,2600,2.46,2.32,8356,493,3697,2059
18224,53549,4776,4469,307,3186,1283,2.23,2.05,4469,135,1933,1253
18225,53550,457,435,22,366,69,2.89,2.94,435,6,232,134
18226,53551,3907,3496,411,2767,729,2.80,1.91,3496,103,1734,1033
18227,53553,277,269,8,222,47,2.59,1.72,269,27,119,103
18228,53554,454,364,90,300,64,2.55,2.81,364,44,153,147
18229,53555,4401,3833,568,3033,800,2.38,1.92,3833,50,2097,936
18230,53556,1204,1054,150,866,188,2.14,2.37,1054,21,474,392
18231,53557,214,169,45,135,34,2.07,1.62,169,3,74,61
18232,53558,5281,5135,146,3955,1180,2.63,2.10,5135,54,2505,1450
18233,53559,2558,2399,159,1815,584,2.75,2.34,2399,33,1298,517
18234,53560,1617,1558,59,1292,266,2.35,1.92,1558,40,827,465
18235,53561,1154,795,359,707,88,2.43,2.92,795,7,400,307
18236,53562,13033,12609,424,7019,5590,2.73,1.71,12609,734,4803,2216
18237,53563,4741,4503,238,3623,880,2.70,2.18,4503,120,2501,1122
18238,53565,2080,1952,128,1444,508,2.55,1.79,1952,64,783,661
18239,53566,6832,6578,254,4431,2147,2.42,1.92,6578,312,2442,1989
18240,53569,450,406,44,330,76,2.70,2.55,406,7,179,151
18241,53570,1237,1184,53,880,304,2.39,1.75,1184,36,562,318
18242,53571,14,14,0,14,0,4.71,-,14,0,0,14
18243,53572,3936,3751,185,2727,1024,2.77,2.69,3751,70,1806,921
18244,53573,1509,1276,233,1021,255,2.38,2.33,1276,70,580,441
18245,53574,1585,1484,101,1229,255,2.80,2.21,1484,82,850,379
18246,53575,7058,6882,176,5343,1539,2.57,2.26,6882,81,4037,1306
18247,53576,1032,948,84,711,237,2.56,2.00,948,5,476,235
18248,53577,574,515,59,396,119,2.41,2.24,515,7,247,149
18249,53578,2845,2700,145,1947,753,2.57,1.87,2700,56,1413,534
18250,53579,710,632,78,473,159,2.73,2.76,632,15,308,165
18251,53580,210,177,33,130,47,2.62,2.38,177,4,66,64
18252,53581,4887,4195,692,2990,1205,2.51,1.97,4195,344,1717,1273
18253,53582,481,420,61,363,57,2.79,2.75,420,13,258,105
18254,53583,2666,2522,144,2040,482,2.55,1.76,2522,110,1422,618
18255,53584,10,10,0,10,0,-,-,10,0,0,10
18256,53585,930,830,100,570,260,2.77,2.50,830,31,370,200
18257,53586,899,823,76,649,174,2.56,2.68,823,48,318,331
18258,53587,526,478,48,384,94,2.36,2.49,478,4,221,163
18259,53588,1884,1694,190,1368,326,2.33,1.76,1694,64,780,588
18260,53589,8914,8502,412,6716,1786,2.39,2.07,8502,477,4346,2370
18261,53590,17769,17249,520,11604,5645,2.68,2.07,17249,765,8765,2839
18262,53593,11428,10826,602,7890,2936,2.76,1.67,10826,227,5841,2049
18263,53594,2432,2353,79,1688,665,2.26,1.85,2353,128,1028,660
18264,53597,8178,7968,210,5842,2126,2.78,1.98,7968,312,4357,1485
18265,53598,1673,1493,180,926,567,2.87,1.89,1493,0,682,244
18266,53599,63,55,8,42,13,1.57,2.31,55,1,8,34
18267,53703,20050,18702,1348,2528,16174,1.83,1.89,18702,5188,1614,914
18268,53704,22396,21392,1004,11906,9486,2.34,2.05,21392,1538,8368,3538
18269,53705,12352,11791,561,5846,5945,2.33,1.88,11791,1196,3615,2231
18270,53706,0,0,0,0,0,-,-,0,0,0,0
18271,53711,22033,20921,1112,13057,7864,2.37,2.14,20921,864,8695,4362
18272,53713,11318,10851,467,3452,7399,2.32,2.01,10851,907,2291,1161
18273,53714,7876,7756,120,4593,3163,2.11,2.12,7756,1013,3050,1543
18274,53715,5572,5077,495,1102,3975,2.02,2.40,5077,1326,705,397
18275,53716,8566,8286,280,6139,2147,2.32,2.04,8286,288,4301,1838
18276,53717,6241,6193,48,3308,2885,2.31,1.92,6193,340,2021,1287
18277,53718,7778,7636,142,4624,3012,2.39,1.88,7636,283,3342,1282
18278,53719,15336,15036,300,7450,7586,2.41,1.95,15036,826,5779,1671
18279,53726,2468,2408,60,895,1513,2.34,2.11,2408,584,480,415
18280,53792,0,0,0,0,0,-,-,0,0,0,0
18281,53801,765,428,337,345,83,2.30,3.10,428,15,155,190
18282,53802,43,30,13,22,8,4.95,2.75,30,0,14,8
18283,53803,576,522,54,387,135,2.25,2.10,522,13,215,172
18284,53804,567,503,64,418,85,2.73,2.09,503,12,217,201
18285,53805,2383,2139,244,1475,664,2.56,1.80,2139,166,721,754
18286,53806,950,747,203,615,132,2.10,2.04,747,41,217,398
18287,53807,1834,1732,102,1391,341,2.58,2.21,1732,14,691,700
18288,53808,398,377,21,278,99,2.74,2.14,377,6,173,105
18289,53809,1809,1670,139,1204,466,2.85,2.52,1670,102,662,542
18290,53810,183,150,33,129,21,2.47,2.38,150,5,48,81
18291,53811,1370,1266,104,868,398,2.56,1.90,1266,18,466,402
18292,53812,130,130,0,130,0,2.72,-,130,0,100,30
18293,53813,2409,2274,135,1604,670,2.75,2.42,2274,135,902,702
18294,53816,346,275,71,230,45,3.30,3.02,275,19,148,82
18295,53817,136,127,9,109,18,1.64,1.56,127,0,78,31
18296,53818,6059,5614,445,3035,2579,2.52,2.30,5614,493,1746,1289
18297,53820,1079,923,156,771,152,2.52,2.38,923,21,412,359
18298,53821,3901,3105,796,2056,1049,2.38,1.95,3105,302,1008,1048
18299,53825,207,192,15,151,41,2.37,4.07,192,34,105,46
18300,53826,646,578,68,456,122,2.64,2.22,578,19,260,196
18301,53827,182,127,55,114,13,2.73,1.23,127,1,44,70
18302,53901,6507,5942,565,3935,2007,2.41,2.14,5942,388,2517,1418
18303,53910,1837,1474,363,930,544,2.25,2.49,1474,169,467,463
18304,53911,551,528,23,440,88,2.71,2.64,528,4,350,90
18305,53913,10221,9376,845,6116,3260,2.45,1.82,9376,522,3878,2238
18306,53916,10800,10095,705,6473,3622,2.47,1.87,10095,542,4053,2420
18307,53919,864,823,41,652,171,2.65,2.53,823,18,391,261
18308,53920,397,216,181,183,33,1.91,2.70,216,0,115,68
18309,53922,456,421,35,376,45,2.56,1.47,421,7,261,115
18310,53923,864,817,47,626,191,2.86,2.08,817,62,314,312
18311,53924,730,580,150,470,110,2.40,1.96,580,25,222,248
18312,53925,3720,3531,189,2553,978,2.57,2.07,3531,142,1696,857
18313,53926,698,621,77,478,143,3.01,2.28,621,165,333,145
18314,53928,46,43,3,40,3,2.20,3.00,43,0,28,12
18315,53929,1228,1047,181,866,181,2.42,2.49,1047,59,498,368
18316,53930,600,526,74,437,89,2.31,2.34,526,6,303,134
18317,53931,137,125,12,86,39,2.20,4.21,125,3,60,26
18318,53932,1002,911,91,671,240,2.76,2.54,911,36,489,182
18319,53933,1759,1295,464,830,465,2.35,2.03,1295,96,482,348
18320,53934,4280,2067,2213,1719,348,1.97,2.26,2067,145,833,886
18321,53935,127,110,17,96,14,2.76,2.07,110,2,69,27
18322,53936,1075,575,500,520,55,2.34,1.75,575,13,273,247
18323,53937,440,370,70,324,46,3.09,2.54,370,56,179,145
18324,53939,142,126,16,107,19,2.79,2.11,126,5,58,49
18325,53940,0,0,0,0,0,-,-,0,0,0,0
18326,53941,1833,1123,710,996,127,2.71,2.60,1123,56,632,364
18327,53942,50,43,7,41,2,2.83,5.00,43,0,32,9
18328,53943,437,395,42,308,87,3.18,3.07,395,40,188,120
18329,53944,1323,935,388,779,156,2.38,3.21,935,15,413,366
18330,53946,2595,1737,858,1412,325,2.37,2.14,1737,102,691,721
18331,53947,163,122,41,86,36,3.08,2.11,122,14,47,39
18332,53948,4122,3259,863,2451,808,2.47,2.03,3259,132,1283,1168
18333,53949,4117,2799,1318,2264,535,2.29,2.00,2799,140,1288,976
18334,53950,3048,1943,1105,1591,352,2.24,2.15,1943,41,944,647
18335,53951,1090,930,160,712,218,2.76,2.12,930,36,373,339
18336,53952,2032,1260,772,1123,137,2.37,2.31,1260,31,679,444
18337,53953,99,90,9,64,26,1.73,1.12,90,0,37,27
18338,53954,2949,2677,272,2267,410,2.57,2.59,2677,106,1549,718
18339,53955,2681,2342,339,1900,442,2.48,2.14,2342,56,1263,637
18340,53956,1349,1228,121,1004,224,2.56,1.98,1228,57,540,464
18341,53959,5806,5408,398,3859,1549,2.69,2.30,5408,275,2393,1466
18342,53960,1522,1383,139,1110,273,2.53,1.97,1383,35,750,360
18343,53961,425,397,28,351,46,2.20,3.26,397,8,244,107
18344,53962,21,21,0,10,11,1.20,1.09,21,0,6,4
18345,53963,5425,5141,284,3543,1598,2.75,2.05,5141,259,2231,1312
18346,53964,2038,1368,670,986,382,2.46,2.67,1368,79,563,423
18347,53965,6648,4727,1921,3564,1163,2.51,1.89,4727,259,1999,1565
18348,53968,985,864,121,695,169,2.78,2.63,864,46,380,315
18349,53969,111,110,1,84,26,2.11,2.23,110,0,47,37
18350,54001,4201,3187,1014,2573,614,2.53,2.07,3187,103,1591,982
18351,54002,2553,2495,58,1961,534,2.78,2.10,2495,41,1284,677
18352,54003,429,420,9,390,30,2.73,3.53,420,14,251,139
18353,54004,1126,931,195,787,144,2.47,2.33,931,11,438,349
18354,54005,1270,1154,116,949,205,2.77,1.89,1154,45,618,331
18355,54006,415,333,82,290,43,2.60,1.88,333,9,171,119
18356,54007,440,403,37,346,57,2.43,2.12,403,7,219,127
18357,54009,1073,931,142,788,143,2.78,3.24,931,12,554,234
18358,54011,2860,2693,167,2068,625,2.57,2.29,2693,65,1287,781
18359,54013,1643,1497,146,1184,313,2.45,1.92,1497,34,803,381
18360,54014,905,852,53,752,100,2.59,2.25,852,4,483,269
18361,54015,1523,1489,34,1149,340,2.78,2.33,1489,25,966,183
18362,54016,13381,12833,548,10477,2356,2.67,2.12,12833,253,7947,2530
18363,54017,7592,7209,383,5279,1930,2.90,2.01,7209,379,4123,1156
18364,54020,3356,3111,245,2337,774,2.61,1.97,3111,114,1558,779
18365,54021,2953,2847,106,2186,661,2.69,1.91,2847,34,1457,729
18366,54022,8663,8370,293,5684,2686,2.65,2.21,8370,437,4030,1654
18367,54023,1730,1696,34,1399,297,2.89,2.21,1696,45,991,408
18368,54024,2652,2065,587,1608,457,2.37,1.82,2065,61,1022,586
18369,54025,2935,2739,196,2212,527,2.61,2.52,2739,66,1596,616
18370,54026,1067,906,161,744,162,2.27,1.70,906,47,510,234
18371,54027,443,421,22,393,28,2.35,3.11,421,10,261,132
18372,54028,1054,1013,41,699,314,2.67,2.10,1013,24,457,242
18373,54082,624,565,59,565,0,2.60,-,565,0,459,106
18374,54101,1216,1116,100,1043,73,2.66,2.45,1116,17,699,344
18375,54102,1294,421,873,370,51,1.80,1.43,421,17,197,173
18376,54103,580,215,365,196,19,2.17,2.74,215,10,88,108
18377,54104,2204,570,1634,542,28,1.92,1.50,570,6,175,367
18378,54106,2196,2160,36,1920,240,2.52,2.15,2160,20,1081,839
18379,54107,1517,1356,161,1097,259,2.79,1.95,1356,63,679,418
18380,54110,2249,2157,92,1772,385,2.88,1.71,2157,96,1194,578
18381,54111,1235,1007,228,863,144,2.26,1.79,1007,22,479,384
18382,54112,1335,1145,190,829,316,2.66,1.79,1145,16,373,456
18383,54113,1416,1401,15,1192,209,2.61,2.38,1401,52,726,466
18384,54114,6027,2675,3352,2155,520,2.23,1.82,2675,134,1160,995
18385,54115,19801,18998,803,12589,6409,2.63,2.03,18998,502,8505,4084
18386,54119,841,248,593,190,58,2.54,3.57,248,4,92,98
18387,54120,523,121,402,112,9,2.04,1.22,121,1,48,64
18388,54121,3205,1490,1715,1324,166,2.18,1.58,1490,63,659,665
18389,54123,78,78,0,57,21,2.65,1.52,78,0,11,46
18390,54124,1821,1423,398,1172,251,2.45,1.75,1423,94,641,531
18391,54125,504,231,273,188,43,2.19,2.21,231,13,65,123
18392,54126,1592,1541,51,1357,184,2.68,2.97,1541,29,900,457
18393,54127,31,31,0,21,10,2.19,2.60,31,0,14,7
18394,54128,1032,765,267,570,195,3.08,1.78,765,27,313,257
18395,54129,1590,1457,133,1264,193,2.31,2.30,1457,26,773,491
18396,54130,11162,10828,334,8271,2557,2.68,1.96,10828,604,5234,3037
18397,54135,1621,840,781,552,288,3.14,4.18,840,55,220,332
18398,54136,3023,2885,138,1785,1100,2.79,1.72,2885,374,1014,771
18399,54137,485,466,19,439,27,2.37,2.26,466,11,267,172
18400,54138,1332,412,920,365,47,2.06,2.55,412,3,159,206
18401,54139,1365,1245,120,1033,212,2.61,2.28,1245,20,494,539
18402,54140,3961,3732,229,2334,1398,2.45,1.97,3732,98,1318,1016
18403,54141,1227,1058,169,1049,9,2.46,2.00,1058,36,730,319
18404,54143,7373,6640,733,4835,1805,2.30,1.97,6640,408,2807,2028
18405,54149,1928,590,1338,562,28,2.00,2.57,590,9,279,283
18406,54150,349,316,33,210,106,3.14,4.50,316,31,35,175
18407,54151,1866,1419,447,1196,223,2.36,2.51,1419,26,553,643
18408,54152,101,96,5,34,62,2.38,2.63,96,0,23,11
18409,54153,3459,3090,369,2310,780,2.24,2.17,3090,142,1303,1007
18410,54154,2516,2375,141,1670,705,2.52,1.98,2375,146,841,829
18411,54155,3090,2796,294,1796,1000,3.05,2.36,2796,41,1115,681
18412,54156,1819,686,1133,591,95,2.16,1.85,686,25,245,346
18413,54157,2782,2481,301,1848,633,2.37,2.19,2481,54,1090,758
18414,54159,834,568,266,532,36,2.37,2.33,568,5,274,258
18415,54160,107,107,0,84,23,2.29,1.74,107,0,43,41
18416,54161,2210,1184,1026,1050,134,2.21,2.44,1184,13,491,559
18417,54162,3470,3410,60,2647,763,3.04,1.85,3410,78,1795,852
18418,54165,3106,3007,99,2147,860,2.91,2.00,3007,75,1294,853
18419,54166,8782,7006,1776,4922,2084,2.49,1.94,7006,493,3121,1801
18420,54169,1219,1176,43,1137,39,2.68,3.33,1176,7,804,333
18421,54170,1616,1505,111,1302,203,2.53,2.23,1505,19,695,607
18422,54171,1419,1399,20,1325,74,2.74,2.99,1399,6,916,409
18423,54173,1444,1408,36,1197,211,2.73,2.16,1408,12,756,441
18424,54174,2415,1408,1007,1216,192,2.13,2.41,1408,41,566,650
18425,54175,1836,600,1236,578,22,1.95,1.77,600,4,182,396
18426,54177,2852,1285,1567,1073,212,2.11,2.00,1285,62,567,506
18427,54180,1200,1191,9,936,255,2.53,3.25,1191,80,776,160
18428,54201,2634,2152,482,1755,397,2.56,2.05,2152,171,995,760
18429,54202,1886,844,1042,691,153,1.90,1.75,844,28,402,289
18430,54204,1075,773,302,683,90,2.41,2.19,773,14,310,373
18431,54205,834,780,54,731,49,2.74,2.12,780,8,470,261
18432,54207,83,83,0,58,25,2.41,1.56,83,0,22,36
18433,54208,2372,2270,102,1918,352,2.77,2.41,2270,19,1217,701
18434,54209,2043,718,1325,627,91,1.94,2.56,718,11,311,316
18435,54210,1119,361,758,314,47,1.98,1.13,361,10,170,144
18436,54211,620,154,466,135,19,1.74,1.53,154,22,56,79
18437,54212,1351,368,983,334,34,2.23,1.47,368,3,150,184
18438,54213,640,578,62,514,64,2.59,2.11,578,9,326,188
18439,54214,291,286,5,235,51,1.73,1.16,286,12,67,168
18440,54215,127,111,16,81,30,2.00,2.07,111,3,35,46
18441,54216,2977,2584,393,2104,480,2.34,2.03,2584,130,1259,845
18442,54217,3166,2824,342,2329,495,2.80,2.32,2824,91,1468,861
18443,54220,18830,17278,1552,11933,5345,2.44,1.92,17278,1461,6392,5541
18444,54227,730,683,47,634,49,2.39,1.53,683,19,338,296
18445,54228,1291,1194,97,978,216,2.37,2.68,1194,29,532,446
18446,54229,2172,2099,73,1580,519,2.71,1.65,2099,24,1009,571
18447,54230,1717,1647,70,1484,163,2.70,1.87,1647,72,859,625
18448,54232,527,497,30,430,67,1.67,2.22,497,11,170,260
18449,54234,2278,1062,1216,757,305,2.08,1.68,1062,41,417,340
18450,54235,11475,8073,3402,6412,1661,2.26,1.96,8073,361,3219,3193
18451,54241,7006,6503,503,5002,1501,2.23,1.91,6503,295,2802,2200
18452,54245,1002,867,135,728,139,2.39,1.65,867,25,421,307
18453,54246,975,451,524,398,53,1.85,2.08,451,7,146,252
18454,54247,1044,981,63,829,152,2.32,2.45,981,3,428,401
18455,54301,10239,9660,579,6226,3434,2.33,1.92,9660,660,3971,2255
18456,54302,13382,12854,528,6197,6657,2.79,2.09,12854,937,3646,2551
18457,54303,12996,12195,801,5925,6270,2.31,2.16,12195,1175,4131,1794
18458,54304,13119,12486,633,7295,5191,2.37,2.02,12486,645,4605,2690
18459,54307,0,0,0,0,0,-,-,0,0,0,0
18460,54311,14827,14438,389,9546,4892,2.60,2.04,14438,727,6231,3315
18461,54313,15368,15137,231,12585,2552,2.76,1.94,15137,403,8411,4174
18462,54401,14062,13204,858,8584,4620,2.58,1.92,13204,631,5124,3460
18463,54403,11219,10433,786,6994,3439,2.45,2.01,10433,1016,4244,2750
18464,54405,1044,994,50,694,300,2.65,3.02,994,68,351,343
18465,54406,1713,1632,81,1419,213,2.50,1.61,1632,46,921,498
18466,54407,629,532,97,474,58,2.40,2.21,532,5,278,196
18467,54408,573,480,93,413,67,2.63,1.73,480,6,230,183
18468,54409,6435,5594,841,4034,1560,2.43,1.93,5594,404,2284,1750
18469,54410,942,826,116,759,67,2.87,2.93,826,66,504,255
18470,54411,2100,1902,198,1684,218,2.71,2.29,1902,47,812,872
18471,54412,907,817,90,706,111,2.52,2.12,817,11,330,376
18472,54413,157,91,66,84,7,2.18,1.29,91,2,37,47
18473,54414,1514,1277,237,1055,222,2.67,2.05,1277,48,644,411
18474,54416,842,651,191,521,130,2.42,2.28,651,50,249,272
18475,54417,8,8,0,8,0,2.13,-,8,0,4,4
18476,54418,456,346,110,322,24,2.98,1.83,346,3,178,144
18477,54420,500,454,46,365,89,3.05,2.90,454,54,229,136
18478,54421,1331,1237,94,924,313,3.00,3.01,1237,76,510,414
18479,54422,497,441,56,301,140,3.20,3.39,441,111,152,149
18480,54423,866,789,77,745,44,2.81,2.11,789,5,491,254
18481,54424,1210,646,564,616,30,2.38,2.90,646,7,319,297
18482,54425,769,723,46,550,173,2.69,2.36,723,27,310,240
18483,54426,1747,1672,75,1425,247,2.62,1.91,1672,40,815,610
18484,54427,533,461,72,402,59,2.37,2.56,461,12,246,156
18485,54428,1204,455,749,378,77,2.18,1.83,455,15,155,223
18486,54430,100,54,46,49,5,2.02,5.40,54,3,27,22
18487,54433,850,656,194,553,103,2.86,2.26,656,31,311,242
18488,54435,1589,838,751,752,86,2.31,3.03,838,12,353,399
18489,54436,949,775,174,618,157,2.95,2.28,775,128,351,267
18490,54437,1311,1145,166,888,257,2.77,2.15,1145,83,432,456
18491,54440,1238,1088,150,973,115,2.51,2.46,1088,16,509,464
18492,54441,355,355,0,327,28,2.63,1.39,355,2,179,148
18493,54442,711,527,184,453,74,2.57,1.95,527,1,268,185
18494,54443,1034,849,185,734,115,2.44,2.47,849,19,347,387
18495,54446,1170,1118,52,907,211,2.98,2.92,1118,72,489,418
18496,54447,278,201,77,160,41,2.32,2.41,201,15,73,87
18497,54448,1754,1684,70,1477,207,2.64,1.93,1684,35,779,698
18498,54449,12249,11462,787,8026,3436,2.42,1.80,11462,677,4398,3628
18499,54450,202,156,46,139,17,2.63,3.18,156,5,56,83
18500,54451,5055,4346,709,3301,1045,2.66,1.96,4346,280,1951,1350
18501,54452,8989,8030,959,6131,1899,2.45,1.90,8030,405,3686,2445
18502,54454,548,525,23,471,54,2.58,2.48,525,14,256,215
18503,54455,7956,7633,323,6059,1574,2.66,1.92,7633,178,3872,2187
18504,54456,3062,2455,607,1945,510,2.39,1.85,2455,152,1047,898
18505,54457,5749,3752,1997,3277,475,2.12,2.43,3752,115,1689,1588
18506,54458,56,52,4,36,16,2.33,1.94,52,0,26,10
18507,54459,961,561,400,526,35,2.31,1.71,561,43,282,244
18508,54460,1030,912,118,746,166,2.83,2.80,912,82,408,338
18509,54462,402,163,239,145,18,2.36,2.06,163,2,37,108
18510,54463,1100,373,727,268,105,2.07,1.19,373,5,132,136
18511,54464,37,25,12,18,7,2.00,7.43,25,0,7,11
18512,54465,1114,322,792,313,9,1.97,1.22,322,2,104,209
18513,54466,1477,1120,357,953,167,2.49,1.87,1120,64,553,400
18514,54467,6183,6072,111,3728,2344,2.63,2.00,6072,183,2460,1268
18515,54469,757,730,27,578,152,2.44,2.84,730,9,356,222
18516,54470,1104,814,290,672,142,2.54,2.32,814,43,377,295
18517,54471,632,621,11,596,25,2.74,3.68,621,1,391,205
18518,54473,1275,1012,263,872,140,2.65,2.11,1012,26,506,366
18519,54474,1992,1928,64,1280,648,2.35,2.22,1928,122,815,465
18520,54475,643,580,63,551,29,2.49,1.62,580,2,289,262
18521,54476,8209,7948,261,4832,3116,2.64,2.10,7948,371,3238,1594
18522,54479,1440,1375,65,1120,255,2.69,2.27,1375,50,692,428
18523,54480,563,526,37,436,90,2.62,2.99,526,21,165,271
18524,54481,12231,11491,740,6717,4774,2.38,1.89,11491,829,3840,2877
18525,54482,4192,4049,143,3338,711,2.54,1.39,4049,298,2026,1312
18526,54484,2514,2437,77,2090,347,2.36,1.94,2437,61,1186,904
18527,54485,416,154,262,153,1,2.01,6.00,154,2,45,108
18528,54486,1136,915,221,787,128,2.20,2.90,915,28,363,424
18529,54487,7327,4191,3136,3567,624,2.34,2.27,4191,213,2025,1542
18530,54488,480,459,21,363,96,2.52,2.00,459,5,224,139
18531,54489,678,638,40,530,108,2.38,2.22,638,23,244,286
18532,54490,704,374,330,335,39,2.49,3.08,374,5,187,148
18533,54491,1574,724,850,549,175,2.10,1.80,724,23,249,300
18534,54493,607,277,330,255,22,2.16,2.91,277,14,115,140
18535,54494,12840,11688,1152,8785,2903,2.36,2.13,11688,471,4937,3848
18536,54495,3591,3396,195,1871,1525,2.48,2.06,3396,139,929,942
18537,54498,983,831,152,643,188,3.04,2.60,831,105,335,308
18538,54499,1264,1161,103,885,276,2.39,1.97,1161,34,469,416
18539,54501,12539,8551,3988,7083,1468,2.44,2.40,8551,305,4086,2997
18540,54511,1533,577,956,513,64,2.67,2.09,577,18,282,231
18541,54512,1342,583,759,512,71,2.33,2.85,583,0,225,287
18542,54513,443,248,195,232,16,1.74,1.69,248,9,72,160
18543,54514,1639,945,694,803,142,2.23,1.77,945,57,418,385
18544,54515,413,264,149,234,30,2.22,1.30,264,2,97,137
18545,54517,307,89,218,89,0,2.09,-,89,2,20,69
18546,54519,1597,559,1038,492,67,2.24,1.42,559,15,310,182
18547,54520,2865,1497,1368,1095,402,2.41,2.57,1497,86,566,529
18548,54521,7523,3787,3736,3151,636,2.14,2.27,3787,159,1644,1507
18549,54524,552,333,219,227,106,2.07,2.05,333,3,78,149
18550,54525,137,114,23,80,34,2.21,2.56,114,10,52,28
18551,54526,476,310,166,281,29,2.40,1.59,310,11,118,163
18552,54527,913,410,503,351,59,2.11,1.68,410,10,178,173
18553,54529,1206,440,766,412,28,2.69,1.93,440,7,199,213
18554,54530,593,344,249,309,35,2.08,1.97,344,10,137,172
18555,54531,1530,546,984,514,32,2.32,3.09,546,14,264,250
18556,54534,1704,1163,541,892,271,2.18,2.00,1163,98,415,477
18557,54536,172,88,84,77,11,2.01,1.55,88,4,18,59
18558,54537,396,229,167,206,23,2.71,1.48,229,15,110,96
18559,54538,2912,1376,1536,925,451,2.01,2.28,1376,71,271,654
18560,54539,1744,544,1200,507,37,2.16,1.62,544,8,263,244
18561,54540,1522,414,1108,357,57,2.10,1.60,414,12,176,181
18562,54541,807,502,305,391,111,2.64,2.75,502,22,230,161
18563,54542,1121,229,892,211,18,2.42,1.83,229,3,69,142
18564,54545,1396,483,913,379,104,1.90,1.72,483,9,184,195
18565,54546,808,501,307,413,88,2.27,1.69,501,26,201,212
18566,54547,1875,639,1236,549,90,2.07,2.33,639,5,292,257
18567,54548,5134,2472,2662,1919,553,2.35,1.69,2472,188,1054,865
18568,54550,432,260,172,246,14,2.26,2.14,260,4,132,114
18569,54552,3516,2137,1379,1585,552,2.03,1.71,2137,172,729,856
18570,54554,1318,500,818,428,72,2.05,1.92,500,21,230,198
18571,54555,3616,2164,1452,1688,476,2.17,2.14,2164,88,822,866
18572,54556,863,542,321,432,110,2.13,2.24,542,35,209,223
18573,54557,2133,465,1668,444,21,2.12,2.71,465,26,221,223
18574,54558,2498,1108,1390,891,217,1.97,1.74,1108,55,565,326
18575,54559,510,378,132,280,98,2.30,2.81,378,20,119,161
18576,54560,794,319,475,286,33,1.97,2.21,319,0,201,85
18577,54561,203,32,171,32,0,2.22,-,32,0,14,18
18578,54562,2839,812,2027,715,97,2.19,1.97,812,28,328,387
18579,54563,429,316,113,285,31,2.59,2.35,316,10,146,139
18580,54564,905,181,724,158,23,2.13,1.30,181,4,53,105
18581,54565,134,25,109,20,5,1.85,2.20,25,0,8,12
18582,54566,1416,640,776,517,123,2.29,1.62,640,22,209,308
18583,54568,3743,2062,1681,1681,381,2.50,1.79,2062,80,909,772
18584,54601,22275,20886,1389,11446,9440,2.32,2.13,20886,1706,6855,4591
18585,54603,7098,6672,426,3311,3361,2.47,1.78,6672,644,1955,1356
18586,54610,885,687,198,526,161,2.29,2.04,687,34,238,288
18587,54611,549,461,88,358,103,2.85,2.61,461,3,207,151
18588,54612,2201,2105,96,1399,706,2.68,2.71,2105,110,786,613
18589,54613,2268,855,1413,730,125,2.15,2.26,855,17,369,361
18590,54614,1084,1014,70,798,216,2.59,1.70,1014,28,453,345
18591,54615,4854,4234,620,2940,1294,2.39,2.18,4234,194,1647,1293
18592,54616,1171,971,200,725,246,2.73,1.87,971,70,481,244
18593,54618,1097,828,269,649,179,2.90,1.88,828,15,363,286
18594,54619,1465,1288,177,1110,178,2.91,2.67,1288,164,522,588
18595,54621,490,471,19,358,113,2.95,3.00,471,41,246,112
18596,54622,1087,857,230,764,93,2.31,2.15,857,19,419,345
18597,54623,904,831,73,702,129,2.53,2.19,831,28,380,322
18598,54624,1055,691,364,622,69,2.16,2.17,691,27,234,388
18599,54625,234,220,14,195,25,1.31,2.00,220,17,60,135
18600,54626,921,601,320,494,107,2.54,1.91,601,15,247,247
18601,54627,937,855,82,732,123,2.43,1.87,855,22,389,343
18602,54628,755,424,331,394,30,2.29,1.77,424,11,179,215
18603,54629,1245,1081,164,893,188,2.43,2.34,1081,14,449,444
18604,54630,1697,1630,67,1290,340,2.62,2.04,1630,50,915,375
18605,54631,925,683,242,539,144,2.55,2.46,683,59,225,314
18606,54632,540,450,90,415,35,2.58,2.29,450,7,228,187
18607,54634,1816,1515,301,1215,300,2.97,2.00,1515,184,569,646
18608,54635,887,650,237,551,99,2.57,2.78,650,21,351,200
18609,54636,6237,6061,176,4663,1398,2.95,1.87,6061,157,3202,1461
18610,54637,99,87,12,53,34,2.15,1.82,87,0,37,16
18611,54638,691,593,98,501,92,2.49,2.58,593,40,249,252
18612,54639,1281,1023,258,790,233,2.47,2.03,1023,100,402,388
18613,54642,896,789,107,666,123,2.91,2.65,789,34,397,269
18614,54643,0,0,0,0,0,-,-,0,0,0,0
18615,54644,555,496,59,419,77,2.84,2.14,496,9,268,151
18616,54645,56,47,9,25,22,1.32,1.64,47,8,9,16
18617,54646,2748,1631,1117,1341,290,2.30,3.55,1631,76,747,594
18618,54648,605,528,77,417,111,3.23,2.86,528,37,254,163
18619,54650,10906,10663,243,7226,3437,2.42,1.96,10663,558,4367,2859
18620,54651,576,450,126,355,95,2.75,3.32,450,75,167,188
18621,54652,458,378,80,309,69,2.99,3.19,378,62,160,149
18622,54653,481,445,36,350,95,2.57,2.46,445,5,211,139
18623,54654,65,59,6,58,1,2.38,2.00,59,2,22,36
18624,54655,850,641,209,497,144,2.98,1.88,641,55,241,256
18625,54656,7427,6863,564,5001,1862,2.63,2.34,6863,474,3032,1969
18626,54657,202,128,74,93,35,2.73,2.77,128,0,56,37
18627,54658,1106,1040,66,825,215,2.58,2.25,1040,50,519,306
18628,54659,562,498,64,398,100,2.83,2.44,498,46,226,172
18629,54660,7453,6767,686,4379,2388,2.49,2.05,6767,441,2479,1900
18630,54661,1709,1531,178,1167,364,2.63,1.97,1531,48,722,445
18631,54664,839,606,233,496,110,2.77,2.80,606,42,257,239
18632,54665,3923,3488,435,2490,998,2.51,2.05,3488,303,1456,1034
18633,54666,1471,1081,390,874,207,2.51,2.62,1081,39,543,331
18634,54667,2035,1845,190,1531,314,2.83,2.09,1845,106,849,682
18635,54669,3302,3083,219,2454,629,2.71,2.27,3083,86,1516,938
18636,54670,581,502,79,437,65,3.57,3.88,502,73,242,195
18637,54701,17342,16576,766,9840,6736,2.51,2.04,16576,1035,6425,3415
18638,54703,18782,17729,1053,11360,6369,2.44,2.38,17729,820,7451,3909
18639,54720,3799,3549,250,2103,1446,2.45,2.32,3549,238,1349,754
18640,54721,568,520,48,421,99,2.52,4.19,520,7,210,211
18641,54722,1865,1489,376,1181,308,2.83,2.03,1489,189,723,458
18642,54723,475,438,37,348,90,2.50,1.62,438,8,213,135
18643,54724,3157,2807,350,2161,646,2.74,2.30,2807,62,1321,840
18644,54725,1433,1328,105,1111,217,2.32,2.14,1328,44,726,385
18645,54726,772,694,78,543,151,2.67,2.42,694,18,323,220
18646,54727,2064,1903,161,1501,402,2.53,1.95,1903,61,791,710
18647,54728,3526,2483,1043,2123,360,2.34,2.53,2483,89,1208,915
18648,54729,14882,14209,673,9649,4560,2.49,2.00,14209,743,5648,4001
18649,54730,2237,1992,245,1544,448,2.86,1.75,1992,26,987,557
18650,54731,387,313,74,267,46,2.36,1.87,313,4,124,143
18651,54732,1354,1168,186,959,209,2.58,2.44,1168,41,591,368
18652,54733,527,483,44,413,70,2.60,3.13,483,5,210,203
18653,54734,318,287,31,246,41,2.27,3.02,287,8,148,98
18654,54736,1936,1790,146,1400,390,2.33,2.32,1790,51,696,704
18655,54737,233,216,17,177,39,3.02,2.26,216,4,102,75
18656,54738,1374,1259,115,995,264,2.77,2.99,1259,50,606,389
18657,54739,2045,1920,125,1421,499,2.77,2.85,1920,29,973,448
18658,54740,883,800,83,630,170,2.46,2.17,800,21,413,217
18659,54741,852,650,202,538,112,2.96,2.30,650,85,317,221
18660,54742,1882,1813,69,1604,209,2.85,2.65,1813,54,884,720
18661,54745,1641,907,734,786,121,2.40,2.61,907,23,335,451
18662,54746,366,291,75,236,55,2.41,2.13,291,6,122,114
18663,54747,1175,1036,139,690,346,2.36,2.29,1036,31,317,373
18664,54748,571,560,11,469,91,2.42,1.35,560,17,250,219
18665,54749,622,577,45,415,162,2.85,2.11,577,52,209,206
18666,54750,465,409,56,355,54,2.54,2.57,409,5,193,162
18667,54751,10415,9764,651,5368,4396,2.48,2.08,9764,693,3334,2034
18668,54754,1054,656,398,521,135,2.40,3.27,656,12,273,248
18669,54755,3219,2912,307,2204,708,2.64,1.79,2912,231,1432,772
18670,54756,498,413,85,321,92,2.39,2.00,413,19,156,165
18671,54757,2140,1430,710,1265,165,2.48,2.45,1430,58,739,526
18672,54758,2116,1947,169,1565,382,2.49,2.25,1947,51,947,618
18673,54759,835,605,230,499,106,2.39,1.38,605,17,293,206
18674,54760,85,85,0,46,39,2.33,1.15,85,16,41,5
18675,54761,515,463,52,319,144,2.61,2.53,463,10,168,151
18676,54762,609,525,84,438,87,2.38,2.63,525,25,215,223
18677,54763,518,478,40,384,94,2.33,2.45,478,20,211,173
18678,54766,880,725,155,624,101,2.60,2.43,725,43,241,383
18679,54767,1476,1387,89,1188,199,2.45,2.15,1387,38,797,391
18680,54768,1956,1776,180,1259,517,2.95,2.16,1776,189,768,491
18681,54769,389,271,118,253,18,2.08,3.22,271,13,136,117
18682,54770,829,790,39,641,149,2.66,2.40,790,41,404,237
18683,54771,1631,1514,117,1199,315,2.98,2.45,1514,145,648,551
18684,54772,474,416,58,323,93,2.49,2.59,416,17,198,125
18685,54773,1471,1329,142,978,351,2.77,1.85,1329,106,590,388
18686,54801,4847,2809,2038,2094,715,2.20,2.22,2809,116,1093,1001
18687,54805,805,656,149,492,164,2.67,1.71,656,46,277,215
18688,54806,5505,4713,792,3266,1447,2.36,2.15,4713,267,1663,1603
18689,54810,2167,1054,1113,887,167,2.45,2.43,1054,23,477,410
18690,54812,2386,2177,209,1448,729,2.72,2.54,2177,70,784,664
18691,54813,388,234,154,210,24,2.75,1.92,234,0,116,94
18692,54814,1954,1298,656,948,350,2.02,2.87,1298,86,393,555
18693,54817,2377,934,1443,818,116,2.19,2.36,934,36,435,383
18694,54819,1447,1039,408,829,210,2.42,1.92,1039,23,425,404
18695,54820,541,383,158,322,61,1.96,1.98,383,13,185,137
18696,54821,1761,680,1081,591,89,2.03,1.81,680,20,339,252
18697,54822,2243,1896,347,1439,457,2.63,2.01,1896,46,939,500
18698,54824,1159,999,160,776,223,2.31,2.37,999,29,461,315
18699,54826,703,291,412,268,23,2.42,1.78,291,3,107,161
18700,54827,450,177,273,175,2,1.88,2.00,177,0,86,89
18701,54828,660,340,320,281,59,2.07,3.24,340,17,138,143
18702,54829,3203,2255,948,1785,470,2.40,2.63,2255,98,879,906
18703,54830,4911,1571,3340,1413,158,1.99,2.00,1571,38,701,712
18704,54832,460,165,295,126,39,2.29,2.10,165,5,66,60
18705,54835,757,454,303,364,90,2.20,1.68,454,13,170,194
18706,54836,487,382,105,380,2,2.69,5.50,382,11,254,126
18707,54837,2046,1550,496,1267,283,2.44,1.88,1550,76,788,479
18708,54838,1719,500,1219,459,41,2.06,3.07,500,11,181,278
18709,54839,191,129,62,117,12,2.29,3.00,129,2,48,69
18710,54840,2819,1815,1004,1474,341,2.53,2.49,1815,31,781,693
18711,54841,150,133,17,106,27,2.17,1.56,133,6,56,50
18712,54842,77,58,19,55,3,3.33,2.33,58,0,34,21
18713,54843,9805,5495,4310,4123,1372,2.27,2.21,5495,214,2298,1825
18714,54844,501,117,384,106,11,1.98,2.45,117,1,44,62
18715,54845,59,40,19,40,0,3.05,-,40,0,25,15
18716,54846,315,254,61,239,15,2.20,5.13,254,14,122,117
18717,54847,2059,1162,897,912,250,2.04,1.99,1162,26,505,407
18718,54848,3081,2543,538,1820,723,2.44,1.83,2543,133,1056,764
18719,54849,1190,811,379,727,84,2.20,1.31,811,10,439,288
18720,54850,765,151,614,135,16,2.02,1.69,151,6,86,49
18721,54853,2571,1596,975,1278,318,2.41,2.12,1596,44,755,523
18722,54854,442,355,87,339,16,2.63,4.50,355,3,206,133
18723,54855,373,291,82,257,34,3.62,2.21,291,3,169,88
18724,54856,1018,670,348,611,59,2.43,2.54,670,13,308,303
18725,54857,7,7,0,7,0,2.14,-,7,0,7,0
18726,54858,1050,723,327,536,187,2.22,2.27,723,47,290,246
18727,54859,2369,1010,1359,841,169,2.00,2.31,1010,28,414,427
18728,54861,73,70,3,8,62,2.88,3.68,70,22,1,7
18729,54862,291,149,142,149,0,1.94,-,149,1,87,62
18730,54864,621,554,67,519,35,2.68,1.89,554,4,303,216
18731,54865,538,275,263,237,38,1.95,1.53,275,3,138,99
18732,54867,360,211,149,162,49,3.07,1.65,211,9,77,85
18733,54868,7551,6603,948,4548,2055,2.48,2.06,6603,615,2235,2313
18734,54870,1572,756,816,707,49,2.32,1.78,756,17,419,288
18735,54871,1847,1193,654,970,223,2.78,2.04,1193,74,530,440
18736,54872,2180,1201,979,928,273,2.44,2.01,1201,95,508,420
18737,54873,2919,1417,1502,1229,188,2.28,2.65,1417,27,616,613
18738,54874,1736,1547,189,1359,188,2.52,2.71,1547,32,824,535
18739,54875,827,548,279,467,81,2.29,2.64,548,6,229,238
18740,54876,2072,760,1312,590,170,2.53,2.36,760,29,303,287
18741,54880,14252,13163,1089,8014,5149,2.43,1.90,13163,1282,4735,3279
18742,54888,1305,563,742,497,66,2.38,1.70,563,23,246,251
18743,54889,1760,1234,526,890,344,2.43,1.92,1234,55,545,345
18744,54891,1737,1477,260,1150,327,2.32,1.67,1477,92,653,497
18745,54893,3757,1736,2021,1408,328,2.24,2.19,1736,38,742,666
18746,54895,716,378,338,330,48,2.32,2.04,378,15,181,149
18747,54896,2099,732,1367,645,87,1.79,1.62,732,26,336,309
18748,54901,15019,13583,1436,7159,6424,2.37,2.20,13583,1099,4688,2471
18749,54902,10486,9800,686,6063,3737,2.34,1.92,9800,628,3801,2262
18750,54904,9974,9683,291,7518,2165,2.45,1.90,9683,462,4167,3351
18751,54909,1004,804,200,676,128,2.52,2.06,804,12,376,300
18752,54911,10838,10268,570,5937,4331,2.56,1.91,10268,768,3680,2257
18753,54913,9479,9229,250,6524,2705,2.85,1.78,9229,101,4088,2436
18754,54914,14240,13661,579,8749,4912,2.39,2.05,13661,897,5812,2937
18755,54915,17621,17087,534,12264,4823,2.63,2.20,17087,720,8702,3562
18756,54921,598,552,46,487,65,2.45,2.88,552,7,286,201
18757,54922,534,486,48,423,63,2.53,2.11,486,10,232,191
18758,54923,4092,3641,451,2754,887,2.47,2.23,3641,189,1624,1130
18759,54926,91,71,20,67,4,1.85,2.00,71,6,17,50
18760,54927,159,159,0,126,33,2.32,2.03,159,0,55,71
18761,54928,185,168,17,153,15,3.03,3.33,168,5,78,75
18762,54929,4512,3938,574,3078,860,2.31,2.02,3938,183,1849,1229
18763,54930,1041,685,356,571,114,2.83,1.98,685,67,378,193
18764,54931,170,154,16,129,25,2.95,1.44,154,0,9,120
18765,54932,445,441,4,423,18,2.68,9.00,441,8,222,201
18766,54933,143,134,9,67,67,2.34,2.43,134,9,34,33
18767,54935,19220,17641,1579,10609,7032,2.48,2.09,17641,1518,6622,3987
18768,54937,9056,8396,660,6519,1877,2.57,1.92,8396,411,3531,2988
18769,54940,2173,1860,313,1655,205,2.50,2.56,1860,18,989,666
18770,54941,1836,1165,671,927,238,2.00,1.95,1165,69,469,458
18771,54942,3974,3947,27,3594,353,2.81,1.76,3947,0,2428,1166
18772,54943,1515,839,676,700,139,2.51,2.59,839,53,368,332
18773,54944,3473,3369,104,2990,379,2.76,1.88,3369,34,1923,1067
18774,54945,1948,1536,412,1190,346,2.32,1.81,1536,62,750,440
18775,54946,0,0,0,0,0,-,-,0,0,0,0
18776,54947,1123,989,134,892,97,2.26,2.29,989,12,569,323
18777,54948,112,88,24,76,12,2.17,1.75,88,4,53,23
18778,54949,1752,1530,222,1196,334,2.39,1.67,1530,28,729,467
18779,54950,1307,1047,260,851,196,2.47,1.76,1047,62,457,394
18780,54952,12425,11961,464,7845,4116,2.44,1.92,11961,673,4936,2909
18781,54956,19689,19100,589,13146,5954,2.59,1.99,19100,695,9079,4067
18782,54960,2106,1148,958,1000,148,2.10,2.44,1148,27,481,519
18783,54961,6094,5677,417,4176,1501,2.56,2.21,5677,239,2387,1789
18784,54962,549,426,123,377,49,2.50,2.84,426,6,216,161
18785,54963,3232,2996,236,2399,597,2.47,2.33,2996,55,1516,883
18786,54964,359,354,5,316,38,2.72,2.37,354,5,166,150
18787,54965,673,579,94,545,34,2.24,2.18,579,15,302,243
18788,54966,1006,779,227,642,137,2.67,2.48,779,18,356,286
18789,54967,229,202,27,159,43,2.22,2.37,202,5,58,101
18790,54968,1692,1235,457,963,272,2.28,2.26,1235,42,566,397
18791,54970,1750,1318,432,1039,279,2.31,1.89,1318,139,545,494
18792,54971,4860,4436,424,2969,1467,2.35,1.90,4436,252,1819,1150
18793,54974,629,616,13,561,55,2.79,1.96,616,24,391,170
18794,54977,740,614,126,553,61,2.31,2.21,614,9,355,198
18795,54978,28,28,0,26,2,3.08,3.00,28,2,14,12
18796,54979,677,642,35,579,63,2.38,1.33,642,8,392,187
18797,54980,151,151,0,142,9,1.46,2.89,151,0,33,109
18798,54981,8311,6885,1426,4984,1901,2.21,1.81,6885,279,2936,2048
18799,54982,4320,2963,1357,2386,577,2.34,2.10,2963,173,1378,1008
18800,54983,2025,1767,258,1380,387,2.41,2.51,1767,109,840,540
18801,54984,2711,1365,1346,972,393,2.45,1.90,1365,37,556,416
18802,54985,0,0,0,0,0,-,-,0,0,0,0
18803,54986,2662,2252,410,1827,425,2.58,1.95,2252,50,1091,736
18804,55001,1246,1179,67,1132,47,2.46,3.47,1179,4,647,485
18805,55003,1030,1014,16,794,220,2.42,1.94,1014,87,566,228
18806,55005,1648,1580,68,1446,134,2.76,3.63,1580,42,1097,349
18807,55006,1534,1376,158,1090,286,2.69,2.13,1376,101,659,431
18808,55007,1271,954,317,878,76,2.39,2.62,954,11,505,373
18809,55008,6539,6147,392,4848,1299,2.66,1.69,6147,385,3364,1484
18810,55009,3441,3277,164,2650,627,2.63,1.59,3277,161,1721,929
18811,55011,3938,3817,121,3757,60,2.84,2.92,3817,38,2605,1152
18812,55012,778,683,95,607,76,2.44,1.97,683,4,335,272
18813,55013,3024,2644,380,2009,635,2.74,1.77,2644,232,1344,665
18814,55014,10642,10394,248,9025,1369,2.71,2.30,10394,438,6074,2951
18815,55016,13070,12719,351,11196,1523,3.06,2.53,12719,347,8252,2944
18816,55017,313,300,13,272,28,2.71,3.46,300,0,150,122
18817,55018,421,381,40,346,35,2.53,1.74,381,3,211,135
18818,55019,804,751,53,721,30,2.83,1.93,751,10,552,169
18819,55020,1427,1373,54,1360,13,3.13,5.31,1373,6,1200,160
18820,55021,12330,11406,924,8143,3263,2.50,2.44,11406,683,5023,3120
18821,55024,12405,12212,193,10822,1390,3.01,2.75,12212,159,8520,2302
18822,55025,10283,9845,438,7484,2361,2.67,2.25,9845,348,5243,2241
18823,55026,204,160,44,146,14,3.23,1.71,160,5,67,79
18824,55027,1046,981,65,830,151,3.01,2.42,981,17,509,321
18825,55029,26,26,0,23,3,4.04,2.67,26,0,19,4
18826,55030,634,486,148,419,67,2.71,3.13,486,12,224,195
18827,55031,708,651,57,577,74,2.71,2.51,651,7,375,202
18828,55032,1460,1283,177,1197,86,2.72,1.99,1283,9,912,285
18829,55033,11841,11427,414,8925,2502,2.64,2.09,11427,439,6029,2896
18830,55036,36,23,13,20,3,1.55,4.67,23,6,8,12
18831,55037,3244,1890,1354,1479,411,2.78,2.20,1890,106,828,651
18832,55038,8770,8520,250,7633,887,2.75,2.42,8520,147,5713,1920
18833,55040,5374,5107,267,4389,718,2.83,2.29,5107,79,3207,1182
18834,55041,3799,3301,498,2597,704,2.25,2.21,3301,134,1365,1232
18835,55042,4320,4138,182,3910,228,2.91,2.31,4138,126,2531,1379
18836,55043,1652,1532,120,1349,183,2.41,1.70,1532,21,848,501
18837,55044,20778,20177,601,17743,2434,2.97,2.60,20177,748,13529,4214
18838,55045,3033,2844,189,2573,271,2.77,2.32,2844,94,1996,577
18839,55046,2173,2042,131,1752,290,3.11,2.08,2042,19,1255,497
18840,55047,1130,956,174,896,60,2.40,2.40,956,19,464,432
18841,55049,973,918,55,795,123,2.90,2.50,918,39,502,293
18842,55051,4481,3795,686,3045,750,2.57,1.89,3795,234,1869,1176
18843,55052,883,745,138,655,90,2.43,2.60,745,9,361,294
18844,55053,352,343,9,313,30,2.91,2.93,343,5,208,105
18845,55054,882,795,87,673,122,3.18,2.49,795,0,570,103
18846,55055,1743,1706,37,1202,504,2.55,1.73,1706,144,807,395
18847,55056,5434,5229,205,4565,664,2.76,1.90,5229,218,3223,1342
18848,55057,8390,7818,572,5676,2142,2.64,2.01,7818,318,3599,2077
18849,55060,12495,12016,479,8988,3028,2.59,1.96,12016,970,5723,3265
18850,55063,4883,3799,1084,3046,753,2.60,1.74,3799,287,1862,1184
18851,55065,486,470,16,413,57,2.79,2.37,470,6,313,100
18852,55066,8374,8107,267,5941,2166,2.50,1.63,8107,792,3657,2284
18853,55068,11337,11078,259,9633,1445,2.85,2.67,11078,183,7207,2426
18854,55069,2183,1918,265,1494,424,2.68,1.48,1918,95,1016,478
18855,55070,2849,2787,62,2429,358,3.00,2.50,2787,127,1965,464
18856,55071,2416,2298,118,1681,617,2.69,1.96,2298,7,1090,591
18857,55072,2385,1341,1044,1027,314,2.29,2.99,1341,65,624,403
18858,55073,1339,1309,30,1136,173,3.10,1.55,1309,84,801,335
18859,55074,877,851,26,779,72,2.61,2.81,851,5,593,186
18860,55075,8465,8326,139,5804,2522,2.61,2.11,8326,531,4039,1765
18861,55076,9631,9258,373,7288,1970,2.39,2.28,9258,489,4835,2453
18862,55077,5428,5283,145,3307,1976,2.77,2.23,5283,157,2337,970
18863,55079,3377,3239,138,3076,163,2.70,3.18,3239,22,2184,892
18864,55080,1265,1104,161,1006,98,2.89,2.23,1104,15,695,311
18865,55082,15031,13914,1117,10832,3082,2.69,2.00,13914,706,7575,3257
18866,55084,848,686,162,565,121,2.88,1.74,686,39,367,198
18867,55085,170,170,0,154,16,2.65,2.38,170,0,89,65
18868,55087,209,166,43,158,8,2.65,4.38,166,0,60,98
18869,55088,653,604,49,577,27,2.95,2.52,604,0,375,202
18870,55089,669,611,58,552,59,2.65,2.25,611,28,297,255
18871,55090,182,162,20,142,20,2.29,2.95,162,7,88,54
18872,55092,4230,4178,52,3871,307,2.73,1.95,4178,112,2652,1219
18873,55101,5286,4662,624,1165,3497,1.49,1.53,4662,1015,854,311
18874,55102,11108,10142,966,4537,5605,2.02,1.61,10142,1324,3012,1525
18875,55103,5614,5246,368,2120,3126,2.96,2.47,5246,1485,1397,723
18876,55104,19618,18023,1595,9410,8613,2.66,2.06,18023,2446,6833,2577
18877,55105,11808,11104,704,7437,3667,2.47,1.82,11104,405,5130,2307
18878,55106,19644,18707,937,10402,8305,3.32,2.93,18707,2650,7563,2839
18879,55107,5794,5395,399,2893,2502,2.71,2.55,5395,719,2099,794
18880,55108,6727,6585,142,3601,2984,2.32,1.89,6585,501,2424,1177
18881,55109,13099,12628,471,8222,4406,2.91,2.29,12628,1365,5292,2930
18882,55110,16545,15822,723,12188,3634,2.52,2.17,15822,520,7663,4525
18883,55111,105,95,10,0,95,-,-,95,31,0,0
18884,55112,17878,17360,518,11703,5657,2.66,2.28,17360,831,6964,4739
18885,55113,19192,18225,967,12211,6014,2.38,1.88,18225,1458,7057,5154
18886,55114,2114,1751,363,478,1273,2.04,1.60,1751,360,335,143
18887,55115,3320,3237,83,2698,539,2.89,1.93,3237,173,1955,743
18888,55116,12738,12167,571,5948,6219,2.46,1.81,12167,1806,4061,1887
18889,55117,17525,16654,871,9697,6957,2.79,2.79,16654,1979,6283,3414
18890,55118,13123,12466,657,8315,4151,2.56,1.72,12466,1416,5595,2720
18891,55119,16354,15958,396,10107,5851,2.82,2.64,15958,1298,6732,3375
18892,55120,2070,2058,12,1385,673,2.66,2.21,2058,21,1011,374
18893,55121,3937,3761,176,1778,1983,2.24,2.25,3761,147,1133,645
18894,55122,13995,13628,367,9629,3999,2.42,2.16,13628,532,6913,2716
18895,55123,10311,10191,120,8247,1944,2.77,2.37,10191,196,6057,2190
18896,55124,21625,21128,497,16013,5115,2.66,2.42,21128,911,11635,4378
18897,55125,17557,17239,318,13525,3714,2.76,2.10,17239,529,9637,3888
18898,55126,11982,11640,342,9621,2019,2.39,2.06,11640,421,5671,3950
18899,55127,7701,7488,213,6133,1355,2.61,1.64,7488,345,3906,2227
18900,55128,12005,11641,364,9102,2539,2.60,1.95,11641,786,6088,3014
18901,55129,10412,9981,431,8476,1505,2.97,2.35,9981,240,6418,2058
18902,55130,6263,5897,366,2471,3426,3.63,3.05,5897,1134,1626,845
18903,55150,63,58,5,47,11,2.66,1.09,58,4,23,24
18904,55155,0,0,0,0,0,-,-,0,0,0,0
18905,55301,4515,4436,79,3602,834,2.87,2.77,4436,99,2857,745
18906,55302,3768,2854,914,2425,429,2.59,1.86,2854,110,1513,912
18907,55303,19704,19090,614,14379,4711,2.81,2.16,19090,830,10955,3424
18908,55304,16979,16651,328,15659,992,2.94,2.77,16651,307,11258,4401
18909,55305,10536,9979,557,5852,4127,2.32,1.93,9979,478,4025,1827
18910,55306,6673,6166,507,4199,1967,2.91,1.95,6166,323,2628,1571
18911,55307,1431,1262,169,929,333,2.81,2.22,1262,93,566,363
18912,55308,3326,3198,128,2955,243,3.15,1.32,3198,49,2203,752
18913,55309,7105,6920,185,6185,735,2.94,2.64,6920,172,5111,1074
18914,55310,706,607,99,514,93,2.35,1.66,607,30,175,339
18915,55311,14050,13888,162,12285,1603,2.75,2.56,13888,195,8902,3383
18916,55312,638,530,108,457,73,2.93,2.30,530,8,262,195
18917,55313,9774,9246,528,7441,1805,2.77,2.25,9246,173,5278,2163
18918,55314,532,421,111,341,80,2.44,1.76,421,31,176,165
18919,55315,2327,2219,108,2004,215,2.99,3.02,2219,65,1444,560
18920,55316,8870,8725,145,7845,880,2.76,2.42,8725,167,5627,2218
18921,55317,8450,8057,393,6947,1110,2.76,2.35,8057,123,5114,1833
18922,55318,11241,10940,301,7858,3082,2.90,1.96,10940,776,5668,2190
18923,55319,2098,1903,195,1802,101,2.88,1.72,1903,50,1310,492
18924,55320,2067,1927,140,1648,279,2.82,2.11,1927,17,1018,630
18925,55321,1992,1856,136,1442,414,3.01,2.10,1856,126,945,497
18926,55322,1457,1403,54,1266,137,2.65,2.58,1403,47,820,446
18927,55324,664,461,203,436,25,2.53,1.88,461,15,259,177
18928,55325,2052,1702,350,1437,265,2.99,1.78,1702,62,963,474
18929,55327,1895,1825,70,1772,53,2.54,3.75,1825,44,1334,438
18930,55328,3529,3457,72,2868,589,2.89,2.10,3457,112,2069,799
18931,55329,876,731,145,633,98,2.68,2.15,731,0,325,308
18932,55330,15948,15212,736,13001,2211,2.94,2.08,15212,476,9959,3042
18933,55331,8116,7382,734,6399,983,2.69,2.08,7382,168,4838,1561
18934,55332,874,765,109,644,121,2.55,1.89,765,51,258,386
18935,55333,296,252,44,201,51,2.75,2.41,252,15,98,103
18936,55334,1221,1089,132,769,320,2.36,2.49,1089,95,369,400
18937,55335,739,666,73,566,100,2.33,2.52,666,21,253,313
18938,55336,3254,3088,166,2377,711,2.70,2.36,3088,161,1518,859
18939,55337,19290,18906,384,12743,6163,2.46,2.62,18906,1039,8889,3854
18940,55338,450,428,22,409,19,2.56,3.21,428,12,254,155
18941,55339,372,362,10,313,49,2.67,2.51,362,5,170,143
18942,55340,3111,3055,56,2918,137,2.96,3.52,3055,94,1946,972
18943,55341,1154,1154,0,1040,114,3.10,2.21,1154,8,882,158
18944,55342,898,723,175,595,128,2.63,1.77,723,39,239,356
18945,55343,13527,12711,816,5455,7256,2.22,1.95,12711,1045,3701,1754
18946,55344,7315,6850,465,2584,4266,2.05,2.27,6850,400,1785,799
18947,55345,9000,8680,320,7269,1411,2.62,1.65,8680,490,5207,2062
18948,55346,6744,6572,172,5701,871,2.74,2.85,6572,68,4043,1658
18949,55347,11819,11604,215,10606,998,2.66,2.64,11604,81,7681,2925
18950,55349,1653,1482,171,1161,321,2.46,1.93,1482,49,766,395
18951,55350,8392,7833,559,5717,2116,2.55,1.89,7833,396,3615,2102
18952,55352,3576,3435,141,2822,613,2.99,2.81,3435,89,1941,881
18953,55353,1352,1193,159,1046,147,2.83,1.94,1193,30,608,438
18954,55354,1079,990,89,892,98,3.08,2.15,990,6,485,407
18955,55355,4477,3940,537,3049,891,2.57,1.65,3940,271,1789,1260
18956,55356,2240,2171,69,1905,266,2.81,2.20,2171,76,1554,351
18957,55357,1145,1124,21,1018,106,3.08,1.98,1124,10,780,238
18958,55358,2381,1939,442,1606,333,2.76,2.37,1939,54,1109,497
18959,55359,2499,2400,99,2058,342,2.97,2.02,2400,83,1553,505
18960,55360,1137,1102,35,1041,61,2.93,3.07,1102,8,813,228
18961,55362,7359,7250,109,5464,1786,2.84,2.21,7250,217,3990,1474
18962,55363,2012,1876,136,1531,345,2.78,3.50,1876,104,1141,390
18963,55364,6706,6242,464,5007,1235,2.43,1.83,6242,375,3819,1188
18964,55366,229,208,21,140,68,2.28,2.50,208,4,91,49
18965,55367,390,374,16,331,43,2.60,3.19,374,8,231,100
18966,55368,848,737,111,514,223,2.89,1.53,737,100,346,168
18967,55369,16180,15340,840,12372,2968,2.56,1.97,15340,309,8893,3479
18968,55370,249,217,32,201,16,2.62,2.25,217,3,109,92
18969,55371,6777,6376,401,5255,1121,2.83,2.13,6376,248,3782,1473
18970,55372,12338,12052,286,10853,1199,2.87,2.16,12052,292,8175,2678
18971,55373,2097,2093,4,1691,402,2.74,2.07,2093,0,1071,620
18972,55374,5558,5329,229,4651,678,3.19,1.95,5329,183,3613,1038
18973,55375,1491,1353,138,1273,80,2.95,1.91,1353,7,1030,243
18974,55376,6169,6078,91,5560,518,3.02,2.34,6078,184,4105,1455
18975,55378,11383,11228,155,9428,1800,2.88,2.52,11228,164,7407,2021
18976,55379,17017,16637,380,12385,4252,2.95,2.40,16637,641,9394,2991
18977,55381,910,786,124,680,106,2.61,1.56,786,14,342,338
18978,55382,2263,1395,868,1288,107,2.52,2.79,1395,42,760,528
18979,55384,1316,1232,84,255,977,1.75,1.39,1232,221,168,87
18980,55385,531,470,61,399,71,2.81,2.17,470,5,237,162
18981,55386,3287,3143,144,2898,245,3.00,2.55,3143,21,2144,754
18982,55387,5312,5166,146,4215,951,2.88,2.01,5166,274,3278,937
18983,55388,2295,2132,163,1847,285,2.91,2.35,2132,38,1287,560
18984,55389,1069,933,136,793,140,2.81,2.05,933,48,535,258
18985,55390,1127,1076,51,965,111,2.78,2.05,1076,3,707,258
18986,55391,7295,6557,738,5229,1328,2.52,1.77,6557,249,3240,1989
18987,55395,1206,1125,81,864,261,2.36,1.72,1125,32,473,391
18988,55396,1050,949,101,747,202,2.32,2.04,949,45,393,354
18989,55397,1121,1102,19,929,173,2.93,2.84,1102,30,674,255
18990,55398,6253,5868,385,5344,524,2.91,2.42,5868,70,4230,1114
18991,55401,7993,7317,676,2400,4917,1.62,1.42,7317,1053,1408,992
18992,55402,518,415,103,0,415,-,1.19,415,246,0,0
18993,55403,12360,11021,1339,2576,8445,1.59,1.37,11021,3171,1729,847
18994,55404,13403,12410,993,2011,10399,2.40,2.00,12410,4251,1485,526
18995,55405,8450,8047,403,3090,4957,2.11,1.87,8047,1337,2370,720
18996,55406,16975,16397,578,10737,5660,2.24,2.08,16397,1748,7594,3143
18997,55407,15740,14981,759,9163,5818,2.52,2.65,14981,1725,6992,2171
18998,55408,17038,15990,1048,3737,12253,2.17,1.88,15990,2421,2436,1301
18999,55409,5294,4821,473,3185,1636,2.44,1.97,4821,401,2494,691
19000,55410,8684,8389,295,6842,1547,2.56,1.93,8389,237,5093,1749
19001,55411,10740,9979,761,4820,5159,3.21,3.04,9979,2284,3741,1079
19002,55412,9397,8907,490,6391,2516,2.76,3.12,8907,1138,4895,1496
19003,55413,7637,6951,686,2679,4272,2.30,1.87,6951,924,1934,745
19004,55414,13611,12403,1208,1976,10427,1.95,2.53,12403,3218,1128,848
19005,55415,2751,2593,158,854,1739,1.93,1.47,2593,461,599,255
19006,55416,18471,17390,1081,8821,8569,2.26,1.64,17390,1087,6202,2619
19007,55417,11320,10820,500,8843,1977,2.39,2.15,10820,662,6864,1979
19008,55418,14480,13878,602,8698,5180,2.38,1.97,13878,1588,6066,2632
19009,55419,11868,11270,598,8735,2535,2.55,2.56,11270,448,6436,2299
19010,55420,9409,8917,492,5943,2974,2.66,2.40,8917,682,4014,1929
19011,55421,12904,12249,655,7396,4853,2.61,2.21,12249,1284,5095,2301
19012,55422,12832,12332,500,9005,3327,2.46,1.89,12332,1103,6252,2753
19013,55423,16159,15679,480,9815,5864,2.49,2.09,15679,1667,6433,3382
19014,55424,3852,3735,117,3513,222,2.90,2.27,3735,36,2435,1078
19015,55425,4531,4191,340,1722,2469,2.44,2.67,4191,372,1129,593
19016,55426,12364,12014,350,7748,4266,2.19,1.92,12014,734,5212,2536
19017,55427,10814,10686,128,7471,3215,2.52,2.00,10686,568,4991,2480
19018,55428,13428,12983,445,7518,5465,2.67,2.26,12983,1293,4887,2631
19019,55429,10490,10251,239,5591,4660,3.06,2.53,10251,1114,3875,1716
19020,55430,8173,7796,377,4915,2881,2.77,3.28,7796,613,3436,1479
19021,55431,8547,8297,250,5782,2515,2.49,1.96,8297,591,3876,1906
19022,55432,13228,12667,561,8086,4581,2.61,2.47,12667,874,5273,2813
19023,55433,13952,13643,309,9342,4301,2.68,2.11,13643,1096,6314,3028
19024,55434,12361,11832,529,9884,1948,2.75,3.00,11832,375,6576,3308
19025,55435,8123,7536,587,3219,4317,1.84,1.76,7536,821,1648,1571
19026,55436,6390,6034,356,4553,1481,2.58,1.71,6034,216,3004,1549
19027,55437,9009,8536,473,5942,2594,2.30,1.98,8536,239,3522,2420
19028,55438,7491,7293,198,5673,1620,2.31,2.14,7293,364,3879,1794
19029,55439,3758,3476,282,3112,364,2.81,1.80,3476,45,2137,975
19030,55441,8231,7832,399,4583,3249,2.41,2.08,7832,407,2783,1800
19031,55442,5794,5534,260,4357,1177,2.49,2.13,5534,81,2651,1706
19032,55443,12203,11900,303,8940,2960,3.02,2.04,11900,633,6411,2529
19033,55444,5514,5448,66,4899,549,3.25,3.03,5448,162,3692,1207
19034,55445,4602,4496,106,3595,901,3.08,2.47,4496,167,2703,892
19035,55446,10401,10088,313,8297,1791,2.77,2.27,10088,163,6428,1869
19036,55447,9226,8857,369,6704,2153,2.52,2.09,8857,273,4772,1932
19037,55448,10919,10750,169,8844,1906,2.63,2.92,10750,279,6498,2346
19038,55449,11247,10836,411,9620,1216,2.88,2.54,10836,381,7486,2134
19039,55450,6,6,0,6,0,-,-,6,0,6,0
19040,55454,3752,3520,232,388,3132,1.51,2.26,3520,1455,185,203
19041,55455,0,0,0,0,0,-,-,0,0,0,0
19042,55601,146,77,69,71,6,2.10,1.67,77,1,33,38
19043,55602,451,175,276,173,2,1.78,1.50,175,2,58,115
19044,55603,377,193,184,144,49,1.94,1.37,193,4,61,83
19045,55604,3357,1631,1726,1313,318,2.33,2.08,1631,71,778,535
19046,55605,329,271,58,154,117,2.26,2.32,271,24,54,100
19047,55606,486,106,380,106,0,1.42,-,106,0,54,52
19048,55607,245,83,162,78,5,2.53,3.20,83,0,40,38
19049,55609,156,85,71,85,0,1.75,-,85,0,11,74
19050,55612,1086,233,853,202,31,2.08,2.06,233,17,94,108
19051,55613,373,118,255,111,7,2.00,-,118,4,49,62
19052,55614,1494,1112,382,981,131,2.02,1.60,1112,68,521,460
19053,55615,291,140,151,101,39,1.73,3.26,140,2,51,50
19054,55616,4216,3310,906,2631,679,2.30,1.75,3310,172,1736,895
19055,55702,298,190,108,167,23,2.44,2.13,190,3,103,64
19056,55703,497,348,149,313,35,2.67,1.83,348,12,176,137
19057,55704,605,445,160,372,73,2.43,1.90,445,37,198,174
19058,55705,1769,1541,228,1297,244,2.12,1.82,1541,247,565,732
19059,55706,1118,837,281,711,126,1.92,1.90,837,42,296,415
19060,55707,1548,1202,346,1043,159,2.74,1.91,1202,38,642,401
19061,55708,438,328,110,263,65,2.00,1.55,328,34,148,115
19062,55709,2591,1641,950,1504,137,2.58,3.11,1641,54,937,567
19063,55710,829,573,256,552,21,2.28,1.43,573,11,265,287
19064,55711,265,203,62,166,37,2.31,2.00,203,14,109,57
19065,55712,501,271,230,256,15,2.24,1.67,271,25,103,153
19066,55713,533,474,59,349,125,2.17,2.01,474,31,167,182
19067,55716,173,149,24,84,65,2.05,1.85,149,10,41,43
19068,55717,385,125,260,120,5,2.36,1.60,125,0,95,25
19069,55718,1260,1168,92,977,191,2.63,1.92,1168,24,638,339
19070,55719,2644,2368,276,1834,534,2.38,2.31,2368,255,1018,816
19071,55720,7575,7025,550,5182,1843,2.57,2.13,7025,346,3128,2054
19072,55721,1970,1358,612,1227,131,2.75,2.40,1358,99,792,435
19073,55722,406,368,38,285,83,2.15,2.42,368,20,171,114
19074,55723,2070,943,1127,811,132,2.15,1.56,943,50,354,457
19075,55724,906,379,527,349,30,1.87,1.77,379,2,164,185
19076,55725,345,54,291,52,2,2.06,3.50,54,0,32,20
19077,55726,622,363,259,274,89,2.89,1.84,363,25,161,113
19078,55731,4870,2703,2167,2021,682,2.03,1.29,2703,257,983,1038
19079,55732,869,668,201,643,25,2.11,1.80,668,7,330,313
19080,55733,2055,2042,13,1956,86,2.64,1.95,2042,23,1461,495
19081,55734,3486,2756,730,2101,655,2.48,1.72,2756,184,1123,978
19082,55735,1300,694,606,642,52,2.52,2.02,694,34,332,310
19083,55736,975,651,324,545,106,2.14,2.01,651,49,261,284
19084,55738,290,232,58,221,11,2.52,1.91,232,21,91,130
19085,55741,1720,1430,290,1248,182,2.27,1.95,1430,47,574,674
19086,55742,213,91,122,91,0,2.05,-,91,0,43,48
19087,55744,9203,8114,1089,6138,1976,2.49,2.08,8114,556,3558,2580
19088,55746,9005,7851,1154,5941,1910,2.15,2.10,7851,670,2907,3034
19089,55748,877,534,343,426,108,2.55,3.09,534,15,193,233
19090,55749,445,240,205,210,30,2.03,1.87,240,5,152,58
19091,55750,934,897,37,834,63,2.48,2.19,897,29,420,414
19092,55751,747,636,111,592,44,2.21,2.86,636,24,283,309
19093,55752,315,178,137,167,11,2.44,2.27,178,5,83,84
19094,55753,552,504,48,412,92,2.02,3.58,504,7,170,242
19095,55756,306,115,191,104,11,2.18,4.27,115,3,53,51
19096,55757,469,287,182,255,32,2.28,1.97,287,6,157,98
19097,55758,81,75,6,70,5,2.46,1.60,75,2,36,34
19098,55760,3434,1234,2200,992,242,2.27,2.91,1234,74,476,516
19099,55763,821,282,539,259,23,1.78,1.91,282,4,137,122
19100,55764,232,221,11,163,58,2.44,1.43,221,36,109,54
19101,55765,474,368,106,329,39,2.12,1.95,368,27,176,153
19102,55767,1469,1158,311,848,310,2.37,1.61,1158,98,484,364
19103,55768,1304,1219,85,894,325,2.36,1.75,1219,101,513,381
19104,55769,1428,1085,343,943,142,2.24,2.00,1085,50,506,437
19105,55771,1975,673,1302,570,103,2.40,2.78,673,40,270,300
19106,55772,69,62,7,21,41,1.67,2.39,62,3,1,20
19107,55775,778,594,184,581,13,2.47,2.15,594,24,323,258
19108,55779,1670,1460,210,1312,148,2.57,2.93,1460,35,844,468
19109,55780,149,85,64,69,16,3.49,2.69,85,12,22,47
19110,55781,810,294,516,281,13,2.66,2.00,294,2,118,163
19111,55782,290,240,50,202,38,2.08,1.76,240,21,115,87
19112,55783,1828,946,882,877,69,2.47,2.65,946,22,529,348
19113,55784,75,63,12,57,6,1.96,1.50,63,0,24,33
19114,55785,244,121,123,110,11,2.37,2.45,121,10,36,74
19115,55786,141,123,18,108,15,2.02,1.07,123,3,41,67
19116,55787,444,252,192,225,27,2.51,2.22,252,12,103,122
19117,55790,2482,863,1619,757,106,2.09,2.42,863,41,298,459
19118,55792,5660,4791,869,2888,1903,2.24,1.61,4791,779,1628,1260
19119,55793,347,271,76,237,34,2.51,2.12,271,9,148,89
19120,55795,1064,656,408,568,88,2.68,1.91,656,38,345,223
19121,55796,92,65,27,42,23,1.98,1.52,65,2,11,31
19122,55797,595,563,32,511,52,2.40,2.13,563,9,336,175
19123,55798,435,223,212,204,19,2.79,1.32,223,1,141,63
19124,55802,1558,1297,261,438,859,2.08,1.34,1297,473,250,188
19125,55803,8556,7446,1110,6118,1328,2.46,1.91,7446,253,3824,2294
19126,55804,6513,6056,457,5368,688,2.62,2.12,6056,147,3696,1672
19127,55805,5398,4837,561,1357,3480,2.21,2.00,4837,948,900,457
19128,55806,4711,4369,342,1985,2384,2.27,1.93,4369,658,1372,613
19129,55807,4506,4213,293,2954,1259,2.27,1.79,4213,353,2007,947
19130,55808,2627,2520,107,1818,702,2.24,2.20,2520,223,1099,719
19131,55810,3592,3343,249,2900,443,2.43,1.71,3343,179,1862,1038
19132,55811,11490,10925,565,7858,3067,2.51,2.08,10925,499,5200,2658
19133,55812,3829,3488,341,1570,1918,2.68,2.15,3488,346,913,657
19134,55814,0,0,0,0,0,-,-,0,0,0,0
19135,55901,24003,22829,1174,14863,7966,2.66,2.09,22829,1707,10184,4679
19136,55902,11832,11354,478,8128,3226,2.49,1.73,11354,770,4906,3222
19137,55903,0,0,0,0,0,-,-,0,0,0,0
19138,55904,12607,11465,1142,7459,4006,2.57,2.17,11465,942,4757,2702
19139,55905,0,0,0,0,0,-,-,0,0,0,0
19140,55906,8316,7974,342,6260,1714,2.62,1.91,7974,467,3710,2550
19141,55909,600,521,79,462,59,2.66,2.07,521,16,277,185
19142,55910,563,512,51,456,56,2.26,2.82,512,9,242,214
19143,55912,12503,11517,986,8180,3337,2.54,2.38,11517,902,4902,3278
19144,55917,1471,1376,95,1195,181,2.66,2.43,1376,94,683,512
19145,55918,422,392,30,341,51,2.58,1.55,392,8,198,143
19146,55919,502,454,48,422,32,2.27,1.91,454,9,217,205
19147,55920,3163,3095,68,2643,452,2.76,1.93,3095,90,1848,795
19148,55921,2058,1987,71,1577,410,2.22,2.36,1987,77,739,838
19149,55922,365,329,36,272,57,3.01,3.14,329,61,155,117
19150,55923,1871,1742,129,1448,294,2.58,1.98,1742,54,924,524
19151,55924,561,468,93,418,50,2.56,3.14,468,6,250,168
19152,55925,463,418,45,395,23,2.88,1.43,418,5,229,166
19153,55926,317,282,35,209,73,2.58,2.62,282,11,109,100
19154,55927,1660,1579,81,1299,280,2.71,2.24,1579,65,799,500
19155,55929,493,437,56,388,49,2.82,2.76,437,12,242,146
19156,55931,179,168,11,134,34,2.48,1.56,168,5,62,72
19157,55932,827,791,36,626,165,2.73,1.72,791,9,395,231
19158,55933,97,91,6,85,6,2.47,3.67,91,1,49,36
19159,55934,1502,1437,65,1123,314,2.59,1.93,1437,49,707,416
19160,55935,393,391,2,330,61,2.43,1.84,391,13,208,122
19161,55936,751,707,44,583,124,2.60,2.07,707,39,384,199
19162,55939,919,774,145,631,143,2.55,1.80,774,61,341,290
19163,55940,1172,1099,73,836,263,2.62,1.84,1099,77,522,314
19164,55941,544,485,59,318,167,2.55,1.87,485,38,190,128
19165,55943,1325,1194,131,993,201,2.48,2.40,1194,34,525,468
19166,55944,3026,2867,159,2570,297,2.79,2.30,2867,89,1832,738
19167,55945,676,607,69,522,85,2.36,1.81,607,14,308,214
19168,55946,1439,1355,84,1111,244,2.63,1.78,1355,54,704,407
19169,55947,3417,3185,232,2702,483,2.45,1.64,3185,47,1539,1163
19170,55949,974,771,203,619,152,2.68,1.69,771,81,387,232
19171,55950,59,53,6,47,6,1.98,1.50,53,5,19,28
19172,55951,630,576,54,437,139,2.54,2.19,576,28,227,210
19173,55952,971,900,71,712,188,3.17,2.61,900,28,457,255
19174,55953,357,343,14,269,74,2.49,1.80,343,17,163,106
19175,55954,703,524,179,455,69,2.45,2.07,524,34,266,189
19176,55955,992,942,50,872,70,2.77,2.43,942,9,638,234
19177,55956,922,866,56,722,144,2.44,2.10,866,18,412,310
19178,55957,311,298,13,239,59,2.77,1.88,298,4,146,93
19179,55959,988,867,121,669,198,2.54,1.78,867,24,369,300
19180,55960,1255,1188,67,1136,52,2.71,2.23,1188,17,705,431
19181,55961,209,183,26,154,29,3.00,1.79,183,2,106,48
19182,55962,402,324,78,280,44,2.44,2.32,324,8,142,138
19183,55963,2366,2209,157,1611,598,2.81,2.21,2209,66,995,616
19184,55964,1875,1743,132,1422,321,2.59,2.31,1743,89,927,495
19185,55965,1132,978,154,752,226,2.47,1.91,978,90,404,348
19186,55967,362,352,10,327,25,3.06,3.40,352,7,207,120
19187,55968,84,73,11,57,16,2.00,1.63,73,0,28,29
19188,55969,424,407,17,359,48,2.66,2.21,407,8,222,137
19189,55970,425,397,28,353,44,2.67,1.84,397,16,199,154
19190,55971,1243,1114,129,922,192,2.57,1.85,1114,47,532,390
19191,55972,2191,2013,178,1664,349,2.80,1.85,2013,48,1123,541
19192,55973,97,97,0,86,11,2.42,2.18,97,4,51,35
19193,55974,1064,968,96,730,238,2.32,2.01,968,94,352,378
19194,55975,1932,1779,153,1484,295,2.64,2.13,1779,61,804,680
19195,55976,3344,3175,169,2617,558,2.69,2.37,3175,80,1606,1011
19196,55977,78,67,11,54,13,2.76,2.54,67,0,21,33
19197,55979,389,368,21,287,81,3.38,1.79,368,40,167,120
19198,55981,2102,1655,447,1337,318,2.29,1.53,1655,164,724,613
19199,55982,255,251,4,238,13,2.15,2.69,251,1,103,135
19200,55983,742,699,43,561,138,2.41,2.13,699,50,349,212
19201,55985,730,657,73,536,121,2.70,2.50,657,22,334,202
19202,55987,15239,14273,966,9154,5119,2.32,1.85,14273,1180,5750,3404
19203,55990,418,397,21,318,79,2.52,2.22,397,7,182,136
19204,55991,684,603,81,547,56,2.60,2.30,603,7,359,188
19205,55992,2407,2334,73,1759,575,2.61,1.68,2334,56,1019,740
19206,56001,21123,19459,1664,10992,8467,2.55,2.19,19459,1445,6826,4166
19207,56003,6596,6307,289,4871,1436,2.64,1.75,6307,449,3299,1572
19208,56007,9891,9011,880,6747,2264,2.41,2.15,9011,658,3687,3060
19209,56009,673,577,96,494,83,2.31,3.48,577,10,262,232
19210,56010,566,513,53,425,88,2.29,2.01,513,39,169,256
19211,56011,3488,3425,63,2995,430,2.80,1.73,3425,164,2135,860
19212,56013,2279,2002,277,1411,591,2.40,1.67,2002,121,808,603
19213,56014,354,282,72,237,45,2.37,2.04,282,18,74,163
19214,56016,412,378,34,339,39,2.34,2.56,378,27,175,164
19215,56017,956,720,236,590,130,2.62,1.62,720,12,385,205
19216,56019,447,344,103,278,66,2.13,2.47,344,8,102,176
19217,56020,42,39,3,38,1,2.32,-,39,2,26,12
19218,56021,467,449,18,380,69,2.55,1.45,449,21,245,135
19219,56022,55,40,15,40,0,1.68,-,40,0,12,28
19220,56023,252,222,30,181,41,2.48,1.95,222,7,96,85
19221,56024,1258,1239,19,820,419,2.66,3.13,1239,17,534,286
19222,56025,212,193,19,175,18,2.60,2.72,193,4,97,78
19223,56026,817,762,55,660,102,2.46,2.43,762,23,420,240
19224,56027,396,294,102,242,52,1.97,1.94,294,6,74,168
19225,56028,733,464,269,395,69,2.26,2.33,464,17,210,185
19226,56029,309,270,39,243,27,2.07,2.96,270,3,123,120
19227,56030,12,7,5,7,0,3.29,-,7,0,2,5
19228,56031,5652,5213,439,3660,1553,2.41,1.91,5213,269,2080,1580
19229,56032,163,145,18,132,13,2.25,3.54,145,4,52,80
19230,56033,183,160,23,145,15,2.54,2.20,160,0,58,87
19231,56034,192,159,33,144,15,2.31,1.60,159,0,74,70
19232,56035,208,187,21,156,31,2.28,1.45,187,0,92,64
19233,56036,825,756,69,649,107,2.49,1.71,756,17,339,310
19234,56037,694,659,35,587,72,2.43,2.01,659,14,370,217
19235,56039,429,359,70,320,39,2.61,2.77,359,8,159,161
19236,56041,461,423,38,360,63,2.57,2.08,423,18,192,168
19237,56042,349,334,15,278,56,2.52,1.73,334,1,203,75
19238,56043,189,175,14,152,23,2.49,3.13,175,2,90,62
19239,56044,832,774,58,686,88,2.75,2.22,774,9,446,240
19240,56045,399,367,32,344,23,2.45,2.39,367,5,208,136
19241,56046,47,47,0,45,2,3.11,3.00,47,2,32,13
19242,56048,1773,1676,97,1439,237,2.62,2.11,1676,47,852,587
19243,56050,607,525,82,441,84,2.46,2.61,525,17,290,151
19244,56051,386,297,89,246,51,2.33,3.06,297,1,101,145
19245,56052,314,252,62,232,20,2.34,2.30,252,2,137,95
19246,56054,402,361,41,327,34,2.88,2.65,361,1,188,139
19247,56055,1661,1600,61,1303,297,2.54,2.02,1600,62,779,524
19248,56056,33,33,0,32,1,2.16,-,33,1,11,21
19249,56057,1593,1510,83,1235,275,2.62,2.77,1510,36,828,407
19250,56058,2673,2523,150,1830,693,2.47,2.02,2523,71,1207,623
19251,56060,195,168,27,141,27,2.76,3.44,168,10,65,76
19252,56062,1389,1190,199,866,324,3.01,2.06,1190,65,473,393
19253,56063,1638,1143,495,980,163,2.64,1.79,1143,12,632,348
19254,56065,1085,994,91,790,204,2.79,2.08,994,25,517,273
19255,56068,461,403,58,329,74,2.31,2.28,403,15,213,116
19256,56069,2038,1897,141,1547,350,2.47,2.19,1897,67,1014,533
19257,56071,4614,4418,196,3788,630,3.10,2.04,4418,64,2751,1037
19258,56072,1045,871,174,690,181,2.44,2.20,871,36,393,297
19259,56073,7580,7121,459,5466,1655,2.41,1.96,7121,319,3000,2466
19260,56074,715,692,23,546,146,2.75,2.68,692,15,350,196
19261,56075,78,73,5,60,13,2.03,2.38,73,14,38,22
19262,56078,209,192,17,161,31,2.70,2.65,192,2,91,70
19263,56080,286,280,6,242,38,2.76,1.89,280,4,132,110
19264,56081,2731,2443,288,1870,573,2.59,2.08,2443,185,980,890
19265,56082,4922,4683,239,3191,1492,2.60,1.95,4683,306,1999,1192
19266,56083,402,352,50,307,45,2.21,2.93,352,14,117,190
19267,56085,2374,2108,266,1796,312,2.51,1.94,2108,73,901,895
19268,56087,1444,1306,138,1017,289,2.46,1.79,1306,86,444,573
19269,56088,957,868,89,646,222,2.29,2.35,868,58,347,299
19270,56089,114,98,16,75,23,2.61,3.26,98,0,19,56
19271,56090,303,274,29,220,54,2.35,2.22,274,5,131,89
19272,56091,145,131,14,115,16,2.23,1.31,131,2,54,61
19273,56093,5177,5001,176,3922,1079,2.46,2.10,5001,167,2460,1462
19274,56096,1522,1179,343,945,234,2.34,1.92,1179,52,615,330
19275,56097,1746,1551,195,1256,295,2.36,2.14,1551,75,589,667
19276,56098,971,831,140,662,169,2.23,2.86,831,58,244,418
19277,56101,2690,2499,191,1879,620,2.44,2.19,2499,180,1019,860
19278,56110,695,619,76,516,103,2.68,2.11,619,33,254,262
19279,56111,227,193,34,171,22,1.90,2.82,193,1,104,67
19280,56113,119,96,23,88,8,2.55,2.38,96,1,47,41
19281,56114,188,150,38,127,23,2.29,2.83,150,2,53,74
19282,56115,570,516,54,424,92,2.49,2.42,516,30,238,186
19283,56116,240,223,17,190,33,3.03,2.73,223,3,103,87
19284,56117,156,125,31,89,36,2.84,3.42,125,2,28,61
19285,56118,206,193,13,188,5,2.53,3.60,193,4,83,105
19286,56119,365,330,35,303,27,3.16,3.00,330,6,140,163
19287,56120,435,358,77,327,31,2.52,4.42,358,2,107,220
19288,56121,357,309,48,248,61,1.83,2.05,309,5,87,161
19289,56122,225,218,7,185,33,2.90,1.85,218,6,51,134
19290,56123,274,177,97,153,24,2.13,2.04,177,10,55,98
19291,56125,45,31,14,31,0,1.55,-,31,0,7,24
19292,56127,256,212,44,125,87,2.84,1.64,212,2,35,90
19293,56128,847,771,76,660,111,2.71,1.81,771,23,341,319
19294,56129,306,290,16,222,68,2.90,2.29,290,8,99,123
19295,56131,1020,897,123,761,136,2.42,2.26,897,39,353,408
19296,56132,361,231,130,210,21,2.10,1.90,231,0,82,128
19297,56134,201,172,29,135,37,2.30,2.16,172,2,56,79
19298,56136,869,614,255,492,122,2.13,1.67,614,46,203,289
19299,56137,496,430,66,368,62,2.58,1.74,430,22,172,196
19300,56138,443,405,38,316,89,2.57,1.90,405,27,192,124
19301,56139,171,158,13,130,28,2.75,3.21,158,6,56,74
19302,56140,38,37,1,35,2,1.89,-,37,0,12,23
19303,56141,152,136,16,119,17,2.28,2.41,136,1,45,74
19304,56142,540,428,112,370,58,2.18,2.26,428,6,130,240
19305,56143,2272,2054,218,1570,484,2.18,2.07,2054,124,859,711
19306,56144,530,466,64,365,101,2.53,1.69,466,22,164,201
19307,56145,276,207,69,189,18,2.10,1.78,207,0,82,107
19308,56146,27,23,4,18,5,3.61,-,23,1,4,14
19309,56147,80,77,3,62,15,2.71,1.53,77,0,35,27
19310,56149,679,516,163,399,117,2.37,1.70,516,19,190,209
19311,56150,1255,1146,109,938,208,2.44,2.09,1146,46,449,489
19312,56151,363,300,63,282,18,2.37,2.22,300,3,119,163
19313,56152,654,558,96,482,76,2.56,1.45,558,23,216,266
19314,56153,91,77,14,69,8,2.09,1.63,77,1,21,48
19315,56155,270,223,47,193,30,2.19,3.20,223,5,107,86
19316,56156,2716,2554,162,1953,601,2.43,2.22,2554,168,1049,904
19317,56157,341,288,53,224,64,2.40,2.92,288,1,126,98
19318,56158,153,137,16,120,17,2.38,1.65,137,5,38,82
19319,56159,1096,980,116,778,202,2.69,2.11,980,63,399,379
19320,56160,123,102,21,87,15,2.25,3.27,102,4,43,44
19321,56161,161,144,17,136,8,2.38,3.25,144,4,74,62
19322,56162,140,101,39,98,3,2.37,1.67,101,1,52,46
19323,56164,2674,2453,221,1775,678,2.41,1.84,2453,213,926,849
19324,56165,135,125,10,109,16,2.95,1.31,125,1,50,59
19325,56166,92,75,17,70,5,2.47,3.40,75,2,29,41
19326,56167,342,296,46,254,42,2.29,1.86,296,10,107,147
19327,56168,344,303,41,261,42,2.54,2.12,303,4,103,158
19328,56169,309,281,28,243,38,2.44,1.97,281,1,125,118
19329,56170,277,250,27,217,33,2.41,2.39,250,6,90,127
19330,56171,910,738,172,590,148,2.13,2.11,738,28,266,324
19331,56172,1708,1295,413,999,296,2.51,1.55,1295,93,482,517
19332,56173,136,122,14,92,30,2.28,1.53,122,3,56,36
19333,56174,185,152,33,124,28,2.52,2.54,152,2,49,75
19334,56175,1400,1106,294,906,200,2.80,1.97,1106,46,484,422
19335,56176,465,418,47,354,64,2.35,2.14,418,15,163,191
19336,56178,786,685,101,535,150,2.63,1.93,685,9,259,276
19337,56180,553,443,110,346,97,2.52,2.53,443,27,109,237
19338,56181,614,516,98,448,68,2.45,2.40,516,15,257,191
19339,56183,676,597,79,456,141,2.40,1.51,597,13,167,289
19340,56185,226,214,12,195,19,2.52,1.95,214,2,60,135
19341,56186,186,158,28,135,23,2.64,1.52,158,2,75,60
19342,56187,5517,5032,485,3364,1668,3.02,2.93,5032,539,1650,1714
19343,56201,9916,9184,732,5935,3249,2.67,2.37,9184,656,3820,2115
19344,56207,102,92,10,83,9,2.23,3.89,92,0,37,46
19345,56208,1175,968,207,724,244,2.17,1.83,968,52,284,440
19346,56209,1285,913,372,748,165,2.72,2.57,913,21,436,312
19347,56210,10,5,5,5,0,3.60,-,5,0,4,1
19348,56211,325,196,129,170,26,2.55,2.12,196,1,53,117
19349,56212,287,203,84,180,23,2.61,2.70,203,0,69,111
19350,56214,318,275,43,225,50,2.37,1.86,275,24,83,142
19351,56215,2174,2035,139,1404,631,2.38,1.93,2035,86,699,705
19352,56216,353,333,20,289,44,2.08,2.14,333,5,164,125
19353,56218,268,214,54,202,12,2.18,2.42,214,7,67,135
19354,56219,641,413,228,288,125,2.34,3.08,413,44,93,195
19355,56220,1360,1151,209,984,167,2.34,1.54,1151,57,431,553
19356,56221,389,321,68,265,56,2.44,2.23,321,11,143,122
19357,56222,940,842,98,619,223,2.65,2.22,842,29,337,282
19358,56223,647,542,105,445,97,2.65,1.80,542,34,241,204
19359,56224,150,129,21,111,18,2.39,3.39,129,3,57,54
19360,56225,523,299,224,216,83,2.13,2.39,299,24,69,147
19361,56226,97,92,5,77,15,2.55,1.67,92,0,36,41
19362,56227,140,112,28,93,19,2.43,3.11,112,7,25,68
19363,56228,423,383,40,332,51,2.39,2.08,383,15,174,158
19364,56229,837,753,84,604,149,2.49,1.96,753,36,295,309
19365,56230,352,309,43,228,81,2.69,2.05,309,37,114,114
19366,56231,172,144,28,134,10,2.69,2.10,144,2,65,69
19367,56232,1007,896,111,742,154,2.78,1.69,896,33,361,381
19368,56235,266,216,50,186,30,2.34,2.73,216,0,65,121
19369,56236,211,156,55,146,10,2.33,2.60,156,1,47,99
19370,56237,288,247,41,209,38,2.41,2.03,247,7,68,141
19371,56239,252,244,8,202,42,2.70,2.31,244,12,124,78
19372,56240,380,341,39,236,105,2.42,2.41,341,14,106,130
19373,56241,1741,1597,144,1166,431,2.30,2.10,1597,171,706,460
19374,56243,788,688,100,543,145,2.87,2.10,688,10,326,217
19375,56244,677,582,95,462,120,2.87,2.74,582,8,197,265
19376,56245,254,222,32,183,39,3.02,3.15,222,11,87,96
19377,56248,441,350,91,279,71,2.32,1.75,350,22,113,166
19378,56249,141,129,12,113,16,2.26,3.44,129,3,46,67
19379,56251,386,363,23,317,46,2.48,1.46,363,5,193,124
19380,56252,550,492,58,352,140,2.71,1.71,492,26,175,177
19381,56253,628,414,214,364,50,2.26,1.82,414,3,189,175
19382,56255,204,174,30,122,52,2.62,1.37,174,7,41,81
19383,56256,1364,1085,279,888,197,2.10,1.66,1085,64,359,529
19384,56257,281,216,65,179,37,2.49,2.78,216,8,61,118
19385,56258,6741,5979,762,3577,2402,2.59,2.27,5979,567,1991,1586
19386,56260,446,407,39,299,108,2.42,2.24,407,1,127,172
19387,56262,346,308,38,259,49,2.19,2.86,308,1,94,165
19388,56263,231,192,39,166,26,2.47,1.62,192,0,77,89
19389,56264,992,857,135,680,177,2.57,1.74,857,54,338,342
19390,56265,3373,3172,201,2198,974,2.39,2.16,3172,228,1496,702
19391,56266,678,573,105,464,109,2.63,2.15,573,4,222,242
19392,56267,2923,2679,244,1658,1021,2.58,2.15,2679,190,890,768
19393,56270,483,434,49,390,44,2.81,1.91,434,33,158,232
19394,56271,571,507,64,375,132,2.54,2.79,507,49,157,218
19395,56273,2469,1989,480,1740,249,2.64,1.61,1989,37,1070,670
19396,56274,85,78,7,78,0,2.97,-,78,0,31,47
19397,56276,136,96,40,86,10,2.15,1.20,96,0,29,57
19398,56277,1461,1257,204,838,419,2.57,2.22,1257,138,391,447
19399,56278,1627,1293,334,906,387,2.19,1.77,1293,57,443,463
19400,56279,518,462,56,401,61,2.54,2.90,462,22,222,179
19401,56280,259,218,41,184,34,2.02,3.24,218,8,59,125
19402,56281,245,228,17,206,22,2.60,4.41,228,4,91,115
19403,56282,656,585,71,443,142,2.64,1.95,585,12,266,177
19404,56283,2993,2579,414,1824,755,2.56,2.06,2579,143,933,891
19405,56284,962,751,211,616,135,2.75,2.99,751,20,340,276
19406,56285,542,453,89,381,72,2.50,2.06,453,4,165,216
19407,56287,33,32,1,31,1,2.42,-,32,0,12,19
19408,56288,2859,1994,865,1762,232,2.30,2.36,1994,40,977,785
19409,56289,438,305,133,272,33,2.28,1.55,305,14,124,148
19410,56291,205,185,20,172,13,2.34,1.62,185,8,83,89
19411,56292,251,216,35,196,20,2.92,3.00,216,1,79,117
19412,56293,521,478,43,390,88,2.59,1.92,478,38,156,234
19413,56294,63,53,10,38,15,2.16,1.13,53,0,12,26
19414,56295,145,132,13,101,31,2.57,1.68,132,10,60,41
19415,56296,1032,843,189,693,150,2.24,1.33,843,56,261,432
19416,56297,354,322,32,289,33,2.56,2.67,322,7,139,150
19417,56301,13369,12614,755,6652,5962,2.59,2.68,12614,804,3860,2792
19418,56303,11354,10725,629,6741,3984,2.32,2.05,10725,966,4167,2574
19419,56304,7360,6961,399,3079,3882,2.50,1.98,6961,799,1804,1275
19420,56307,2015,1912,103,1592,320,2.89,2.13,1912,94,974,618
19421,56308,14082,11546,2536,7993,3553,2.43,1.71,11546,682,5015,2978
19422,56309,795,563,232,451,112,2.49,2.42,563,33,205,246
19423,56310,2215,1991,224,1732,259,2.82,1.89,1991,35,936,796
19424,56311,357,307,50,255,52,2.22,2.21,307,18,148,107
19425,56312,1014,940,74,775,165,2.63,2.22,940,27,456,319
19426,56313,41,32,9,24,8,1.71,5.25,32,0,16,8
19427,56314,504,467,37,429,38,2.99,1.92,467,9,253,176
19428,56315,1017,713,304,590,123,2.72,2.17,713,11,364,226
19429,56316,679,583,96,488,95,2.34,2.08,583,33,215,273
19430,56318,788,432,356,381,51,2.29,2.69,432,11,233,148
19431,56319,715,578,137,524,54,2.27,2.06,578,0,310,214
19432,56320,3491,3102,389,2613,489,2.72,2.10,3102,86,1531,1082
19433,56321,0,0,0,0,0,-,-,0,0,0,0
19434,56323,254,230,24,178,52,2.37,2.81,230,6,94,84
19435,56324,645,468,177,431,37,2.44,2.30,468,6,265,166
19436,56325,88,81,7,78,3,2.33,2.33,81,2,28,50
19437,56326,927,728,199,605,123,2.56,1.81,728,40,365,240
19438,56327,529,345,184,338,7,2.38,2.86,345,5,187,151
19439,56328,77,77,0,67,10,2.19,1.60,77,1,47,20
19440,56329,2958,2703,255,2239,464,2.89,2.44,2703,151,1404,835
19441,56330,722,656,66,598,58,2.63,2.41,656,6,439,159
19442,56331,837,771,66,694,77,2.95,2.86,771,17,382,312
19443,56332,813,686,127,635,51,2.44,1.43,686,11,403,232
19444,56334,3472,2510,962,1985,525,2.45,1.60,2510,102,1174,811
19445,56335,90,90,0,89,1,2.72,10.00,90,1,56,33
19446,56336,1105,647,458,587,60,2.50,2.17,647,9,260,327
19447,56338,1288,676,612,607,69,2.44,2.14,676,3,315,292
19448,56339,552,400,152,302,98,2.75,2.04,400,13,196,106
19449,56340,984,926,58,840,86,2.50,2.10,926,19,549,291
19450,56342,2446,1218,1228,1054,164,2.14,1.87,1218,47,585,469
19451,56343,539,414,125,383,31,2.20,2.55,414,13,184,199
19452,56345,6722,6274,448,4553,1721,2.43,2.08,6274,569,2807,1746
19453,56347,3361,2918,443,2207,711,2.89,2.17,2918,266,1135,1072
19454,56349,349,318,31,271,47,2.66,1.40,318,1,177,94
19455,56350,442,200,242,174,26,1.89,2.15,200,10,59,115
19456,56352,2743,2458,285,1950,508,2.59,1.45,2458,163,1051,899
19457,56353,3881,3619,262,2853,766,2.78,1.80,3619,278,1987,866
19458,56354,1043,591,452,541,50,2.37,2.12,591,10,351,190
19459,56355,220,214,6,188,26,3.00,2.85,214,14,126,62
19460,56356,101,97,4,97,0,2.68,-,97,1,61,36
19461,56357,394,386,8,364,22,3.49,3.95,386,2,264,100
19462,56358,1362,1257,105,1115,142,2.44,3.31,1257,23,657,458
19463,56359,2117,1338,779,939,399,2.45,2.78,1338,154,483,456
19464,56360,2609,1762,847,1380,382,2.21,1.57,1762,158,674,706
19465,56361,1224,925,299,797,128,2.80,2.34,925,50,461,336
19466,56362,2839,2168,671,1787,381,2.46,2.23,2168,114,1005,782
19467,56363,98,85,13,64,21,2.73,2.62,85,2,52,12
19468,56364,2249,2099,150,1788,311,2.80,2.23,2099,87,1031,757
19469,56367,2792,2598,194,2353,245,2.73,2.74,2598,28,1399,954
19470,56368,2252,1646,606,1487,159,2.50,2.60,1646,10,834,653
19471,56369,241,226,15,110,116,2.65,2.32,226,25,86,24
19472,56371,52,37,15,24,13,2.67,3.46,37,1,10,14
19473,56373,1252,1179,73,941,238,2.71,2.25,1179,52,555,386
19474,56374,3493,3280,213,2590,690,2.47,2.68,3280,25,1853,737
19475,56375,337,337,0,316,21,2.40,2.76,337,6,191,125
19476,56376,128,128,0,110,18,2.60,1.67,128,7,69,41
19477,56377,8102,7870,232,5031,2839,2.90,2.06,7870,228,3564,1467
19478,56378,3890,3354,536,2445,909,2.65,1.78,3354,251,1610,835
19479,56379,7098,6897,201,4595,2302,2.69,1.89,6897,364,3030,1565
19480,56381,1320,997,323,833,164,2.29,1.99,997,46,547,286
19481,56382,671,534,137,477,57,2.54,2.18,534,5,259,218
19482,56384,139,134,5,74,60,2.64,1.97,134,6,54,20
19483,56385,617,445,172,382,63,2.13,1.51,445,9,214,168
19484,56386,559,308,251,245,63,2.18,2.32,308,16,95,150
19485,56387,3611,3515,96,1386,2129,2.27,2.13,3515,317,852,534
19486,56389,42,36,6,34,2,2.56,3.00,36,0,21,13
19487,56401,15544,12558,2986,8992,3566,2.50,2.14,12558,752,5634,3358
19488,56425,3660,3447,213,2345,1102,2.76,1.79,3447,194,1607,738
19489,56431,7106,3695,3411,3145,550,2.40,1.91,3695,193,1499,1646
19490,56433,1382,773,609,669,104,2.10,1.45,773,36,370,299
19491,56434,84,71,13,65,6,3.42,3.33,71,19,34,31
19492,56435,2189,1198,991,1084,114,2.27,2.72,1198,48,589,495
19493,56437,523,464,59,372,92,3.19,2.05,464,52,221,151
19494,56438,1403,1068,335,879,189,2.64,2.07,1068,52,459,420
19495,56440,585,517,68,415,102,2.68,1.93,517,44,147,268
19496,56441,2198,1722,476,1095,627,2.38,1.87,1722,196,633,462
19497,56442,3254,1376,1878,1201,175,1.95,2.25,1376,37,744,457
19498,56443,1436,626,810,571,55,2.15,2.91,626,27,279,292
19499,56444,2657,1341,1316,1199,142,2.38,2.44,1341,39,691,508
19500,56446,764,640,124,568,72,2.96,2.19,640,40,322,246
19501,56447,1252,365,887,337,28,1.97,2.04,365,10,182,155
19502,56448,709,218,491,214,4,1.98,1.75,218,1,111,103
19503,56449,890,725,165,683,42,2.60,4.74,725,4,419,264
19504,56450,1131,492,639,419,73,2.07,1.99,492,12,188,231
19505,56452,2959,934,2025,826,108,1.98,1.56,934,28,409,417
19506,56453,364,301,63,283,18,2.59,1.94,301,14,149,134
19507,56455,791,649,142,482,167,2.65,2.26,649,38,337,145
19508,56458,279,148,131,131,17,2.77,2.47,148,3,69,62
19509,56461,2050,1306,744,1203,103,2.39,2.98,1306,34,681,522
19510,56464,2510,1672,838,1400,272,2.95,2.33,1672,59,767,633
19511,56465,1685,889,796,826,63,2.33,3.79,889,6,451,375
19512,56466,2147,1306,841,1064,242,2.18,2.27,1306,82,561,503
19513,56467,2567,1064,1503,1014,50,2.54,2.14,1064,27,543,471
19514,56468,3546,1776,1770,1649,127,2.39,2.18,1776,35,1000,649
19515,56469,1163,486,677,453,33,2.03,2.58,486,3,242,211
19516,56470,7250,4384,2866,3224,1160,2.41,2.26,4384,271,1722,1502
19517,56472,6132,3379,2753,2876,503,2.58,1.93,3379,49,1727,1149
19518,56473,1621,1307,314,1171,136,2.45,2.62,1307,34,693,478
19519,56474,2783,1864,919,1441,423,2.45,1.90,1864,100,826,615
19520,56475,749,641,108,568,73,2.70,1.67,641,19,312,256
19521,56477,1481,1136,345,923,213,2.50,2.37,1136,57,468,455
19522,56479,2266,1832,434,1478,354,2.54,2.47,1832,86,683,795
19523,56481,1070,888,182,744,144,2.77,2.40,888,27,397,347
19524,56482,3271,2975,296,1988,987,2.68,1.88,2975,390,1188,800
19525,56484,2537,1359,1178,1038,321,2.22,2.45,1359,106,568,470
19526,56501,9837,7284,2553,5411,1873,2.57,1.91,7284,336,3252,2159
19527,56510,1123,926,197,702,224,2.75,1.53,926,75,338,364
19528,56511,1260,798,462,728,70,2.45,2.27,798,16,452,276
19529,56514,1519,1414,105,1180,234,2.91,1.85,1414,56,789,391
19530,56515,2763,1243,1520,1107,136,2.21,1.62,1243,43,511,596
19531,56516,145,122,23,107,15,2.93,1.13,122,4,49,58
19532,56517,134,95,39,79,16,2.70,3.75,95,2,42,37
19533,56518,161,152,9,127,25,2.75,1.84,152,6,60,67
19534,56519,131,111,20,91,20,2.34,3.20,111,3,34,57
19535,56520,1899,1713,186,1213,500,2.53,1.51,1713,118,756,457
19536,56521,365,311,54,255,56,2.52,2.32,311,6,117,138
19537,56522,216,175,41,146,29,2.38,3.59,175,7,73,73
19538,56523,169,156,13,125,31,2.82,2.55,156,8,63,62
19539,56524,784,296,488,259,37,2.24,3.03,296,7,124,135
19540,56525,38,32,6,32,0,2.44,-,32,0,15,17
19541,56527,374,314,60,265,49,3.03,2.94,314,23,164,101
19542,56528,1848,750,1098,646,104,2.40,1.97,750,10,380,266
19543,56529,1926,1847,79,1449,398,2.55,2.22,1847,52,1082,367
19544,56531,968,788,180,608,180,2.43,2.20,788,18,365,243
19545,56533,140,116,24,99,17,2.69,1.53,116,5,55,44
19546,56534,718,530,188,488,42,2.44,3.10,530,30,268,220
19547,56535,920,516,404,381,135,2.57,1.68,516,36,183,198
19548,56536,159,145,14,133,12,2.14,3.33,145,1,64,69
19549,56537,9628,8610,1018,6126,2484,2.37,1.73,8610,559,3646,2480
19550,56540,829,726,103,605,121,2.73,1.80,726,69,264,341
19551,56541,32,27,5,24,3,2.17,2.00,27,0,5,19
19552,56542,1233,1042,191,757,285,2.38,2.13,1042,70,373,384
19553,56543,108,96,12,87,9,2.67,2.67,96,0,32,55
19554,56544,2728,2120,608,1735,385,2.62,2.54,2120,115,970,765
19555,56545,322,268,54,238,30,2.45,1.80,268,1,127,111
19556,56546,118,93,25,90,3,2.32,-,93,0,45,45
19557,56547,982,945,37,801,144,3.22,2.49,945,31,470,331
19558,56548,346,304,42,228,76,2.49,1.67,304,25,114,114
19559,56549,1931,1783,148,1493,290,2.86,2.08,1783,62,918,575
19560,56550,165,141,24,117,24,2.32,1.50,141,3,58,59
19561,56551,1367,918,449,701,217,2.33,2.12,918,40,384,317
19562,56552,224,202,22,174,28,2.79,1.71,202,15,113,61
19563,56553,129,122,7,120,2,1.60,5.00,122,3,40,80
19564,56554,1798,1096,702,999,97,2.49,2.16,1096,23,545,454
19565,56556,514,448,66,330,118,2.72,2.25,448,27,185,145
19566,56557,1193,984,209,626,358,2.79,2.88,984,77,274,352
19567,56560,18901,17665,1236,10608,7057,2.59,2.08,17665,1455,7414,3194
19568,56562,0,0,0,0,0,-,-,0,0,0,0
19569,56563,0,0,0,0,0,-,-,0,0,0,0
19570,56565,43,38,5,34,4,3.44,2.00,38,0,20,14
19571,56566,279,197,82,95,102,2.91,3.99,197,45,22,73
19572,56567,1562,1297,265,1028,269,2.67,1.71,1297,73,581,447
19573,56568,75,56,19,52,4,2.46,1.25,56,0,10,42
19574,56569,789,464,325,383,81,2.64,2.88,464,53,162,221
19575,56570,831,465,366,433,32,2.50,1.84,465,2,224,209
19576,56571,1496,785,711,710,75,2.29,2.75,785,7,423,287
19577,56572,3995,2165,1830,1837,328,2.75,2.24,2165,134,1174,663
19578,56573,3613,2712,901,2070,642,2.44,2.08,2712,95,1172,898
19579,56574,135,115,20,113,2,2.38,-,115,3,56,57
19580,56575,582,272,310,212,60,2.38,2.33,272,19,68,144
19581,56576,925,383,542,332,51,2.20,2.63,383,15,175,157
19582,56578,658,293,365,283,10,2.64,2.30,293,0,171,112
19583,56579,471,393,78,355,38,2.78,3.37,393,6,226,129
19584,56580,492,474,18,451,23,2.58,2.52,474,20,291,160
19585,56581,178,130,48,116,14,1.89,3.00,130,1,38,78
19586,56583,73,67,6,54,13,2.67,2.00,67,0,10,44
19587,56584,701,558,143,452,106,2.50,1.76,558,26,209,243
19588,56585,535,484,51,392,92,2.32,1.43,484,18,198,194
19589,56586,1308,813,495,736,77,2.31,2.36,813,10,398,338
19590,56587,1076,568,508,511,57,2.25,1.40,568,10,275,236
19591,56588,421,185,236,177,8,2.29,1.88,185,8,77,100
19592,56589,1275,692,583,578,114,2.78,2.55,692,28,294,284
19593,56590,215,157,58,137,20,2.40,2.40,157,4,54,83
19594,56591,246,216,30,50,166,2.80,3.02,216,101,8,42
19595,56592,196,157,39,133,24,3.17,2.08,157,13,58,75
19596,56594,194,183,11,167,16,2.54,1.69,183,5,78,89
19597,56601,15683,13661,2022,9034,4627,2.57,1.96,13661,1028,5251,3783
19598,56621,2107,1666,441,1296,370,2.75,2.22,1666,140,683,613
19599,56623,1926,1058,868,886,172,2.59,2.35,1058,33,380,506
19600,56626,261,87,174,72,15,1.96,5.33,87,17,16,56
19601,56627,322,136,186,108,28,1.80,-,136,2,39,69
19602,56628,1679,650,1029,549,101,2.18,1.50,650,38,248,301
19603,56629,207,74,133,74,0,2.32,-,74,16,27,47
19604,56630,1215,851,364,667,184,2.50,2.12,851,46,320,347
19605,56633,2520,1556,964,1042,514,3.02,3.39,1556,152,495,547
19606,56634,762,615,147,475,140,2.99,2.33,615,60,244,231
19607,56636,3146,1932,1214,1673,259,2.57,2.81,1932,94,770,903
19608,56637,186,73,113,69,4,2.28,-,73,0,41,28
19609,56639,522,207,315,177,30,1.99,1.80,207,1,67,110
19610,56641,323,132,191,101,31,2.86,3.65,132,12,37,64
19611,56644,472,281,191,233,48,2.47,1.58,281,49,91,142
19612,56646,183,155,28,129,26,2.98,1.38,155,0,72,57
19613,56647,468,313,155,260,53,2.55,3.28,313,2,109,151
19614,56649,4952,4189,763,3322,867,2.21,1.68,4189,279,2061,1261
19615,56650,630,424,206,384,40,2.33,1.90,424,4,168,216
19616,56651,460,191,269,160,31,2.84,3.87,191,6,67,93
19617,56652,326,186,140,172,14,2.55,2.50,186,15,94,78
19618,56653,776,560,216,488,72,2.10,2.36,560,14,183,305
19619,56654,89,38,51,31,7,2.19,2.71,38,2,14,17
19620,56655,2050,758,1292,695,63,1.88,1.83,758,56,249,446
19621,56657,496,90,406,81,9,2.07,-,90,0,23,58
19622,56658,17,0,17,0,0,-,-,0,0,0,0
19623,56659,113,64,49,63,1,2.70,2.00,64,2,23,40
19624,56660,223,119,104,113,6,2.05,2.33,119,1,37,76
19625,56661,706,402,304,356,46,2.47,2.24,402,26,160,196
19626,56662,1099,249,850,244,5,2.02,3.40,249,7,126,118
19627,56663,181,84,97,77,7,1.77,1.86,84,8,11,66
19628,56666,216,210,6,97,113,5.69,5.46,210,34,35,62
19629,56667,411,305,106,275,30,2.82,2.07,305,5,148,127
19630,56668,116,95,21,82,13,1.65,2.08,95,0,20,62
19631,56669,319,108,211,106,2,1.92,4.00,108,1,48,58
19632,56670,314,300,14,235,65,3.79,4.68,300,51,53,182
19633,56671,922,831,91,474,357,3.11,4.34,831,102,223,251
19634,56672,2451,892,1559,743,149,2.06,2.19,892,30,342,401
19635,56673,452,165,287,154,11,2.90,5.82,165,7,68,86
19636,56676,1114,714,400,652,62,2.37,2.26,714,37,341,311
19637,56678,743,615,128,567,48,2.83,2.13,615,14,324,243
19638,56680,145,54,91,50,4,1.84,3.00,54,2,14,36
19639,56681,254,104,150,90,14,2.28,4.14,104,8,42,48
19640,56683,340,253,87,231,22,2.37,1.45,253,1,125,106
19641,56684,186,139,47,129,10,2.63,3.80,139,2,45,84
19642,56685,259,62,197,53,9,1.96,1.78,62,7,15,38
19643,56686,868,337,531,298,39,3.01,-,337,3,90,208
19644,56688,232,64,168,64,0,2.16,-,64,0,18,46
19645,56701,6101,5562,539,4053,1509,2.47,1.79,5562,357,2423,1630
19646,56710,202,191,11,166,25,2.48,1.44,191,12,71,95
19647,56711,371,5,366,5,0,-,-,5,0,5,0
19648,56713,435,409,26,327,82,2.48,1.67,409,41,163,164
19649,56714,582,467,115,397,70,2.59,2.37,467,9,181,216
19650,56715,156,137,19,120,17,2.18,1.24,137,1,30,90
19651,56716,4166,3791,375,2315,1476,2.44,1.76,3791,323,1177,1138
19652,56720,11,8,3,8,0,-,-,8,0,3,5
19653,56721,4491,4165,326,2891,1274,2.81,2.04,4165,342,1919,972
19654,56722,156,145,11,133,12,2.65,1.08,145,3,79,54
19655,56723,353,313,40,259,54,2.92,2.19,313,6,144,115
19656,56724,113,51,62,49,2,2.90,-,51,1,17,32
19657,56725,437,346,91,302,44,2.77,1.73,346,16,155,147
19658,56726,727,601,126,551,50,2.79,1.60,601,16,311,240
19659,56727,587,351,236,327,24,2.57,2.17,351,2,184,143
19660,56728,647,492,155,407,85,2.43,1.81,492,24,162,245
19661,56729,64,48,16,47,1,2.60,2.00,48,0,11,36
19662,56731,57,46,11,43,3,2.28,4.67,46,0,22,21
19663,56732,637,430,207,329,101,2.46,1.63,430,34,163,166
19664,56733,191,164,27,149,15,2.34,1.93,164,4,39,110
19665,56734,314,189,125,154,35,2.51,2.09,189,2,60,94
19666,56735,386,274,112,215,59,2.66,2.24,274,4,86,129
19667,56736,873,326,547,300,26,2.37,2.42,326,6,137,163
19668,56737,463,354,109,306,48,2.25,1.58,354,7,88,218
19669,56738,598,528,70,460,68,2.65,2.84,528,11,233,227
19670,56742,388,311,77,268,43,3.03,1.63,311,23,135,133
19671,56744,239,198,41,177,21,2.51,4.05,198,3,72,105
19672,56748,290,252,38,192,60,2.24,2.55,252,9,83,109
19673,56750,1113,1005,108,825,180,2.42,1.62,1005,51,413,412
19674,56751,2633,2207,426,1711,496,2.76,1.83,2207,99,982,729
19675,56754,241,224,17,212,12,2.42,1.92,224,9,110,102
19676,56755,51,32,19,32,0,2.00,-,32,3,3,29
19677,56756,296,210,86,190,20,3.22,2.65,210,0,94,96
19678,56757,439,355,84,302,53,2.42,1.87,355,7,104,198
19679,56758,211,132,79,121,11,2.37,-,132,0,31,90
19680,56759,197,124,73,119,5,2.60,1.80,124,3,55,64
19681,56760,214,189,25,167,22,2.47,2.32,189,14,100,67
19682,56761,262,157,105,152,5,2.57,4.20,157,1,93,59
19683,56762,1158,1023,135,773,250,2.43,2.02,1023,59,358,415
19684,56763,2422,1874,548,1408,466,2.89,2.34,1874,149,832,576
19685,57001,681,668,13,533,135,2.27,2.42,668,12,280,253
19686,57002,644,611,33,481,130,2.29,2.61,611,3,346,135
19687,57003,734,659,75,603,56,2.97,2.14,659,8,457,146
19688,57004,1585,1493,92,1124,369,2.64,2.43,1493,25,628,496
19689,57005,4640,4410,230,3501,909,2.99,1.91,4410,243,2376,1125
19690,57006,10506,9540,966,5048,4492,2.53,1.99,9540,587,3107,1941
19691,57007,0,0,0,0,0,-,-,0,0,0,0
19692,57010,349,280,69,196,84,2.11,1.14,280,0,109,87
19693,57012,533,469,64,355,114,2.30,1.39,469,21,200,155
19694,57013,1899,1751,148,1380,371,2.49,1.90,1751,36,824,556
19695,57014,743,690,53,547,143,2.54,2.12,690,17,289,258
19696,57015,291,285,6,248,37,2.79,2.49,285,9,168,80
19697,57016,461,326,135,300,26,2.28,2.88,326,2,171,129
19698,57017,527,493,34,416,77,2.81,2.38,493,11,224,192
19699,57018,603,550,53,461,89,2.85,2.13,550,20,250,211
19700,57020,613,605,8,571,34,2.87,1.91,605,5,356,215
19701,57021,167,159,8,133,26,3.02,2.23,159,0,55,78
19702,57022,2229,2162,67,1749,413,2.84,2.09,2162,57,1022,727
19703,57024,222,218,4,193,25,2.45,1.92,218,0,49,144
19704,57025,1218,1139,79,890,249,2.82,1.52,1139,80,540,350
19705,57026,614,546,68,391,155,2.72,3.35,546,19,208,183
19706,57027,66,64,2,60,4,2.23,-,64,6,22,38
19707,57028,1434,1230,204,767,463,2.51,2.41,1230,68,352,415
19708,57029,965,888,77,708,180,2.60,3.51,888,33,363,345
19709,57030,1193,1121,72,864,257,2.49,2.52,1121,12,465,399
19710,57031,396,393,3,358,35,1.91,1.29,393,9,227,131
19711,57032,3079,2982,97,2591,391,2.80,2.49,2982,21,1970,621
19712,57033,2270,2169,101,1728,441,2.91,1.99,2169,31,1198,530
19713,57034,377,368,9,298,70,2.48,1.51,368,0,119,179
19714,57035,370,368,2,329,39,3.03,2.00,368,6,224,105
19715,57036,300,261,39,224,37,2.67,2.84,261,0,101,123
19716,57037,424,405,19,240,165,2.73,2.15,405,0,129,111
19717,57038,663,613,50,565,48,2.59,2.85,613,8,360,205
19718,57039,1559,1496,63,1218,278,2.60,1.86,1496,21,789,429
19719,57040,153,145,8,131,14,2.12,1.29,145,6,32,99
19720,57041,29,29,0,29,0,2.59,-,29,0,0,29
19721,57042,3683,3213,470,2090,1123,2.60,1.96,3213,119,1205,885
19722,57043,619,568,51,455,113,2.49,1.96,568,27,191,264
19723,57045,499,454,45,377,77,2.47,2.13,454,19,150,227
19724,57046,364,360,4,284,76,2.28,2.00,360,1,140,144
19725,57047,144,140,4,110,30,1.93,2.53,140,1,30,80
19726,57048,582,512,70,418,94,2.55,2.35,512,2,256,162
19727,57049,3327,3248,79,1975,1273,2.59,1.85,3248,39,1156,819
19728,57050,138,136,2,124,12,2.42,3.33,136,0,54,70
19729,57051,164,133,31,119,14,1.63,2.00,133,7,36,83
19730,57052,132,104,28,77,27,2.62,1.96,104,0,30,47
19731,57053,931,803,128,688,115,2.68,2.31,803,8,452,236
19732,57054,289,247,42,219,28,2.08,3.18,247,3,88,131
19733,57055,512,512,0,480,32,2.46,2.28,512,16,287,193
19734,57057,93,93,0,85,8,2.89,3.13,93,0,52,33
19735,57058,791,718,73,579,139,2.63,2.27,718,0,237,342
19736,57059,634,542,92,457,85,2.20,1.99,542,18,183,274
19737,57061,69,64,5,60,4,2.55,2.50,64,0,46,14
19738,57062,608,498,110,356,142,2.36,1.70,498,33,138,218
19739,57063,358,337,21,297,40,2.56,2.85,337,12,95,202
19740,57064,2379,2351,28,1710,641,3.06,2.74,2351,3,1422,288
19741,57065,185,165,20,118,47,2.06,1.55,165,0,67,51
19742,57066,742,662,80,500,162,2.15,2.15,662,31,143,357
19743,57067,102,94,8,70,24,2.84,2.42,94,2,34,36
19744,57068,652,609,43,520,89,2.80,2.38,609,9,354,166
19745,57069,5168,4535,633,2252,2283,2.47,2.09,4535,325,1322,930
19746,57070,717,578,139,393,185,2.30,1.65,578,18,168,225
19747,57071,1535,1360,175,958,402,2.50,1.91,1360,75,527,431
19748,57072,284,265,19,194,71,2.61,2.75,265,0,116,78
19749,57073,229,188,41,157,31,2.61,1.65,188,4,94,63
19750,57075,857,461,396,412,49,2.23,2.08,461,1,184,228
19751,57076,201,194,7,148,46,2.22,1.76,194,0,44,104
19752,57077,510,484,26,467,17,2.67,2.18,484,15,347,120
19753,57078,8873,8254,619,5570,2684,2.46,1.74,8254,554,3162,2408
19754,57103,15074,14095,979,9544,4551,2.74,2.11,14095,609,6169,3375
19755,57104,13263,11731,1532,4765,6966,2.41,1.83,11731,1165,3258,1507
19756,57105,10367,9568,799,6308,3260,2.30,2.17,9568,255,3856,2452
19757,57106,20538,20037,501,12389,7648,2.67,2.07,20037,832,8865,3524
19758,57107,4356,4183,173,2871,1312,2.41,2.42,4183,56,1679,1192
19759,57108,12678,12512,166,8124,4388,2.59,2.07,12512,221,5153,2971
19760,57110,7994,7639,355,4944,2695,2.72,2.15,7639,412,3353,1591
19761,57117,0,0,0,0,0,-,-,0,0,0,0
19762,57197,0,0,0,0,0,-,-,0,0,0,0
19763,57201,12029,11005,1024,7186,3819,2.46,2.00,11005,572,4003,3183
19764,57212,1109,838,271,658,180,2.68,1.88,838,28,301,357
19765,57213,213,164,49,138,26,2.25,3.69,164,2,75,63
19766,57214,67,51,16,47,4,2.68,2.75,51,3,18,29
19767,57216,804,602,202,516,86,2.11,2.77,602,13,208,308
19768,57217,157,111,46,86,25,2.38,-,111,1,14,72
19769,57218,147,147,0,112,35,2.08,3.00,147,0,26,86
19770,57219,270,208,62,148,60,2.34,2.25,208,8,46,102
19771,57220,422,349,73,286,63,2.69,1.43,349,11,122,164
19772,57221,367,313,54,235,78,3.06,2.55,313,15,141,94
19773,57223,512,474,38,397,77,2.91,2.56,474,9,211,186
19774,57224,95,76,19,67,9,2.13,2.00,76,2,14,53
19775,57225,814,731,83,565,166,2.46,1.89,731,31,262,303
19776,57226,874,756,118,502,254,2.50,2.02,756,31,243,259
19777,57227,359,110,249,83,27,3.48,4.11,110,0,47,36
19778,57231,853,681,172,557,124,2.78,1.70,681,5,244,313
19779,57232,283,161,122,149,12,2.63,1.58,161,1,97,52
19780,57233,103,70,33,61,9,3.72,3.89,70,0,12,49
19781,57234,648,468,180,422,46,2.63,2.00,468,14,241,181
19782,57235,361,321,40,269,52,2.88,2.04,321,6,149,120
19783,57236,59,55,4,50,5,2.30,3.20,55,0,26,24
19784,57237,367,282,85,246,36,2.57,1.61,282,2,108,138
19785,57238,223,184,39,139,45,2.29,2.16,184,0,75,64
19786,57239,473,148,325,138,10,2.30,1.90,148,0,62,76
19787,57241,403,327,76,263,64,3.09,2.55,327,4,151,112
19788,57242,191,130,61,126,4,3.48,3.50,130,6,69,57
19789,57243,342,276,66,232,44,2.01,1.84,276,14,82,150
19790,57245,78,73,5,51,22,2.29,2.77,73,0,31,20
19791,57246,78,72,6,71,1,1.90,3.00,72,2,23,48
19792,57247,338,87,251,71,16,2.23,2.56,87,0,19,52
19793,57248,597,391,206,278,113,2.77,2.58,391,8,133,145
19794,57249,576,385,191,295,90,2.60,1.24,385,57,114,181
19795,57251,51,45,6,33,12,1.67,2.33,45,0,9,24
19796,57252,2225,1953,272,1623,330,2.56,2.02,1953,55,949,674
19797,57255,186,155,31,120,35,2.68,1.94,155,0,42,78
19798,57256,86,66,20,59,7,2.85,1.14,66,0,31,28
19799,57257,267,220,47,139,81,2.69,3.68,220,14,27,112
19800,57258,66,55,11,48,7,2.33,3.71,55,7,6,42
19801,57259,269,255,14,216,39,2.73,2.31,255,2,81,135
19802,57260,522,383,139,332,51,3.05,1.61,383,0,122,210
19803,57261,165,119,46,90,29,2.19,1.86,119,0,49,41
19804,57262,2039,1831,208,945,886,2.69,3.13,1831,123,319,626
19805,57263,235,192,43,164,28,2.53,2.32,192,7,56,108
19806,57264,124,107,17,90,17,2.36,1.35,107,10,32,58
19807,57265,100,83,17,74,9,2.11,2.78,83,7,37,37
19808,57266,240,194,46,140,54,2.86,3.37,194,5,73,67
19809,57268,278,220,58,181,39,2.23,1.72,220,2,84,97
19810,57269,78,77,1,74,3,2.12,2.00,77,1,25,49
19811,57270,381,268,113,165,103,2.96,2.58,268,24,30,135
19812,57271,58,50,8,47,3,4.77,-,50,0,26,21
19813,57272,108,74,34,70,4,2.89,2.00,74,0,29,41
19814,57273,834,411,423,271,140,2.55,3.11,411,11,41,230
19815,57274,1392,1193,199,911,282,2.43,1.67,1193,60,494,417
19816,57276,492,462,30,381,81,2.45,2.06,462,13,149,232
19817,57278,309,261,48,218,43,3.70,5.70,261,3,76,142
19818,57279,631,439,192,377,62,2.17,2.37,439,4,171,206
19819,57301,8825,7917,908,4919,2998,2.46,1.85,7917,502,2513,2406
19820,57311,595,529,66,449,80,3.22,2.96,529,11,193,256
19821,57312,297,288,9,255,33,2.51,2.45,288,0,120,135
19822,57313,582,455,127,344,111,2.67,1.95,455,23,109,235
19823,57314,322,253,69,208,45,2.49,3.33,253,12,56,152
19824,57315,534,464,70,364,100,2.63,2.08,464,6,136,228
19825,57317,284,206,78,134,72,2.75,4.17,206,15,53,81
19826,57319,417,340,77,269,71,2.42,3.23,340,6,111,158
19827,57321,133,115,18,102,13,4.00,1.77,115,0,38,64
19828,57322,125,114,11,93,21,2.61,2.33,114,7,20,73
19829,57323,168,101,67,85,16,2.42,1.81,101,0,5,80
19830,57324,173,166,7,153,13,2.63,1.54,166,0,59,94
19831,57325,1337,1157,180,731,426,2.37,2.60,1157,64,281,450
19832,57328,490,435,55,318,117,2.73,1.88,435,17,135,183
19833,57329,151,140,11,114,26,2.15,3.42,140,0,34,80
19834,57330,231,184,47,139,45,2.76,2.62,184,2,47,92
19835,57331,142,130,12,102,28,3.22,1.96,130,1,48,54
19836,57332,315,272,43,249,23,3.31,1.61,272,2,120,129
19837,57334,362,335,27,239,96,2.46,2.98,335,17,130,109
19838,57335,147,110,37,98,12,1.86,2.58,110,0,25,73
19839,57337,95,45,50,45,0,2.13,-,45,0,0,45
19840,57339,413,345,68,143,202,4.01,4.17,345,70,4,139
19841,57340,113,87,26,86,1,2.41,-,87,0,23,63
19842,57341,65,49,16,41,8,1.88,7.75,49,0,5,36
19843,57342,286,130,156,127,3,2.43,1.00,130,17,25,102
19844,57344,59,45,14,45,0,1.84,-,45,0,0,45
19845,57345,585,475,110,422,53,2.36,2.43,475,0,130,292
19846,57346,31,28,3,0,28,-,1.57,28,0,0,0
19847,57348,334,282,52,182,100,2.55,3.19,282,2,28,154
19848,57349,745,580,165,450,130,2.58,1.68,580,26,183,267
19849,57350,6950,6316,634,4192,2124,2.51,2.24,6316,433,2141,2051
19850,57353,370,283,87,257,26,2.67,3.08,283,8,136,121
19851,57354,16,16,0,16,0,1.19,-,16,0,0,16
19852,57355,686,533,153,376,157,2.64,2.41,533,46,128,248
19853,57356,833,622,211,410,212,3.13,4.53,622,48,86,324
19854,57358,17,11,6,9,2,1.22,1.50,11,0,0,9
19855,57359,272,216,56,172,44,2.58,3.43,216,10,62,110
19856,57361,81,72,9,47,25,2.53,3.68,72,0,0,47
19857,57362,1075,885,190,579,306,2.31,1.42,885,62,200,379
19858,57363,499,424,75,301,123,2.75,1.67,424,0,134,167
19859,57364,5,5,0,0,5,-,-,5,0,0,0
19860,57365,331,262,69,210,52,2.13,2.06,262,8,58,152
19861,57366,1116,1013,103,761,252,2.36,2.55,1013,28,304,457
19862,57367,135,106,29,86,20,2.56,3.00,106,6,35,51
19863,57368,493,419,74,318,101,2.69,1.97,419,0,174,144
19864,57369,1105,999,106,726,273,2.43,2.56,999,31,318,408
19865,57370,327,271,56,198,73,2.22,4.53,271,2,59,139
19866,57371,120,75,45,40,35,1.60,1.89,75,0,3,37
19867,57373,220,188,32,136,52,2.29,1.77,188,3,47,89
19868,57374,169,129,40,118,11,2.47,1.64,129,8,52,66
19869,57375,288,255,33,213,42,2.44,1.21,255,6,77,136
19870,57376,487,403,84,302,101,2.30,1.36,403,46,124,178
19871,57379,50,35,15,32,3,2.31,4.00,35,0,21,11
19872,57380,1134,959,175,658,301,3.48,3.58,959,86,220,438
19873,57381,249,214,35,174,40,2.39,2.03,214,2,52,122
19874,57382,658,546,112,415,131,2.17,1.37,546,42,170,245
19875,57383,405,343,62,272,71,2.42,1.99,343,5,100,172
19876,57384,479,440,39,390,50,2.58,1.46,440,12,145,245
19877,57385,671,535,136,378,157,2.48,2.07,535,44,163,215
19878,57386,174,154,20,105,49,2.12,2.29,154,0,40,65
19879,57401,14947,13755,1192,8471,5284,2.56,1.83,13755,1125,5283,3188
19880,57420,146,53,93,38,15,2.29,3.53,53,0,4,34
19881,57421,25,25,0,25,0,3.84,-,25,0,25,0
19882,57422,107,88,19,76,12,2.05,1.58,88,6,18,58
19883,57424,103,83,20,79,4,2.67,-,83,0,14,65
19884,57426,15,5,10,0,5,-,5.00,5,0,0,0
19885,57427,209,199,10,199,0,2.12,-,199,0,136,63
19886,57428,348,211,137,167,44,2.68,1.77,211,5,57,110
19887,57429,46,45,1,40,5,1.68,-,45,0,9,31
19888,57430,1003,819,184,646,173,2.45,1.36,819,16,279,367
19889,57432,180,153,27,151,2,2.11,-,153,0,11,140
19890,57433,202,202,0,172,30,1.93,1.80,202,0,48,124
19891,57434,278,200,78,166,34,2.71,2.82,200,4,64,102
19892,57435,144,121,23,99,22,2.08,3.64,121,0,27,72
19893,57436,260,213,47,176,37,2.38,3.05,213,4,66,110
19894,57437,841,600,241,494,106,2.37,1.20,600,25,87,407
19895,57438,555,397,158,315,82,2.34,2.26,397,42,140,175
19896,57439,48,28,20,28,0,-,-,28,0,0,28
19897,57440,198,152,46,136,16,3.71,1.75,152,0,39,97
19898,57441,307,210,97,196,14,2.32,4.29,210,1,72,124
19899,57442,1362,899,463,677,222,2.32,2.63,899,9,255,422
19900,57445,836,728,108,554,174,2.69,1.61,728,14,317,237
19901,57446,376,268,108,260,8,2.70,1.88,268,2,60,200
19902,57448,245,194,51,179,15,2.42,1.40,194,4,25,154
19903,57449,133,100,33,61,39,1.34,4.51,100,0,5,56
19904,57450,288,204,84,163,41,2.62,1.56,204,2,78,85
19905,57451,1020,837,183,670,167,2.89,2.52,837,22,345,325
19906,57452,184,105,79,91,14,2.33,2.07,105,4,22,69
19907,57454,344,272,72,238,34,3.18,1.47,272,0,82,156
19908,57455,68,50,18,36,14,3.86,1.57,50,0,8,28
19909,57456,306,221,85,169,52,2.93,4.25,221,7,56,113
19910,57457,115,46,69,39,7,1.54,3.43,46,0,0,39
19911,57460,106,99,7,83,16,3.12,3.00,99,0,31,52
19912,57461,169,138,31,114,24,2.67,1.96,138,0,37,77
19913,57465,155,152,3,146,6,2.92,1.33,152,0,44,102
19914,57466,90,64,26,52,12,2.77,1.42,64,0,5,47
19915,57467,153,122,31,111,11,3.84,2.27,122,1,58,53
19916,57468,171,152,19,126,26,2.05,3.85,152,0,42,84
19917,57469,1570,1290,280,923,367,2.65,1.63,1290,77,476,447
19918,57470,63,25,38,17,8,2.53,2.00,25,0,2,15
19919,57471,305,232,73,195,37,2.15,2.97,232,3,103,92
19920,57472,508,369,139,292,77,2.69,1.94,369,5,101,191
19921,57473,112,80,32,77,3,3.92,8.67,80,2,38,39
19922,57474,116,63,53,58,5,2.72,3.80,63,0,20,38
19923,57475,75,53,22,49,4,2.20,1.75,53,1,2,47
19924,57476,196,157,39,142,15,2.58,3.67,157,2,39,103
19925,57477,91,50,41,44,6,2.98,4.83,50,0,13,31
19926,57479,230,224,6,204,20,2.59,3.10,224,0,126,78
19927,57481,183,159,24,151,8,2.62,3.88,159,3,68,83
19928,57501,7685,7233,452,5194,2039,2.30,2.03,7233,486,3054,2140
19929,57520,151,88,63,62,26,1.44,1.92,88,0,19,43
19930,57521,87,64,23,43,21,3.40,4.57,64,0,0,43
19931,57522,254,232,22,135,97,2.49,2.58,232,28,51,84
19932,57523,607,409,198,314,95,2.49,2.47,409,15,86,228
19933,57528,486,361,125,234,127,3.03,2.43,361,6,89,145
19934,57529,167,106,61,93,13,3.32,2.46,106,0,7,86
19935,57531,53,36,17,26,10,1.46,3.60,36,3,2,24
19936,57532,1406,1249,157,1023,226,2.43,2.15,1249,38,542,481
19937,57533,919,682,237,501,181,2.57,1.94,682,24,145,356
19938,57534,119,70,49,62,8,2.45,-,70,0,21,41
19939,57536,227,157,70,123,34,2.33,3.06,157,2,30,93
19940,57537,94,37,57,32,5,3.81,-,37,0,7,25
19941,57538,157,84,73,74,10,3.03,2.10,84,4,14,60
19942,57540,50,35,15,26,9,4.96,3.67,35,0,15,11
19943,57541,50,34,16,18,16,5.33,3.31,34,0,0,18
19944,57543,390,273,117,178,95,3.05,2.48,273,23,34,144
19945,57544,203,162,41,137,25,2.82,2.40,162,0,67,70
19946,57547,84,56,28,48,8,2.50,1.75,56,0,0,48
19947,57548,396,343,53,106,237,4.75,4.42,343,92,13,93
19948,57551,925,731,194,444,287,2.75,3.54,731,37,193,251
19949,57552,352,260,92,227,33,2.75,1.61,260,3,45,182
19950,57553,58,47,11,44,3,2.93,1.67,47,9,0,44
19951,57555,1307,1068,239,574,494,3.14,3.78,1068,195,76,498
19952,57559,388,294,94,205,89,2.34,2.30,294,7,75,130
19953,57560,199,175,24,91,84,3.60,3.10,175,26,31,60
19954,57562,33,22,11,22,0,5.27,-,22,0,0,22
19955,57563,68,36,32,14,22,2.57,5.68,36,0,0,14
19956,57564,436,353,83,314,39,2.29,2.54,353,3,125,189
19957,57566,231,187,44,80,107,2.86,5.36,187,54,0,80
19958,57567,596,439,157,337,102,2.46,2.11,439,63,93,244
19959,57568,342,231,111,193,38,2.68,1.79,231,4,60,133
19960,57569,127,105,22,75,30,2.56,1.43,105,8,21,54
19961,57570,583,480,103,160,320,2.76,5.78,480,100,14,146
19962,57571,20,11,9,11,0,1.36,-,11,0,5,6
19963,57572,412,374,38,181,193,5.13,4.06,374,95,22,159
19964,57574,97,77,20,49,28,1.73,1.86,77,0,0,49
19965,57576,93,66,27,46,20,2.17,-,66,0,0,46
19966,57577,274,216,58,83,133,2.88,7.34,216,25,54,29
19967,57579,454,359,95,226,133,3.63,2.67,359,29,53,173
19968,57580,2112,1628,484,1185,443,2.32,2.96,1628,121,362,823
19969,57584,50,28,22,23,5,1.70,1.60,28,0,0,23
19970,57585,98,70,28,47,23,1.49,2.09,70,12,5,42
19971,57601,1870,1646,224,1060,586,2.10,2.11,1646,81,549,511
19972,57620,316,259,57,207,52,2.30,1.75,259,5,68,139
19973,57621,68,51,17,11,40,3.91,6.63,51,10,0,11
19974,57622,106,83,23,28,55,2.54,4.78,83,14,0,28
19975,57623,334,254,80,166,88,3.31,3.65,254,12,50,116
19976,57625,1332,1115,217,571,544,3.15,3.95,1115,89,190,381
19977,57626,413,291,122,224,67,2.45,3.30,291,2,40,184
19978,57630,22,22,0,22,0,1.50,-,22,0,9,13
19979,57631,290,189,101,179,10,2.13,-,189,0,81,98
19980,57632,364,297,67,229,68,2.95,1.31,297,32,73,156
19981,57633,220,177,43,139,38,2.50,1.76,177,3,27,112
19982,57634,42,34,8,27,7,4.15,5.71,34,0,0,27
19983,57636,45,28,17,22,6,1.91,8.83,28,0,0,22
19984,57638,1126,791,335,637,154,2.30,1.58,791,87,154,483
19985,57639,84,73,11,8,65,4.13,5.12,73,10,1,7
19986,57640,63,54,9,37,17,1.41,2.06,54,0,12,25
19987,57641,181,121,60,98,23,2.54,2.26,121,2,27,71
19988,57642,657,525,132,234,291,2.95,4.28,525,63,57,177
19989,57644,172,144,28,111,33,1.81,1.82,144,0,16,95
19990,57645,92,65,27,59,6,1.93,2.17,65,1,10,49
19991,57646,128,97,31,93,4,2.68,2.50,97,0,34,59
19992,57648,329,180,149,146,34,2.16,1.76,180,0,39,107
19993,57649,125,98,27,78,20,2.53,4.70,98,0,6,72
19994,57650,6,4,2,0,4,-,3.50,4,0,0,0
19995,57651,98,49,49,47,2,2.66,-,49,0,35,12
19996,57652,88,83,5,48,35,4.17,5.23,83,9,11,37
19997,57656,365,312,53,226,86,2.79,2.13,312,11,92,134
19998,57657,74,55,19,46,9,4.11,2.89,55,3,11,35
19999,57658,99,87,12,39,48,5.38,4.23,87,22,0,39
20000,57659,1,1,0,1,0,3.00,-,1,0,0,1
20001,57660,39,32,7,24,8,3.04,2.38,32,0,7,17
20002,57661,57,53,4,26,27,3.08,6.78,53,4,0,26
20003,57701,20044,18311,1733,10635,7676,2.48,2.10,18311,1815,6147,4488
20004,57702,16276,14615,1661,11030,3585,2.43,1.78,14615,489,6152,4878
20005,57703,6946,6421,525,5375,1046,2.58,2.47,6421,223,3249,2126
20006,57706,564,502,62,0,502,-,3.26,502,8,0,0
20007,57714,170,160,10,40,120,3.90,6.68,160,40,0,40
20008,57716,208,154,54,117,37,2.72,5.24,154,0,4,113
20009,57717,3734,3281,453,2475,806,2.65,1.90,3281,105,1449,1026
20010,57718,3215,3090,125,2729,361,2.50,2.28,3090,33,1878,851
20011,57719,4457,3974,483,2532,1442,2.93,2.29,3974,75,1736,796
20012,57720,438,297,141,191,106,2.15,2.20,297,8,57,134
20013,57722,221,81,140,68,13,1.75,1.85,81,0,5,63
20014,57724,98,91,7,58,33,2.29,1.12,91,1,7,51
20015,57725,163,131,32,98,33,2.15,1.52,131,0,53,45
20016,57730,3250,2433,817,1889,544,2.42,1.97,2433,40,1054,835
20017,57732,1417,1064,353,669,395,1.84,1.52,1064,23,158,511
20018,57735,823,589,234,431,158,2.74,1.96,589,17,177,254
20019,57737,38,0,38,0,0,-,-,0,0,0,0
20020,57738,199,157,42,150,7,1.42,1.86,157,0,84,66
20021,57741,68,68,0,53,15,1.60,-,68,0,0,53
20022,57744,913,731,182,700,31,2.95,2.32,731,0,420,280
20023,57745,998,713,285,587,126,2.72,1.75,713,6,296,291
20024,57747,3433,2687,746,2078,609,2.13,1.48,2687,116,1042,1036
20025,57748,123,83,40,66,17,3.09,4.41,83,9,26,40
20026,57750,100,49,51,25,24,1.84,2.83,49,19,6,19
20027,57751,474,357,117,291,66,2.66,2.50,357,11,173,118
20028,57752,608,424,184,166,258,5.73,5.16,424,80,22,144
20029,57754,3158,1772,1386,1197,575,1.93,2.08,1772,164,519,678
20030,57755,70,57,13,41,16,2.27,2.88,57,2,16,25
20031,57756,200,131,69,0,131,-,4.31,131,59,0,0
20032,57758,60,48,12,33,15,1.33,5.40,48,0,18,15
20033,57759,157,56,101,56,0,1.63,-,56,0,37,19
20034,57760,613,365,248,307,58,2.84,2.10,365,15,165,142
20035,57761,464,377,87,312,65,4.18,3.75,377,8,214,98
20036,57762,234,205,29,184,21,2.32,2.52,205,11,51,133
20037,57763,146,129,17,109,20,2.74,3.40,129,4,44,65
20038,57764,535,469,66,266,203,3.97,4.19,469,151,22,244
20039,57766,121,61,60,61,0,2.77,-,61,0,30,31
20040,57767,110,98,12,85,13,1.62,2.85,98,0,23,62
20041,57769,1601,1520,81,1371,149,2.54,3.05,1520,0,770,601
20042,57770,1369,1017,352,523,494,6.27,5.26,1017,193,103,420
20043,57772,460,321,139,218,103,3.81,7.74,321,93,44,174
20044,57773,110,100,10,88,12,2.67,1.58,100,0,22,66
20045,57775,181,93,88,76,17,3.16,2.71,93,0,18,58
20046,57776,0,0,0,0,0,-,-,0,0,0,0
20047,57779,178,137,41,137,0,1.96,-,137,0,61,76
20048,57780,50,37,13,17,20,1.59,-,37,0,13,4
20049,57782,13,13,0,11,2,2.55,2.00,13,0,1,10
20050,57783,7948,7096,852,4270,2826,2.53,1.89,7096,326,2329,1941
20051,57785,4670,4067,603,2936,1131,2.55,2.12,4067,211,1616,1320
20052,57787,258,206,52,155,51,3.05,3.67,206,0,28,127
20053,57788,180,174,6,144,30,3.70,2.07,174,4,65,79
20054,57790,525,373,152,284,89,2.92,2.93,373,24,131,153
20055,57791,107,85,22,65,20,2.66,1.55,85,0,16,49
20056,57792,68,51,17,51,0,3.37,-,51,0,14,37
20057,57793,783,721,62,587,134,2.79,2.34,721,31,231,356
20058,57794,80,54,26,24,30,15.63,8.50,54,18,0,24
20059,57799,0,0,0,0,0,-,-,0,0,0,0
20060,58001,122,113,9,100,13,2.41,1.46,113,2,47,53
20061,58002,6,0,6,0,0,-,-,0,0,0,0
20062,58004,155,147,8,123,24,2.26,1.25,147,6,45,78
20063,58005,358,330,28,330,0,2.81,-,330,1,240,90
20064,58006,199,187,12,160,27,2.73,1.41,187,5,93,67
20065,58007,47,37,10,31,6,2.26,1.83,37,0,14,17
20066,58008,109,99,10,87,12,2.08,1.33,99,0,36,51
20067,58009,9,9,0,9,0,2.22,-,9,0,0,9
20068,58011,187,181,6,161,20,2.66,1.45,181,3,82,79
20069,58012,1209,1162,47,742,420,2.84,1.54,1162,28,470,272
20070,58013,79,68,11,66,2,1.77,3.00,68,0,17,49
20071,58015,105,90,15,80,10,2.45,3.50,90,1,43,37
20072,58016,122,122,0,94,28,1.98,1.89,122,0,73,21
20073,58017,185,138,47,88,50,2.39,1.48,138,2,15,73
20074,58018,166,146,20,130,16,3.22,6.63,146,1,48,82
20075,58021,183,178,5,167,11,2.98,1.55,178,0,115,52
20076,58027,705,636,69,484,152,2.28,1.49,636,25,200,284
20077,58029,48,17,31,13,4,3.38,2.25,17,0,11,2
20078,58030,315,263,52,245,18,2.58,1.78,263,0,112,133
20079,58031,174,144,30,136,8,3.03,1.63,144,6,74,62
20080,58032,353,313,40,231,82,2.25,1.52,313,15,101,130
20081,58033,206,183,23,167,16,3.10,2.50,183,4,78,89
20082,58035,154,96,58,91,5,2.30,3.40,96,0,8,83
20083,58036,118,93,25,88,5,3.08,5.20,93,0,35,53
20084,58038,121,107,14,91,16,2.24,2.00,107,1,43,48
20085,58040,543,517,26,328,189,2.21,2.01,517,14,133,195
20086,58041,749,622,127,544,78,2.47,3.49,622,8,258,286
20087,58042,548,497,51,461,36,2.67,2.33,497,8,274,187
20088,58043,94,69,25,66,3,2.53,1.67,69,2,31,35
20089,58045,1038,910,128,666,244,2.40,1.72,910,39,277,389
20090,58046,265,233,32,190,43,3.03,1.72,233,0,77,113
20091,58047,1654,1618,36,1576,42,2.72,1.64,1618,5,859,717
20092,58048,184,173,11,151,22,2.68,1.91,173,4,77,74
20093,58049,169,138,31,129,9,2.09,1.33,138,1,44,85
20094,58051,644,600,44,502,98,3.04,2.07,600,2,322,180
20095,58052,243,242,1,212,30,2.38,1.73,242,7,109,103
20096,58053,663,538,125,425,113,2.46,1.35,538,41,122,303
20097,58054,1387,1270,117,903,367,2.39,2.37,1270,73,473,430
20098,58056,147,65,82,38,27,2.50,-,65,0,6,32
20099,58057,88,88,0,80,8,2.75,-,88,0,50,30
20100,58058,69,45,24,45,0,2.44,-,45,0,22,23
20101,58059,528,502,26,447,55,3.05,2.31,502,6,355,92
20102,58060,554,505,49,386,119,2.40,1.94,505,16,148,238
20103,58061,134,128,6,99,29,2.15,1.86,128,0,49,50
20104,58062,88,72,16,72,0,2.33,-,72,0,29,43
20105,58063,156,148,8,141,7,2.72,5.14,148,0,40,101
20106,58064,252,203,49,154,49,2.56,2.59,203,1,49,105
20107,58065,9,7,2,7,0,1.29,-,7,0,0,7
20108,58067,124,106,18,89,17,2.40,3.29,106,0,41,48
20109,58068,170,141,29,106,35,2.55,2.63,141,0,25,81
20110,58069,75,67,8,48,19,1.98,1.95,67,0,18,30
20111,58071,227,188,39,132,56,2.11,2.13,188,5,54,78
20112,58072,3936,3521,415,2487,1034,2.32,1.55,3521,189,1240,1247
20113,58074,21,21,0,21,0,1.95,-,21,0,0,21
20114,58075,4213,3818,395,2224,1594,2.40,1.88,3818,402,1168,1056
20115,58076,0,0,0,0,0,-,-,0,0,0,0
20116,58077,310,291,19,256,35,2.59,2.60,291,2,150,106
20117,58078,15541,14978,563,10083,4895,2.82,2.02,14978,549,7457,2626
20118,58079,133,133,0,133,0,2.96,-,133,0,55,78
20119,58081,409,377,32,334,43,2.42,1.40,377,2,189,145
20120,58102,16454,13823,2631,6427,7396,2.49,1.87,13823,1147,4035,2392
20121,58103,25183,23452,1731,9668,13784,2.33,1.92,23452,2034,5791,3877
20122,58104,20335,19233,1102,9550,9683,2.62,1.94,19233,789,6977,2573
20123,58105,14,14,0,11,3,7.18,-,14,0,11,0
20124,58201,19778,18957,821,9172,9785,2.60,1.89,18957,1122,5966,3206
20125,58202,273,193,80,7,186,-,2.53,193,7,0,7
20126,58203,8504,7468,1036,2949,4519,2.21,1.90,7468,560,1714,1235
20127,58204,591,587,4,0,587,-,3.34,587,1,0,0
20128,58205,0,0,0,0,0,-,-,0,0,0,0
20129,58210,159,128,31,114,14,2.13,2.21,128,0,29,85
20130,58212,280,180,100,127,53,2.38,1.43,180,5,48,79
20131,58214,241,160,81,144,16,2.38,2.19,160,0,98,46
20132,58216,72,65,7,40,25,2.15,3.92,65,6,11,29
20133,58218,333,324,9,287,37,2.58,1.70,324,11,110,177
20134,58219,36,36,0,36,0,1.78,-,36,0,14,22
20135,58220,1172,972,200,627,345,2.45,1.52,972,28,220,407
20136,58222,119,102,17,93,9,2.61,1.33,102,2,34,59
20137,58223,77,59,18,47,12,1.79,1.33,59,0,12,35
20138,58224,14,7,7,7,0,1.57,-,7,0,0,7
20139,58225,525,429,96,332,97,2.44,1.57,429,7,130,202
20140,58227,310,228,82,198,30,2.37,3.23,228,11,68,130
20141,58228,463,341,122,223,118,2.32,1.86,341,4,130,93
20142,58229,78,39,39,39,0,1.72,-,39,4,13,26
20143,58230,383,287,96,202,85,2.27,2.51,287,8,59,143
20144,58231,178,159,19,144,15,2.15,2.53,159,8,40,104
20145,58233,185,136,49,117,19,2.05,1.47,136,1,45,72
20146,58235,249,206,43,174,32,2.75,2.22,206,0,74,100
20147,58236,39,39,0,37,2,1.14,2.00,39,0,0,37
20148,58237,2335,2204,131,1570,634,2.34,1.78,2204,176,580,990
20149,58238,52,33,19,32,1,2.66,3.00,33,0,10,22
20150,58239,30,12,18,9,3,1.33,-,12,0,3,6
20151,58240,675,498,177,430,68,2.50,1.82,498,9,226,204
20152,58241,105,73,32,54,19,3.11,3.42,73,0,4,50
20153,58243,278,231,47,208,23,2.24,4.13,231,2,104,104
20154,58244,47,16,31,15,1,2.53,2.00,16,0,7,8
20155,58249,1300,1003,297,804,199,2.40,2.02,1003,62,334,470
20156,58250,147,100,47,74,26,2.32,1.15,100,5,9,65
20157,58251,887,820,67,589,231,2.56,1.86,820,9,337,252
20158,58254,305,221,84,191,30,2.39,1.27,221,8,46,145
20159,58255,0,0,0,0,0,-,-,0,0,0,0
20160,58256,309,298,11,268,30,2.66,2.27,298,2,146,122
20161,58257,917,791,126,454,337,2.74,1.98,791,60,295,159
20162,58258,141,128,13,125,3,1.89,4.00,128,2,29,96
20163,58259,302,242,60,183,59,1.92,2.15,242,4,50,133
20164,58260,105,73,32,64,9,3.23,1.33,73,0,4,60
20165,58261,637,508,129,445,63,2.45,3.00,508,5,157,288
20166,58262,33,24,9,14,10,2.86,-,24,2,4,10
20167,58265,224,176,48,171,5,2.92,2.00,176,1,47,124
20168,58266,107,55,52,29,26,1.86,2.92,55,0,7,22
20169,58267,608,511,97,410,101,2.69,1.94,511,2,201,209
20170,58269,138,109,29,91,18,1.62,1.22,109,1,1,90
20171,58270,943,794,149,604,190,2.63,1.72,794,17,228,376
20172,58271,295,238,57,180,58,2.42,2.67,238,4,70,110
20173,58272,159,104,55,97,7,2.08,-,104,7,40,57
20174,58273,110,82,28,75,7,2.16,-,82,0,18,57
20175,58274,443,429,14,335,94,2.46,1.85,429,10,171,164
20176,58275,365,313,52,284,29,2.48,1.55,313,0,157,127
20177,58276,278,210,68,190,20,1.98,4.15,210,3,85,105
20178,58277,127,75,52,69,6,2.28,1.83,75,0,36,33
20179,58278,798,787,11,730,57,2.68,1.75,787,6,467,263
20180,58281,36,34,2,34,0,2.24,-,34,0,0,34
20181,58282,671,590,81,400,190,2.38,1.35,590,8,111,289
20182,58301,5011,4267,744,2364,1903,2.78,1.69,4267,341,1067,1297
20183,58310,0,0,0,0,0,-,-,0,0,0,0
20184,58311,59,29,30,23,6,2.35,2.67,29,0,8,15
20185,58313,52,34,18,31,3,1.77,5.00,34,0,6,25
20186,58316,2147,1706,441,1141,565,3.28,3.95,1706,71,115,1026
20187,58317,152,81,71,77,4,2.49,-,81,3,29,48
20188,58318,2546,1572,974,1209,363,2.53,2.08,1572,62,576,633
20189,58321,98,36,62,34,2,2.82,-,36,0,17,17
20190,58323,26,21,5,21,0,4.10,-,21,0,4,17
20191,58324,772,625,147,435,190,2.27,2.32,625,45,113,322
20192,58325,31,21,10,20,1,3.70,-,21,0,2,18
20193,58327,120,108,12,101,7,2.70,2.57,108,0,60,41
20194,58329,1050,801,249,574,227,3.71,2.92,801,158,82,492
20195,58330,306,256,50,169,87,2.11,1.31,256,38,15,154
20196,58331,120,84,36,77,7,1.78,-,84,3,24,53
20197,58332,186,122,64,92,30,2.10,1.60,122,17,18,74
20198,58335,290,247,43,94,153,7.23,4.62,247,53,0,94
20199,58338,77,47,30,45,2,2.36,1.00,47,1,2,43
20200,58339,27,5,22,1,4,2.00,4.00,5,0,0,1
20201,58341,1452,1122,330,768,354,2.43,1.65,1122,83,249,519
20202,58343,20,17,3,16,1,1.75,4.00,17,0,0,16
20203,58344,473,378,95,261,117,2.74,1.92,378,5,134,127
20204,58345,116,69,47,64,5,2.73,2.00,69,0,11,53
20205,58346,298,215,83,168,47,2.57,1.26,215,9,64,104
20206,58348,439,334,105,255,79,2.38,1.96,334,21,86,169
20207,58351,237,144,93,120,24,1.93,3.54,144,0,32,88
20208,58352,223,162,61,144,18,2.67,1.94,162,11,50,94
20209,58353,53,42,11,23,19,1.87,3.00,42,0,1,22
20210,58355,34,16,18,16,0,3.06,-,16,0,7,9
20211,58356,906,777,129,460,317,2.52,1.43,777,87,173,287
20212,58357,220,174,46,136,38,3.46,4.29,174,1,11,125
20213,58361,172,116,56,78,38,2.63,2.03,116,0,30,48
20214,58362,8,0,8,0,0,-,-,0,0,0,0
20215,58363,67,37,30,37,0,2.14,-,37,0,0,37
20216,58365,134,89,45,70,19,1.77,-,89,0,24,46
20217,58366,422,316,106,225,91,2.75,3.10,316,28,113,112
20218,58367,609,511,98,329,182,3.37,2.96,511,59,75,254
20219,58368,1753,1454,299,1117,337,2.46,1.60,1454,74,450,667
20220,58369,447,329,118,268,61,2.91,3.34,329,7,42,226
20221,58370,335,305,30,203,102,4.13,3.93,305,54,21,182
20222,58372,66,39,27,39,0,3.28,-,39,0,7,32
20223,58374,436,304,132,253,51,2.12,2.90,304,2,63,190
20224,58377,174,136,38,95,41,2.27,1.85,136,6,17,78
20225,58379,94,54,40,17,37,3.76,4.92,54,15,3,14
20226,58380,224,173,51,137,36,2.69,1.64,173,6,35,102
20227,58381,213,139,74,126,13,2.40,3.69,139,0,48,78
20228,58382,76,70,6,59,11,1.53,1.09,70,0,15,44
20229,58384,270,168,102,152,16,1.98,1.38,168,6,33,119
20230,58385,108,63,45,57,6,3.65,3.50,63,3,11,46
20231,58386,48,35,13,26,9,2.12,1.78,35,3,0,26
20232,58401,8746,7758,988,4631,3127,2.40,1.76,7758,451,2417,2214
20233,58402,0,0,0,0,0,-,-,0,0,0,0
20234,58405,0,0,0,0,0,-,-,0,0,0,0
20235,58413,783,563,220,411,152,1.82,1.66,563,43,80,331
20236,58415,74,68,6,65,3,2.89,-,68,0,18,47
20237,58416,330,170,160,153,17,2.38,-,170,2,46,107
20238,58418,236,194,42,158,36,1.97,1.22,194,7,46,112
20239,58420,115,92,23,89,3,3.24,-,92,2,37,52
20240,58421,1430,1255,175,948,307,2.30,1.93,1255,58,366,582
20241,58422,53,48,5,39,9,2.13,1.11,48,3,19,20
20242,58423,62,31,31,31,0,1.61,-,31,0,5,26
20243,58424,181,133,48,116,17,2.40,4.76,133,0,20,96
20244,58425,696,522,174,430,92,2.45,2.03,522,26,142,288
20245,58426,91,74,17,56,18,3.41,2.06,74,0,16,40
20246,58428,362,102,260,61,41,1.93,2.37,102,0,8,53
20247,58429,245,132,113,92,40,1.89,2.53,132,1,28,64
20248,58430,67,57,10,57,0,2.44,-,57,5,14,43
20249,58431,61,55,6,53,2,1.94,4.00,55,0,3,50
20250,58433,619,518,101,386,132,2.21,2.23,518,16,124,262
20251,58436,932,667,265,508,159,2.46,1.97,667,24,247,261
20252,58438,453,368,85,308,60,2.50,1.83,368,3,97,211
20253,58439,88,55,33,55,0,1.96,-,55,0,15,40
20254,58440,126,59,67,47,12,2.96,1.67,59,0,13,34
20255,58441,149,135,14,108,27,2.28,6.93,135,20,34,74
20256,58442,292,187,105,168,19,2.20,3.05,187,5,38,130
20257,58443,101,64,37,58,6,2.93,-,64,1,18,40
20258,58444,155,83,72,68,15,2.07,1.53,83,2,21,47
20259,58445,143,73,70,64,9,3.92,2.11,73,0,39,25
20260,58448,203,148,55,110,38,2.22,1.34,148,4,22,88
20261,58451,89,41,48,38,3,2.53,1.67,41,0,3,35
20262,58452,13,13,0,8,5,5.88,-,13,0,0,8
20263,58454,216,166,50,156,10,2.32,1.90,166,8,24,132
20264,58455,134,114,20,100,14,3.34,5.64,114,1,37,63
20265,58456,354,260,94,223,37,2.67,2.68,260,6,92,131
20266,58458,515,421,94,337,84,2.49,2.71,421,6,139,198
20267,58460,158,69,89,62,7,2.45,1.43,69,1,11,51
20268,58461,256,184,72,165,19,2.47,1.68,184,19,81,84
20269,58463,364,291,73,223,68,2.12,1.53,291,16,50,173
20270,58464,143,101,42,97,4,2.42,1.50,101,4,28,69
20271,58466,265,211,54,192,19,2.29,2.11,211,6,18,174
20272,58467,333,237,96,185,52,2.79,5.27,237,8,41,144
20273,58472,181,150,31,140,10,2.72,2.40,150,3,50,90
20274,58474,1186,1068,118,864,204,2.61,1.79,1068,9,414,450
20275,58475,117,84,33,79,5,1.67,2.20,84,1,22,57
20276,58476,221,200,21,190,10,1.81,3.80,200,0,136,54
20277,58477,92,61,31,47,14,3.13,-,61,0,27,20
20278,58478,132,68,64,63,5,1.83,-,68,0,13,50
20279,58479,143,69,74,62,7,2.23,1.29,69,1,5,57
20280,58480,105,100,5,84,16,2.19,1.25,100,14,15,69
20281,58481,126,124,2,107,17,2.22,1.82,124,4,65,42
20282,58482,490,442,48,324,118,2.07,2.22,442,5,94,230
20283,58483,189,132,57,107,25,2.68,2.32,132,6,25,82
20284,58484,56,38,18,30,8,2.60,3.13,38,0,4,26
20285,58486,103,75,28,66,9,2.17,1.67,75,0,26,40
20286,58487,228,185,43,155,30,3.13,2.77,185,1,18,137
20287,58488,146,83,63,68,15,1.41,1.27,83,0,18,50
20288,58490,134,105,29,102,3,2.28,4.00,105,0,29,73
20289,58492,239,199,40,173,26,2.33,1.92,199,0,57,116
20290,58494,189,140,49,109,31,2.96,2.45,140,1,37,72
20291,58495,650,502,148,366,136,2.36,1.99,502,27,101,265
20292,58496,112,99,13,49,50,1.59,1.14,99,0,22,27
20293,58497,103,81,22,57,24,1.81,2.33,81,0,21,36
20294,58501,13262,11794,1468,7003,4791,2.49,2.03,11794,812,4196,2807
20295,58503,15678,14766,912,11125,3641,2.72,1.75,14766,660,6742,4383
20296,58504,12067,11443,624,8407,3036,2.58,1.97,11443,742,4474,3933
20297,58505,0,0,0,0,0,-,-,0,0,0,0
20298,58520,159,101,58,95,6,2.38,1.67,101,0,54,41
20299,58521,332,287,45,283,4,2.37,2.00,287,0,161,122
20300,58523,1870,1337,533,1078,259,2.56,1.81,1337,41,428,650
20301,58524,100,43,57,43,0,2.28,-,43,0,16,27
20302,58528,176,152,24,57,95,3.74,5.05,152,29,15,42
20303,58529,458,308,150,256,52,2.68,1.33,308,6,79,177
20304,58530,567,427,140,352,75,2.78,3.09,427,10,133,219
20305,58531,301,180,121,180,0,1.94,-,180,2,39,141
20306,58532,172,143,29,101,42,2.18,1.62,143,2,15,86
20307,58533,658,449,209,398,51,2.04,2.00,449,7,155,243
20308,58535,288,207,81,180,27,2.11,1.59,207,2,60,120
20309,58538,745,634,111,225,409,3.55,3.94,634,92,58,167
20310,58540,1476,1186,290,939,247,2.48,2.38,1186,29,444,495
20311,58541,314,253,61,210,43,2.38,3.40,253,2,77,133
20312,58542,176,126,50,111,15,2.19,2.40,126,0,20,91
20313,58544,315,241,74,191,50,2.30,2.04,241,0,76,115
20314,58545,1947,1460,487,1221,239,2.30,2.24,1460,30,542,679
20315,58549,133,95,38,88,7,2.95,2.29,95,0,7,81
20316,58552,1046,746,300,571,175,2.14,1.57,746,32,170,401
20317,58554,12603,11361,1242,8126,3235,2.55,2.24,11361,348,4993,3133
20318,58558,350,340,10,301,39,2.92,2.77,340,0,172,129
20319,58559,359,116,243,104,12,2.05,2.58,116,5,41,63
20320,58560,110,89,21,76,13,2.83,2.54,89,0,40,36
20321,58561,551,453,98,368,85,2.24,1.88,453,5,128,240
20322,58562,213,149,64,140,9,2.37,2.00,149,0,47,93
20323,58563,1006,793,213,665,128,2.55,1.58,793,23,359,306
20324,58564,56,42,14,42,0,1.24,-,42,0,9,33
20325,58565,206,96,110,73,23,1.95,1.26,96,0,35,38
20326,58566,108,94,14,55,39,3.04,1.90,94,1,17,38
20327,58568,240,178,62,118,60,3.13,3.48,178,0,10,108
20328,58569,51,45,6,45,0,2.24,-,45,0,11,34
20329,58570,194,174,20,152,22,2.71,3.59,174,2,52,100
20330,58571,320,263,57,244,19,2.39,1.11,263,7,78,166
20331,58572,163,122,41,114,8,2.40,1.88,122,0,39,75
20332,58573,329,266,63,211,55,2.42,1.33,266,2,39,172
20333,58575,573,371,202,308,63,2.35,1.97,371,9,116,192
20334,58576,500,462,38,384,78,2.31,1.53,462,5,153,231
20335,58577,997,817,180,615,202,2.44,2.10,817,22,250,365
20336,58579,579,487,92,433,54,2.46,2.52,487,20,213,220
20337,58580,249,199,50,191,8,1.92,2.00,199,0,75,116
20338,58581,193,129,64,96,33,1.94,1.48,129,7,15,81
20339,58601,13264,11644,1620,7020,4624,2.69,2.02,11644,653,4054,2966
20340,58620,103,64,39,50,14,2.40,2.21,64,0,9,41
20341,58621,753,555,198,430,125,2.45,2.28,555,33,186,244
20342,58622,917,653,264,523,130,2.67,1.90,653,3,207,316
20343,58623,1064,764,300,585,179,2.43,2.80,764,16,243,342
20344,58625,146,110,36,109,1,2.92,8.00,110,3,25,84
20345,58626,229,179,50,121,58,3.08,4.50,179,0,29,92
20346,58627,84,63,21,50,13,3.52,1.23,63,0,3,47
20347,58630,304,235,69,169,66,2.25,3.03,235,4,74,95
20348,58631,726,468,258,385,83,2.01,2.33,468,23,110,275
20349,58632,104,81,23,71,10,2.65,1.60,81,2,17,54
20350,58634,255,162,93,127,35,2.72,1.29,162,0,56,71
20351,58636,557,336,221,272,64,2.64,4.19,336,5,116,156
20352,58638,553,399,154,320,79,2.45,2.33,399,6,119,201
20353,58639,1046,797,249,570,227,2.33,1.84,797,22,206,364
20354,58640,689,515,174,374,141,2.65,1.70,515,7,142,232
20355,58641,46,37,9,32,5,2.72,-,37,0,14,18
20356,58642,104,99,5,61,38,2.43,2.37,99,1,10,51
20357,58643,103,67,36,56,11,2.25,1.64,67,1,10,46
20358,58644,7,7,0,7,0,2.43,-,7,0,6,1
20359,58645,213,89,124,57,32,2.28,1.25,89,8,2,55
20360,58646,657,464,193,368,96,2.34,1.96,464,2,147,221
20361,58647,532,456,76,344,112,2.39,2.15,456,7,158,186
20362,58649,206,129,77,102,27,2.14,3.11,129,0,9,93
20363,58650,318,210,108,185,25,2.31,1.80,210,3,73,112
20364,58651,279,223,56,202,21,2.18,2.19,223,0,29,173
20365,58652,664,476,188,432,44,2.63,1.98,476,0,262,170
20366,58653,405,290,115,246,44,2.76,2.43,290,0,78,168
20367,58654,120,92,28,87,5,2.11,2.20,92,0,15,72
20368,58655,276,253,23,214,39,2.30,3.95,253,0,83,131
20369,58656,198,152,46,134,18,2.25,2.33,152,3,51,83
20370,58701,16230,14218,2012,8453,5765,2.52,1.99,14218,1016,5021,3432
20371,58703,10457,9229,1228,5494,3735,2.69,1.90,9229,231,3685,1809
20372,58704,1581,1290,291,4,1286,2.00,3.29,1290,80,4,0
20373,58705,0,0,0,0,0,-,-,0,0,0,0
20374,58707,0,0,0,0,0,-,-,0,0,0,0
20375,58710,320,256,64,239,17,2.33,1.94,256,3,91,148
20376,58711,98,81,17,81,0,2.38,-,81,0,9,72
20377,58712,65,40,25,35,5,2.03,1.20,40,4,5,30
20378,58713,33,32,1,32,0,5.31,-,32,0,28,4
20379,58716,134,123,11,121,2,2.37,-,123,6,39,82
20380,58718,456,424,32,379,45,2.77,3.87,424,5,206,173
20381,58721,318,214,104,169,45,2.33,1.22,214,2,58,111
20382,58722,678,654,24,511,143,2.76,2.61,654,19,365,146
20383,58723,130,78,52,59,19,2.39,3.79,78,0,6,53
20384,58725,214,162,52,153,9,2.98,2.11,162,0,94,59
20385,58727,193,83,110,76,7,1.79,-,83,2,13,63
20386,58730,709,516,193,314,202,2.46,2.31,516,33,71,243
20387,58731,168,149,19,109,40,2.66,2.55,149,2,56,53
20388,58733,189,155,34,147,8,2.52,2.00,155,6,92,55
20389,58734,147,115,32,111,4,2.28,1.50,115,2,49,62
20390,58735,288,136,152,130,6,3.67,6.83,136,6,15,115
20391,58736,293,238,55,215,23,2.10,1.43,238,11,57,158
20392,58737,146,55,91,54,1,3.33,-,55,0,24,30
20393,58740,347,262,85,211,51,2.56,3.71,262,0,137,74
20394,58741,348,291,57,252,39,2.51,2.15,291,10,103,149
20395,58744,91,67,24,65,2,1.54,3.00,67,1,15,50
20396,58746,880,638,242,462,176,2.23,1.63,638,16,136,326
20397,58748,108,58,50,52,6,2.06,4.33,58,0,14,38
20398,58750,188,148,40,109,39,2.73,2.13,148,0,44,65
20399,58752,184,147,37,97,50,2.37,2.64,147,0,25,72
20400,58755,171,98,73,98,0,2.23,-,98,0,63,35
20401,58756,129,92,37,73,19,2.03,1.37,92,2,10,63
20402,58757,681,305,376,123,182,3.35,3.59,305,26,36,87
20403,58758,128,117,11,115,2,2.30,1.50,117,0,32,83
20404,58759,294,247,47,227,20,2.75,2.45,247,4,78,149
20405,58760,157,108,49,101,7,2.55,1.14,108,1,42,59
20406,58761,412,316,96,254,62,2.62,2.79,316,19,99,155
20407,58762,90,73,17,51,22,2.98,1.14,73,0,15,36
20408,58763,2184,1372,812,744,628,2.93,2.79,1372,30,150,594
20409,58765,245,155,90,128,27,1.81,4.74,155,4,2,126
20410,58768,133,118,15,114,4,2.27,-,118,0,44,70
20411,58769,213,136,77,108,28,1.47,3.04,136,0,4,104
20412,58770,978,573,405,330,243,3.29,2.56,573,62,100,230
20413,58771,296,215,81,178,37,2.53,2.32,215,5,57,121
20414,58772,97,75,22,51,24,1.94,1.04,75,0,15,36
20415,58773,467,368,99,326,42,2.59,4.74,368,1,112,214
20416,58775,92,66,26,43,23,3.30,2.22,66,1,7,36
20417,58776,201,154,47,26,128,1.65,2.20,154,27,0,26
20418,58778,232,64,168,64,0,1.72,-,64,36,44,20
20419,58779,181,123,58,100,23,3.00,2.17,123,0,3,97
20420,58781,266,206,60,190,16,2.73,2.00,206,5,125,65
20421,58782,295,202,93,179,23,2.89,2.26,202,0,83,96
20422,58783,226,182,44,165,17,2.38,-,182,4,62,103
20423,58784,1271,985,286,647,338,2.68,2.62,985,48,310,337
20424,58785,621,584,37,534,50,2.70,1.38,584,13,289,245
20425,58787,145,61,84,54,7,2.13,-,61,11,26,28
20426,58788,581,435,146,352,83,2.04,1.45,435,30,151,201
20427,58789,195,140,55,124,16,2.20,2.44,140,5,35,89
20428,58790,677,601,76,436,165,2.78,1.87,601,29,260,176
20429,58792,117,101,16,79,22,2.33,1.27,101,0,13,66
20430,58793,295,211,84,194,17,2.58,2.65,211,10,85,109
20431,58794,179,88,91,48,40,4.25,-,88,6,21,27
20432,58795,143,74,69,48,26,1.92,2.12,74,8,5,43
20433,58801,17058,12965,4093,6540,6425,2.84,2.20,12965,694,3653,2887
20434,58830,136,88,48,82,6,3.26,-,88,0,22,60
20435,58831,600,397,203,310,87,3.08,3.16,397,0,206,104
20436,58833,114,85,29,64,21,2.64,2.71,85,0,0,64
20437,58835,445,320,125,302,18,3.23,-,320,0,192,110
20438,58838,162,137,25,106,31,2.51,1.48,137,0,26,80
20439,58843,322,251,71,232,19,3.37,3.32,251,0,122,110
20440,58844,100,40,60,33,7,2.24,-,40,7,18,15
20441,58845,382,336,46,289,47,1.98,2.13,336,4,71,218
20442,58847,135,112,23,74,38,2.81,2.08,112,0,18,56
20443,58849,674,529,145,406,123,2.10,2.11,529,5,152,254
20444,58852,1169,834,335,595,239,2.25,1.82,834,10,151,444
20445,58853,205,197,8,124,73,1.92,2.44,197,0,60,64
20446,58854,4861,3074,1787,1612,1462,2.80,2.66,3074,42,1052,560
20447,58856,90,31,59,29,2,1.69,2.50,31,0,4,25
20448,59001,808,645,163,517,128,2.04,2.23,645,8,214,303
20449,59002,97,59,38,29,30,2.38,3.10,59,0,17,12
20450,59003,619,501,118,198,303,2.30,2.15,501,88,61,137
20451,59006,592,563,29,343,220,2.39,2.48,563,7,66,277
20452,59007,86,66,20,38,28,2.45,2.79,66,0,20,18
20453,59008,165,147,18,109,38,2.16,3.84,147,1,57,52
20454,59010,113,103,10,59,44,1.78,1.77,103,0,11,48
20455,59011,1494,1165,329,915,250,2.64,2.62,1165,40,378,537
20456,59012,39,32,7,22,10,1.86,4.00,32,1,1,21
20457,59013,100,69,31,64,5,1.98,4.80,69,0,31,33
20458,59014,796,663,133,447,216,2.66,2.31,663,15,213,234
20459,59015,159,147,12,129,18,2.53,1.44,147,0,80,49
20460,59016,312,254,58,174,80,3.49,3.80,254,15,15,159
20461,59018,343,265,78,207,58,2.11,1.69,265,6,94,113
20462,59019,1849,1631,218,1362,269,2.56,1.59,1631,55,824,538
20463,59020,145,50,95,24,26,1.58,1.88,50,2,6,18
20464,59022,511,424,87,280,144,4.47,5.88,424,20,38,242
20465,59024,186,142,44,103,39,2.07,3.10,142,3,43,60
20466,59025,78,24,54,0,24,-,1.42,24,0,0,0
20467,59026,87,83,4,44,39,2.25,1.23,83,0,13,31
20468,59027,500,412,88,333,79,1.92,1.56,412,0,158,175
20469,59028,432,252,180,195,57,2.07,2.19,252,0,66,129
20470,59029,369,334,35,284,50,2.32,2.72,334,0,191,93
20471,59030,927,744,183,346,398,2.10,1.34,744,23,99,247
20472,59031,116,87,29,78,9,6.50,3.11,87,0,20,58
20473,59032,230,201,29,153,48,1.78,2.23,201,5,17,136
20474,59033,73,53,20,50,3,2.38,7.67,53,0,10,40
20475,59034,2031,1665,366,1074,591,2.92,3.41,1665,77,453,621
20476,59035,233,118,115,99,19,2.44,-,118,10,20,79
20477,59036,814,592,222,429,163,2.28,3.21,592,32,180,249
20478,59037,918,862,56,845,17,2.65,2.82,862,35,557,288
20479,59038,376,274,102,205,69,1.88,2.78,274,11,59,146
20480,59039,28,13,15,8,5,1.75,3.80,13,0,0,8
20481,59041,952,829,123,710,119,2.57,2.24,829,7,365,345
20482,59043,802,645,157,408,237,5.24,4.92,645,38,26,382
20483,59044,5018,4883,135,3642,1241,2.56,2.46,4883,217,2227,1415
20484,59046,275,209,66,173,36,2.18,3.58,209,4,57,116
20485,59047,6473,5792,681,4033,1759,2.31,1.96,5792,300,2462,1571
20486,59050,489,359,130,264,95,5.02,4.13,359,19,37,227
20487,59052,264,63,201,47,16,2.28,1.63,63,0,12,35
20488,59053,293,159,134,140,19,2.09,5.84,159,9,30,110
20489,59054,190,141,49,108,33,2.04,2.21,141,0,40,68
20490,59055,54,34,20,11,23,4.36,4.00,34,0,0,11
20491,59057,370,330,40,315,15,2.21,2.00,330,0,155,160
20492,59058,35,15,20,15,0,2.00,-,15,0,1,14
20493,59059,144,90,54,62,28,2.03,3.39,90,0,31,31
20494,59061,335,150,185,129,21,1.62,1.19,150,1,32,97
20495,59062,67,32,35,22,10,1.95,3.70,32,0,0,22
20496,59063,815,727,88,589,138,2.75,2.32,727,34,356,233
20497,59064,188,102,86,76,26,2.57,-,102,0,39,37
20498,59065,136,75,61,71,4,1.70,4.50,75,0,51,20
20499,59066,197,127,70,87,40,4.51,3.70,127,2,4,83
20500,59067,132,92,40,53,39,2.96,3.13,92,0,18,35
20501,59068,2750,1678,1072,1059,619,2.00,1.61,1678,61,490,569
20502,59069,404,282,122,267,15,2.35,2.87,282,4,130,137
20503,59070,625,399,226,312,87,2.54,3.79,399,3,156,156
20504,59071,228,45,183,33,12,2.45,4.58,45,0,23,10
20505,59072,2295,1914,381,1537,377,2.14,2.49,1914,101,735,802
20506,59074,293,193,100,173,20,2.15,2.70,193,6,55,118
20507,59075,126,88,38,74,14,3.12,2.50,88,0,15,59
20508,59076,32,18,14,2,16,1.50,2.25,18,0,0,2
20509,59077,38,21,17,11,10,2.73,2.00,21,0,0,11
20510,59078,140,74,66,51,23,1.51,2.26,74,2,5,46
20511,59079,1498,1407,91,1324,83,2.27,2.84,1407,62,837,487
20512,59081,208,45,163,43,2,2.33,-,45,0,39,4
20513,59082,33,9,24,5,4,2.60,1.75,9,0,3,2
20514,59083,13,0,13,0,0,-,-,0,0,0,0
20515,59085,82,56,26,56,0,2.68,-,56,0,0,56
20516,59086,642,456,186,357,99,2.09,1.64,456,5,153,204
20517,59087,265,177,88,131,46,2.08,2.33,177,0,42,89
20518,59088,481,454,27,297,157,2.77,1.99,454,0,129,168
20519,59089,160,135,25,81,54,3.49,3.28,135,7,14,67
20520,59101,18144,16739,1405,9706,7033,2.54,2.03,16739,1064,5991,3715
20521,59102,22234,20841,1393,13905,6936,2.40,2.00,20841,1072,7848,6057
20522,59105,13694,12962,732,9794,3168,2.60,2.46,12962,426,6496,3298
20523,59106,8048,7799,249,5951,1848,2.77,1.66,7799,592,3833,2118
20524,59201,2180,1683,497,1084,599,3.05,3.34,1683,134,220,864
20525,59211,80,50,30,44,6,5.75,-,50,6,13,31
20526,59212,163,129,34,108,21,2.50,4.48,129,1,36,72
20527,59213,293,226,67,183,43,2.91,4.51,226,47,6,177
20528,59214,44,27,17,24,3,2.00,-,27,0,10,14
20529,59215,560,460,100,370,90,2.04,1.72,460,0,108,262
20530,59217,70,70,0,70,0,2.59,-,70,0,19,51
20531,59218,484,374,110,289,85,2.63,2.05,374,11,148,141
20532,59219,116,92,24,78,14,3.22,4.21,92,0,21,57
20533,59221,1063,856,207,721,135,2.51,2.10,856,73,217,504
20534,59222,179,111,68,91,20,1.91,1.30,111,7,13,78
20535,59223,197,26,171,26,0,2.00,-,26,0,11,15
20536,59225,174,144,30,92,52,3.98,5.63,144,13,14,78
20537,59226,253,172,81,140,32,3.93,3.38,172,1,24,116
20538,59230,2223,1866,357,1413,453,2.43,2.23,1866,112,624,789
20539,59231,854,143,711,122,21,2.30,4.38,143,12,3,119
20540,59240,8,8,0,8,0,1.75,-,8,0,3,5
20541,59241,249,190,59,131,59,2.24,2.14,190,7,45,86
20542,59242,33,26,7,23,3,2.35,2.00,26,0,13,10
20543,59243,201,117,84,84,33,2.70,3.00,117,1,24,60
20544,59244,40,14,26,13,1,6.15,3.00,14,0,4,9
20545,59247,224,166,58,118,48,1.78,1.73,166,0,28,90
20546,59248,465,355,110,293,62,2.86,1.68,355,5,109,184
20547,59250,95,78,17,61,17,3.85,1.24,78,0,20,41
20548,59252,46,30,16,23,7,3.65,1.71,30,2,13,10
20549,59253,70,34,36,34,0,2.71,-,34,0,17,17
20550,59254,1126,790,336,595,195,2.24,1.99,790,38,259,336
20551,59255,1065,804,261,495,309,3.65,4.82,804,126,45,450
20552,59256,33,33,0,33,0,1.85,-,33,0,6,27
20553,59257,59,32,27,27,5,1.78,6.20,32,0,10,17
20554,59258,99,74,25,44,30,1.82,2.30,74,0,6,38
20555,59259,220,141,79,115,26,2.03,2.38,141,7,36,79
20556,59260,115,41,74,30,11,2.27,1.73,41,0,7,23
20557,59261,378,204,174,160,44,2.63,2.00,204,16,54,106
20558,59262,341,284,57,171,113,2.23,1.74,284,7,48,123
20559,59263,831,619,212,478,141,2.47,1.45,619,32,202,276
20560,59270,4169,3486,683,2308,1178,2.54,2.45,3486,297,1096,1212
20561,59273,5,5,0,4,1,3.00,2.00,5,0,2,2
20562,59274,196,152,44,118,34,2.25,3.24,152,0,23,95
20563,59275,262,181,81,158,23,2.60,2.61,181,4,22,136
20564,59276,53,9,44,9,0,2.11,-,9,0,0,9
20565,59301,5556,4702,854,3069,1633,2.52,2.09,4702,255,1496,1573
20566,59311,92,74,18,59,15,2.10,1.80,74,0,11,48
20567,59312,13,3,10,3,0,2.00,-,3,0,2,1
20568,59313,1212,956,256,655,301,2.84,1.46,956,86,292,363
20569,59314,55,36,19,22,14,2.77,3.43,36,1,4,18
20570,59315,50,32,18,27,5,2.37,1.40,32,1,9,18
20571,59316,13,13,0,13,0,1.23,-,13,0,5,8
20572,59317,599,446,153,339,107,2.47,1.91,446,15,144,195
20573,59318,47,41,6,41,0,3.29,-,41,0,5,36
20574,59319,29,10,19,8,2,1.63,1.50,10,0,0,8
20575,59322,45,29,16,12,17,2.42,3.59,29,0,0,12
20576,59323,1076,913,163,747,166,2.29,2.31,913,6,330,417
20577,59324,506,379,127,268,111,2.03,2.19,379,15,76,192
20578,59326,139,88,51,35,53,2.51,5.64,88,0,10,25
20579,59327,1268,921,347,606,315,2.76,1.89,921,53,263,343
20580,59330,4037,3674,363,2545,1129,2.42,1.76,3674,194,1019,1526
20581,59332,100,80,20,37,43,2.27,1.91,80,0,7,30
20582,59333,15,7,8,7,0,4.43,-,7,0,2,5
20583,59336,120,92,28,83,9,2.95,3.67,92,1,26,57
20584,59337,446,284,162,198,86,2.24,2.31,284,1,62,136
20585,59338,111,88,23,85,3,2.14,2.67,88,0,32,53
20586,59339,76,52,24,48,4,1.73,3.75,52,3,12,36
20587,59343,26,22,4,17,5,1.94,2.00,22,0,3,14
20588,59344,244,213,31,184,29,2.99,2.59,213,10,105,79
20589,59345,40,33,7,20,13,2.25,4.77,33,0,5,15
20590,59347,217,149,68,116,33,2.10,4.82,149,0,46,70
20591,59349,509,391,118,323,68,1.93,2.71,391,25,88,235
20592,59351,106,93,13,76,17,2.62,1.71,93,0,5,71
20593,59353,575,434,141,347,87,2.05,3.64,434,0,88,259
20594,59354,7,7,0,7,0,2.14,-,7,0,0,7
20595,59401,6978,6105,873,3352,2753,2.30,1.87,6105,579,2276,1076
20596,59404,11806,10913,893,9227,1686,2.66,2.42,10913,364,5629,3598
20597,59405,14921,13631,1290,7639,5992,2.34,2.35,13631,1101,4230,3409
20598,59410,614,284,330,207,77,2.00,1.96,284,0,60,147
20599,59411,489,164,325,126,38,3.89,7.03,164,0,34,92
20600,59412,815,606,209,491,115,2.48,2.17,606,10,215,276
20601,59414,469,342,127,218,124,1.82,2.87,342,6,130,88
20602,59416,244,174,70,113,61,2.39,2.11,174,0,29,84
20603,59417,2507,2096,411,1193,903,3.42,3.82,2096,162,155,1038
20604,59418,53,32,21,16,16,1.19,3.94,32,0,5,11
20605,59419,67,44,23,30,14,1.87,1.29,44,0,12,18
20606,59420,98,79,19,65,14,2.48,5.57,79,3,9,56
20607,59421,1550,885,665,731,154,2.13,2.24,885,25,268,463
20608,59422,1280,1035,245,740,295,2.26,2.92,1035,61,395,345
20609,59424,17,17,0,8,9,2.00,1.11,17,0,0,8
20610,59425,1763,1388,375,926,462,2.87,2.14,1388,75,484,442
20611,59427,2008,1585,423,1182,403,2.95,2.50,1585,50,619,563
20612,59430,298,230,68,177,53,2.20,2.62,230,4,64,113
20613,59432,92,65,27,49,16,2.94,2.50,65,2,15,34
20614,59433,278,203,75,138,65,2.30,2.38,203,0,63,75
20615,59434,357,170,187,131,39,2.47,2.31,170,2,31,100
20616,59435,22,22,0,22,0,1.41,-,22,0,0,22
20617,59436,914,828,86,660,168,2.55,2.36,828,54,321,339
20618,59440,131,115,16,64,51,2.72,1.16,115,0,47,17
20619,59441,72,31,41,18,13,3.39,3.38,31,0,0,18
20620,59442,899,681,218,521,160,2.52,2.34,681,17,221,300
20621,59443,282,211,71,180,31,2.41,3.03,211,0,83,97
20622,59444,149,125,24,57,68,2.51,2.87,125,42,19,38
20623,59446,290,209,81,173,36,2.61,3.89,209,0,39,134
20624,59447,151,113,38,93,20,2.47,4.15,113,0,28,65
20625,59448,180,140,40,70,70,3.76,4.79,140,19,3,67
20626,59450,297,220,77,161,59,2.91,2.64,220,5,76,85
20627,59451,104,79,25,53,26,2.68,2.46,79,0,29,24
20628,59452,363,211,152,165,46,2.18,3.52,211,0,40,125
20629,59453,185,137,48,119,18,1.91,1.50,137,0,67,52
20630,59454,88,64,24,54,10,2.09,1.40,64,0,17,37
20631,59456,50,43,7,33,10,1.52,-,43,10,15,18
20632,59457,4636,4146,490,2691,1455,2.24,1.91,4146,408,1309,1382
20633,59460,159,111,48,107,4,1.29,2.00,111,0,4,103
20634,59461,5,5,0,5,0,2.00,-,5,0,1,4
20635,59462,121,93,28,86,7,2.28,1.57,93,2,19,67
20636,59463,295,65,230,59,6,1.73,-,65,0,0,59
20637,59464,243,206,37,152,54,2.55,2.52,206,47,52,100
20638,59465,151,24,127,24,0,1.83,-,24,0,6,18
20639,59466,59,49,10,23,26,1.96,2.23,49,0,2,21
20640,59467,43,29,14,23,6,2.43,2.33,29,0,6,17
20641,59468,285,263,22,217,46,2.41,2.15,263,5,118,99
20642,59469,72,37,35,34,3,3.06,3.00,37,0,10,24
20643,59471,170,131,39,92,39,1.89,3.49,131,0,36,56
20644,59472,355,297,58,211,86,2.09,4.49,297,69,97,114
20645,59474,1669,1306,363,774,532,2.27,2.10,1306,129,410,364
20646,59477,141,121,20,92,29,2.26,3.52,121,6,35,57
20647,59479,454,345,109,232,113,2.41,1.52,345,22,59,173
20648,59480,179,134,45,119,15,2.35,2.67,134,0,61,58
20649,59482,296,219,77,129,90,2.96,6.38,219,41,65,64
20650,59483,194,146,48,128,18,2.52,1.22,146,0,55,73
20651,59484,78,51,27,41,10,2.32,-,51,0,4,37
20652,59485,300,260,40,259,1,2.64,4.00,260,2,126,133
20653,59486,568,488,80,371,117,1.90,3.80,488,32,129,242
20654,59487,656,536,120,417,119,2.53,2.52,536,11,212,205
20655,59489,240,196,44,166,30,1.52,1.87,196,6,56,110
20656,59501,5702,4972,730,3411,1561,2.49,2.09,4972,202,2090,1321
20657,59520,546,433,113,276,157,2.70,2.20,433,38,69,207
20658,59521,1225,1096,129,495,601,4.10,3.24,1096,163,49,446
20659,59522,601,479,122,224,255,2.75,2.54,479,89,92,132
20660,59523,1148,941,207,667,274,2.24,2.04,941,28,278,389
20661,59524,316,252,64,180,72,3.18,4.40,252,12,17,163
20662,59525,138,100,38,61,39,3.51,1.18,100,8,26,35
20663,59526,979,753,226,411,342,3.92,3.05,753,129,101,310
20664,59527,323,271,52,162,109,5.20,4.22,271,38,21,141
20665,59528,122,110,12,76,34,2.25,1.71,110,5,7,69
20666,59529,82,49,33,27,22,2.81,2.36,49,0,5,22
20667,59530,58,52,6,52,0,2.98,-,52,5,10,42
20668,59531,203,149,54,125,24,3.13,2.08,149,0,72,53
20669,59532,79,67,12,67,0,1.78,-,67,11,21,46
20670,59535,23,10,13,6,4,5.33,1.50,10,0,4,2
20671,59537,20,14,6,14,0,2.21,-,14,0,3,11
20672,59538,1413,1174,239,910,264,2.55,2.10,1174,30,468,442
20673,59540,271,188,83,94,94,2.54,2.99,188,0,36,58
20674,59542,134,111,23,72,39,2.44,2.23,111,1,25,47
20675,59544,118,79,39,41,38,2.24,2.29,79,0,11,30
20676,59545,42,33,9,33,0,1.70,-,33,0,0,33
20677,59546,120,95,25,90,5,1.26,4.60,95,0,0,90
20678,59547,33,28,5,19,9,3.58,1.33,28,0,13,6
20679,59601,15598,14555,1043,8442,6113,2.30,1.79,14555,1264,5071,3371
20680,59602,11896,11079,817,9359,1720,2.60,2.30,11079,267,6252,3107
20681,59623,0,0,0,0,0,-,-,0,0,0,0
20682,59625,0,0,0,0,0,-,-,0,0,0,0
20683,59631,182,152,30,132,20,2.34,3.40,152,1,98,34
20684,59632,967,786,181,564,222,2.42,2.61,786,26,252,312
20685,59633,193,140,53,140,0,1.82,-,140,0,77,63
20686,59634,2044,1856,188,1703,153,2.90,2.25,1856,44,1103,600
20687,59635,3206,3157,49,2670,487,2.44,2.41,3157,43,1942,728
20688,59636,0,0,0,0,0,-,-,0,0,0,0
20689,59638,265,221,44,196,25,2.48,1.80,221,17,123,73
20690,59639,1103,634,469,540,94,1.96,2.12,634,10,259,281
20691,59640,80,58,22,41,17,1.80,1.53,58,4,11,30
20692,59642,48,34,14,27,7,-,-,34,0,0,27
20693,59643,399,299,100,299,0,1.89,-,299,7,96,203
20694,59644,2093,1916,177,1536,380,2.52,2.04,1916,37,788,748
20695,59645,1012,627,385,579,48,2.37,2.92,627,0,280,299
20696,59647,195,165,30,149,16,1.66,8.81,165,0,45,104
20697,59648,625,182,443,125,57,2.00,1.96,182,8,35,90
20698,59701,16696,14565,2131,10071,4494,2.36,1.91,14565,1096,5505,4566
20699,59710,228,126,102,91,35,2.68,1.69,126,0,32,59
20700,59711,6088,4295,1793,2941,1354,2.24,1.62,4295,264,1480,1461
20701,59713,98,63,35,50,13,3.06,2.46,63,0,33,17
20702,59714,9356,8928,428,6335,2593,2.59,2.41,8928,65,4596,1739
20703,59715,16260,14900,1360,8394,6506,2.43,2.11,14900,489,4678,3716
20704,59716,3233,1009,2224,678,331,2.32,2.01,1009,0,502,176
20705,59718,18048,16949,1099,10001,6948,2.57,2.23,16949,455,6865,3136
20706,59720,413,148,265,132,16,1.48,7.19,148,0,29,103
20707,59721,236,173,63,133,40,2.59,2.03,173,2,54,79
20708,59722,2068,1828,240,1217,611,2.44,1.81,1828,100,556,661
20709,59724,110,51,59,23,28,1.78,1.75,51,0,14,9
20710,59725,3661,3306,355,2161,1145,2.25,2.10,3306,67,1003,1158
20711,59727,206,115,91,94,21,3.33,1.48,115,0,18,76
20712,59728,201,136,65,111,25,2.27,3.72,136,0,47,64
20713,59729,1576,1031,545,835,196,2.13,2.17,1031,24,437,398
20714,59730,1135,768,367,606,162,2.82,1.77,768,9,272,334
20715,59731,80,51,29,46,5,2.63,4.40,51,0,29,17
20716,59732,89,74,15,34,40,3.50,3.93,74,0,15,19
20717,59733,128,58,70,19,39,4.58,2.26,58,0,11,8
20718,59735,141,95,46,78,17,3.00,1.71,95,0,35,43
20719,59736,133,74,59,50,24,2.42,1.54,74,1,15,35
20720,59739,335,146,189,128,18,1.98,3.11,146,0,59,69
20721,59740,320,209,111,180,29,1.58,4.48,209,26,23,157
20722,59741,2053,1980,73,1485,495,2.79,2.34,1980,57,829,656
20723,59743,153,84,69,64,20,2.13,1.95,84,0,32,32
20724,59745,71,43,28,34,9,3.03,4.00,43,0,10,24
20725,59746,134,62,72,54,8,2.09,3.63,62,1,16,38
20726,59747,115,65,50,56,9,2.23,4.33,65,0,25,31
20727,59748,126,110,16,101,9,2.96,-,110,0,82,19
20728,59749,901,762,139,669,93,2.79,1.81,762,13,318,351
20729,59750,112,108,4,104,4,3.59,-,108,0,68,36
20730,59751,99,68,31,54,14,4.65,3.43,68,6,36,18
20731,59752,1790,1544,246,1217,327,2.47,2.78,1544,14,614,603
20732,59754,557,419,138,251,168,2.97,1.96,419,0,108,143
20733,59755,185,55,130,48,7,2.27,1.43,55,0,21,27
20734,59756,16,16,0,0,16,-,1.44,16,0,0,0
20735,59758,1635,679,956,483,196,2.56,1.65,679,37,222,261
20736,59759,1849,1631,218,1335,296,2.26,2.17,1631,82,644,691
20737,59760,130,116,14,89,27,1.93,2.63,116,0,26,63
20738,59761,247,157,90,115,42,2.27,2.00,157,0,52,63
20739,59762,251,125,126,110,15,1.98,2.33,125,0,27,83
20740,59801,15471,14518,953,5498,9020,2.20,2.04,14518,1291,3706,1792
20741,59802,9791,8808,983,4240,4568,2.52,1.90,8808,706,2575,1665
20742,59803,6670,6307,363,4672,1635,2.63,2.84,6307,97,3155,1517
20743,59804,3314,3128,186,1988,1140,2.59,2.11,3128,85,1138,850
20744,59808,9338,8865,473,5685,3180,2.72,1.88,8865,508,3621,2064
20745,59812,0,0,0,0,0,-,-,0,0,0,0
20746,59820,1029,804,225,697,107,2.28,3.17,804,32,407,290
20747,59821,1139,963,176,679,284,2.67,3.00,963,30,315,364
20748,59823,871,736,135,631,105,2.37,2.73,736,0,385,246
20749,59824,688,576,112,415,161,2.59,1.82,576,17,189,226
20750,59825,1182,870,312,780,90,2.74,2.17,870,7,473,307
20751,59826,615,282,333,269,13,1.97,1.23,282,0,92,177
20752,59827,182,145,37,126,19,1.71,2.11,145,0,66,60
20753,59828,2476,2293,183,1775,518,2.60,2.08,2293,73,1113,662
20754,59829,1456,1100,356,799,301,2.03,2.31,1100,41,327,472
20755,59830,87,76,11,57,19,1.81,2.68,76,16,33,24
20756,59831,248,212,36,147,65,2.88,2.62,212,7,44,103
20757,59832,457,319,138,238,81,2.88,2.23,319,7,105,133
20758,59833,2342,2211,131,1957,254,2.56,1.81,2211,53,1126,831
20759,59834,927,837,90,713,124,2.69,2.31,837,0,467,246
20760,59837,198,143,55,98,45,2.12,2.58,143,0,29,69
20761,59840,7245,6665,580,4771,1894,2.21,1.88,6665,406,2521,2250
20762,59841,202,192,10,126,66,5.37,3.59,192,0,11,115
20763,59842,59,49,10,45,4,2.18,-,49,0,34,11
20764,59843,201,110,91,46,64,3.37,1.75,110,2,16,30
20765,59844,341,253,88,200,53,2.08,4.09,253,0,95,105
20766,59845,788,607,181,407,200,2.18,2.08,607,50,121,286
20767,59846,738,599,139,583,16,1.91,-,599,71,324,259
20768,59847,2734,2626,108,2000,626,2.32,2.62,2626,18,1180,820
20769,59848,48,45,3,36,9,2.31,1.67,45,1,6,30
20770,59851,60,60,0,28,32,-,3.19,60,0,20,8
20771,59853,478,385,93,311,74,2.11,2.16,385,30,94,217
20772,59854,189,94,95,63,31,2.29,2.23,94,1,17,46
20773,59855,237,205,32,137,68,2.12,2.79,205,15,21,116
20774,59856,77,64,13,57,7,3.02,3.43,64,0,22,35
20775,59858,1038,647,391,517,130,2.54,2.28,647,35,159,358
20776,59859,2118,1749,369,1288,461,2.23,2.06,1749,149,588,700
20777,59860,6695,4539,2156,3183,1356,2.50,2.51,4539,115,1941,1242
20778,59863,106,98,8,98,0,1.95,-,98,0,9,89
20779,59864,2813,2460,353,1627,833,2.58,3.12,2460,110,763,864
20780,59865,1404,1291,113,939,352,3.12,2.61,1291,127,495,444
20781,59866,710,466,244,378,88,1.99,2.47,466,0,256,122
20782,59867,30,21,9,12,9,1.50,2.00,21,0,0,12
20783,59868,1766,974,792,909,65,2.05,1.75,974,0,380,529
20784,59870,5122,4695,427,3767,928,2.51,2.04,4695,87,2585,1182
20785,59871,412,169,243,117,52,1.97,2.27,169,0,53,64
20786,59872,1153,938,215,762,176,2.23,2.60,938,34,324,438
20787,59873,1695,1284,411,996,288,2.17,2.09,1284,34,411,585
20788,59874,979,823,156,695,128,2.41,1.75,823,13,236,459
20789,59875,1830,1632,198,1384,248,2.28,3.13,1632,0,848,536
20790,59901,23653,22127,1526,16227,5900,2.73,2.27,22127,874,10309,5918
20791,59910,460,272,188,194,78,3.19,1.81,272,0,150,44
20792,59911,5754,3676,2078,3073,603,2.33,2.20,3676,47,1402,1671
20793,59912,6703,5843,860,4507,1336,2.67,2.64,5843,110,2845,1662
20794,59913,400,280,120,236,44,1.65,2.43,280,0,104,132
20795,59914,272,153,119,109,44,1.88,3.11,153,9,39,70
20796,59915,168,123,45,68,55,2.38,2.62,123,17,40,28
20797,59916,356,78,278,78,0,1.90,-,78,3,33,45
20798,59917,2475,2027,448,1664,363,2.42,3.25,2027,74,1111,553
20799,59918,299,228,71,194,34,2.22,4.97,228,7,128,66
20800,59919,600,308,292,236,72,1.85,2.04,308,10,112,124
20801,59920,719,577,142,498,79,2.35,3.05,577,9,275,223
20802,59922,1553,1040,513,839,201,2.52,1.43,1040,36,683,156
20803,59923,5281,4411,870,3316,1095,2.12,1.82,4411,238,1561,1755
20804,59925,1044,572,472,527,45,2.76,2.33,572,10,266,261
20805,59926,222,176,46,158,18,1.81,3.83,176,0,84,74
20806,59927,178,129,49,76,53,2.37,1.43,129,0,34,42
20807,59928,426,84,342,64,20,1.86,3.10,84,0,9,55
20808,59929,178,69,109,69,0,2.35,-,69,0,14,55
20809,59930,578,217,361,194,23,1.96,1.26,217,20,123,71
20810,59931,409,131,278,128,3,2.19,-,131,0,81,47
20811,59932,1024,698,326,493,205,1.88,2.19,698,0,142,351
20812,59933,23,7,16,7,0,3.29,-,7,0,2,5
20813,59934,340,299,41,220,79,2.44,3.43,299,10,81,139
20814,59935,2045,1269,776,1001,268,2.66,2.75,1269,34,426,575
20815,59936,538,179,359,139,40,2.20,1.83,179,2,21,118
20816,59937,8467,6114,2353,4453,1661,2.47,1.78,6114,286,2375,2078
20817,60002,10888,9506,1382,7444,2062,2.67,2.10,9506,393,5516,1928
20818,60004,21285,20494,791,15763,4731,2.56,2.42,20494,993,9711,6052
20819,60005,13347,12405,942,7906,4499,2.54,2.08,12405,681,5195,2711
20820,60007,13377,12745,632,9553,3192,2.61,2.48,12745,478,5999,3554
20821,60008,9186,8731,455,6217,2514,2.50,2.89,8731,375,4037,2180
20822,60010,18221,16999,1222,14906,2093,2.86,2.06,16999,665,10020,4886
20823,60012,4308,3929,379,3655,274,3.03,1.94,3929,134,2665,990
20824,60013,9646,9470,176,8434,1036,2.85,2.55,9470,236,6329,2105
20825,60014,17886,17177,709,13815,3362,2.86,2.34,17177,582,9882,3933
20826,60015,10524,10246,278,8594,1652,2.69,2.19,10246,504,5488,3106
20827,60016,25959,24144,1815,16603,7541,2.55,2.50,24144,1455,9459,7144
20828,60018,10318,9685,633,7072,2613,3.05,2.75,9685,569,3880,3192
20829,60020,5428,4869,559,3631,1238,2.27,2.15,4869,225,2447,1184
20830,60021,2156,2007,149,1680,327,2.64,2.34,2007,127,1115,565
20831,60022,3320,3106,214,2896,210,2.78,2.23,3106,80,1727,1169
20832,60025,17004,16088,916,12676,3412,2.69,2.30,16088,514,7712,4964
20833,60026,5847,5463,384,3884,1579,2.86,1.78,5463,457,2261,1623
20834,60029,187,178,9,174,4,2.78,3.25,178,1,99,75
20835,60030,14692,13928,764,11160,2768,2.58,2.40,13928,622,7005,4155
20836,60031,14872,14258,614,10590,3668,2.85,2.08,14258,708,7372,3218
20837,60033,5092,4783,309,3201,1582,2.74,3.09,4783,259,1732,1469
20838,60034,814,769,45,500,269,2.92,2.96,769,58,334,166
20839,60035,12611,12082,529,10101,1981,2.51,2.33,12082,454,6835,3266
20840,60040,2065,1974,91,890,1084,2.67,2.52,1974,104,633,257
20841,60041,3800,3442,358,2714,728,2.56,2.30,3442,149,1895,819
20842,60042,3395,3184,211,2562,622,2.62,2.82,3184,41,1772,790
20843,60043,793,755,38,719,36,3.26,2.25,755,11,438,281
20844,60044,4497,4236,261,2911,1325,2.66,1.87,4236,211,1889,1022
20845,60045,8342,7659,683,6672,987,2.70,2.16,7659,372,3988,2684
20846,60046,12577,12024,553,9882,2142,3.06,2.24,12024,240,7426,2456
20847,60047,15289,14588,701,13016,1572,3.05,2.05,14588,162,9229,3787
20848,60048,10913,10455,458,8873,1582,2.91,1.98,10455,388,5989,2884
20849,60050,13346,12805,541,9791,3014,2.51,2.32,12805,514,7023,2768
20850,60051,9582,8956,626,7474,1482,2.64,2.46,8956,152,5160,2314
20851,60053,10033,9456,577,8181,1275,2.69,2.24,9456,625,4869,3312
20852,60056,23109,21788,1321,15210,6578,2.66,2.48,21788,1092,9425,5785
20853,60060,13611,13041,570,9695,3346,2.75,3.01,13041,276,6434,3261
20854,60061,11321,10486,835,7171,3315,2.79,2.30,10486,758,4818,2353
20855,60062,18475,16453,2022,13682,2771,2.61,1.95,16453,940,8079,5603
20856,60064,6422,5611,811,2315,3296,2.78,2.63,5611,797,1334,981
20857,60067,16338,15301,1037,11653,3648,2.60,2.33,15301,405,7544,4109
20858,60068,16253,15179,1074,12843,2336,2.68,1.99,15179,841,7390,5453
20859,60069,3800,3572,228,2946,626,2.44,1.53,3572,406,1701,1245
20860,60070,6380,6272,108,4099,2173,2.36,2.80,6272,219,1997,2102
20861,60071,2127,1866,261,1273,593,2.22,1.75,1866,77,716,557
20862,60072,350,338,12,318,20,2.78,1.25,338,14,219,99
20863,60073,20266,19392,874,14972,4420,3.25,3.16,19392,420,11077,3895
20864,60074,15244,14463,781,8799,5664,2.51,2.73,14463,673,5822,2977
20865,60075,13,13,0,13,0,2.23,-,13,0,0,13
20866,60076,12206,11506,700,9041,2465,2.91,2.75,11506,748,5373,3668
20867,60077,11467,10878,589,6830,4048,2.69,2.56,10878,967,4111,2719
20868,60081,3390,3199,191,2984,215,2.96,1.91,3199,87,2297,687
20869,60083,3479,3366,113,3125,241,2.72,2.66,3366,16,2142,983
20870,60084,6711,6348,363,5095,1253,2.79,2.20,6348,191,3667,1428
20871,60085,25774,24250,1524,10749,13501,3.24,2.67,24250,2633,6235,4514
20872,60087,9787,9425,362,5933,3492,3.03,2.68,9425,735,3281,2652
20873,60088,1483,1330,153,8,1322,-,2.78,1330,133,8,0
20874,60089,16458,15953,505,12855,3098,2.75,2.43,15953,480,8533,4322
20875,60090,15981,15298,683,9551,5747,2.55,2.46,15298,700,5851,3700
20876,60091,10839,10292,547,9052,1240,2.78,2.03,10292,463,5546,3506
20877,60093,7917,7240,677,6471,769,2.85,2.47,7240,158,4229,2242
20878,60096,2960,2745,215,2228,517,2.50,2.19,2745,178,1332,896
20879,60097,4596,4433,163,3726,707,2.63,2.53,4433,161,2930,796
20880,60098,12996,12451,545,8876,3575,2.68,2.29,12451,792,5928,2948
20881,60099,11970,11012,958,7020,3992,3.02,2.48,11012,821,4565,2455
20882,60101,13759,13402,357,8892,4510,2.84,2.74,13402,644,5475,3417
20883,60102,12381,11971,410,10170,1801,2.79,2.25,11971,786,7601,2569
20884,60103,14675,14272,403,12022,2250,3.01,2.68,14272,439,8566,3456
20885,60104,6441,6056,385,4517,1539,3.30,2.45,6056,614,3220,1297
20886,60106,7844,7593,251,4112,3481,2.89,2.46,7593,484,2597,1515
20887,60107,13227,12854,373,10985,1869,2.99,3.52,12854,514,7872,3113
20888,60108,9640,9196,444,6745,2451,2.63,2.08,9196,498,4097,2648
20889,60109,213,197,16,136,61,2.75,2.21,197,0,92,44
20890,60110,12029,11722,307,8731,2991,3.26,3.65,11722,471,5996,2735
20891,60111,70,70,0,53,17,1.66,-,70,17,28,25
20892,60112,1733,1661,72,1193,468,2.83,2.44,1661,28,963,230
20893,60113,100,93,7,68,25,3.43,3.12,93,1,46,22
20894,60115,18194,16873,1321,6789,10084,2.58,2.13,16873,1566,4417,2372
20895,60118,6495,6270,225,4436,1834,2.65,2.06,6270,186,2876,1560
20896,60119,4143,3962,181,3679,283,2.76,2.15,3962,54,2504,1175
20897,60120,16789,15953,836,10446,5507,3.20,3.16,15953,763,7255,3191
20898,60123,18217,17570,647,11789,5781,2.73,2.66,17570,1140,8172,3617
20899,60124,8744,8744,0,8454,290,2.77,2.52,8744,76,6357,2097
20900,60126,18103,17332,771,14056,3276,2.88,1.86,17332,663,9345,4711
20901,60129,106,104,2,95,9,2.23,1.22,104,12,64,31
20902,60130,7608,6961,647,3522,3439,2.29,1.75,6961,753,2408,1114
20903,60131,6353,5895,458,4315,1580,3.27,2.72,5895,416,2930,1385
20904,60133,11588,11220,368,8487,2733,3.23,3.72,11220,501,6189,2298
20905,60134,11212,10896,316,9339,1557,2.91,2.07,10896,254,6946,2393
20906,60135,2747,2703,44,1891,812,2.75,2.30,2703,89,1237,654
20907,60136,2948,2749,199,2278,471,2.97,3.36,2749,165,1939,339
20908,60137,15209,14629,580,11827,2802,2.79,2.01,14629,733,8056,3771
20909,60139,12005,11429,576,7351,4078,3.13,2.58,11429,433,5015,2336
20910,60140,7207,7007,200,5600,1407,3.10,2.46,7007,91,4224,1376
20911,60141,137,137,0,0,137,-,-,137,28,0,0
20912,60142,12921,12494,427,11210,1284,2.38,2.20,12494,508,6014,5196
20913,60143,4863,4658,205,3511,1147,2.48,2.46,4658,76,2499,1012
20914,60144,43,43,0,35,8,2.43,1.50,43,0,10,25
20915,60145,1075,992,83,759,233,2.72,2.30,992,54,612,147
20916,60146,968,927,41,631,296,2.66,2.19,927,23,451,180
20917,60148,21349,20198,1151,14504,5694,2.69,2.34,20198,1087,9310,5194
20918,60150,749,674,75,456,218,3.22,2.44,674,51,326,130
20919,60151,1612,1530,82,1356,174,2.65,2.68,1530,12,976,380
20920,60152,4884,4580,304,3393,1187,2.74,2.62,4580,101,2203,1190
20921,60153,9030,7875,1155,4801,3074,3.24,2.56,7875,896,3314,1487
20922,60154,7055,6829,226,6236,593,2.46,2.20,6829,278,4215,2021
20923,60155,3262,3089,173,2045,1044,2.97,1.85,3089,344,1493,552
20924,60156,10082,9912,170,8340,1572,3.02,2.46,9912,228,6625,1715
20925,60157,967,967,0,945,22,2.62,3.59,967,0,396,549
20926,60160,8578,7949,629,4259,3690,3.22,3.14,7949,470,2652,1607
20927,60162,3160,2987,173,1854,1133,2.89,2.37,2987,300,1259,595
20928,60163,1998,1913,85,1775,138,2.75,3.07,1913,46,1127,648
20929,60164,7579,7162,417,5257,1905,3.30,2.13,7162,716,3200,2057
20930,60165,1417,1307,110,654,653,3.87,3.19,1307,90,398,256
20931,60169,12797,12161,636,7769,4392,2.91,2.60,12161,549,5377,2392
20932,60171,4126,3762,364,2342,1420,2.68,3.01,3762,300,1590,752
20933,60172,9527,9289,238,7221,2068,2.75,2.17,9289,418,5009,2212
20934,60173,6914,6534,380,2276,4258,2.40,2.00,6534,326,1550,726
20935,60174,12995,12490,505,8274,4216,2.61,2.03,12490,496,5626,2648
20936,60175,9061,8701,360,8414,287,2.96,3.19,8701,46,6324,2090
20937,60176,4580,4299,281,2396,1903,3.00,2.36,4299,249,1395,1001
20938,60177,8303,8111,192,6670,1441,2.97,2.62,8111,435,5406,1264
20939,60178,8780,8419,361,5757,2662,2.75,2.11,8419,301,4214,1543
20940,60180,583,555,28,472,83,2.77,3.47,555,17,274,198
20941,60181,12275,11261,1014,7668,3593,2.80,2.50,11261,401,5350,2318
20942,60183,0,0,0,0,0,-,-,0,0,0,0
20943,60184,1005,919,86,873,46,2.76,2.91,919,23,580,293
20944,60185,11206,10743,463,8248,2495,3.12,3.36,10743,526,5738,2510
20945,60187,10958,10341,617,7390,2951,2.92,1.99,10341,599,5213,2177
20946,60188,15468,15018,450,10589,4429,2.86,2.62,15018,805,7441,3148
20947,60189,12438,11835,603,9439,2396,2.68,2.18,11835,521,6378,3061
20948,60190,4520,4406,114,4039,367,2.59,2.35,4406,79,2687,1352
20949,60191,5441,5184,257,4024,1160,2.69,2.84,5184,66,2331,1693
20950,60192,5952,5785,167,5176,609,2.78,3.24,5785,95,3733,1443
20951,60193,16712,16016,696,11788,4228,2.47,2.58,16016,564,7718,4070
20952,60194,8568,8093,475,5663,2430,2.59,2.32,8093,511,3961,1702
20953,60195,2405,2271,134,704,1567,2.12,2.15,2271,214,513,191
20954,60201,18324,16240,2084,9285,6955,2.51,1.98,16240,3127,5601,3684
20955,60202,15078,14016,1062,7785,6231,2.53,2.30,14016,1763,5201,2584
20956,60203,1733,1670,63,1534,136,2.73,4.01,1670,18,1047,487
20957,60208,0,0,0,0,0,-,-,0,0,0,0
20958,60301,1996,1842,154,353,1489,1.69,1.51,1842,399,200,153
20959,60302,15376,14375,1001,8490,5885,2.63,1.75,14375,2157,6024,2466
20960,60304,6828,6576,252,4811,1765,3.00,2.10,6576,369,3655,1156
20961,60305,4699,4428,271,3956,472,2.47,1.75,4428,231,2333,1623
20962,60401,3149,2895,254,2369,526,2.72,2.46,2895,144,1327,1042
20963,60402,24217,22272,1945,13701,8571,3.24,2.42,22272,2062,8821,4880
20964,60403,7814,7597,217,5186,2411,2.37,1.99,7597,386,3544,1642
20965,60404,7258,6944,314,6374,570,2.90,2.02,6944,240,4166,2208
20966,60406,9934,8971,963,4511,4460,3.23,2.33,8971,1398,2311,2200
20967,60407,651,600,51,469,131,2.39,3.84,600,11,265,204
20968,60408,2159,2109,50,1660,449,2.75,2.03,2109,70,1138,522
20969,60409,16349,13895,2454,8152,5743,2.64,2.52,13895,1736,4867,3285
20970,60410,4556,4511,45,3976,535,3.06,3.33,4511,51,2872,1104
20971,60411,21064,17999,3065,11736,6263,2.88,2.97,17999,1832,6175,5561
20972,60415,5932,5415,517,3046,2369,2.62,2.53,5415,545,1878,1168
20973,60416,4016,3913,103,3022,891,2.43,2.21,3913,55,1646,1376
20974,60417,6580,6133,447,5386,747,2.59,2.04,6133,300,3301,2085
20975,60418,5237,4686,551,3444,1242,2.31,1.86,4686,366,2025,1419
20976,60419,8835,7789,1046,5491,2298,2.62,2.99,7789,771,3780,1711
20977,60420,2068,1811,257,1254,557,2.64,2.24,1811,186,695,559
20978,60421,1641,1537,104,1406,131,2.50,2.37,1537,41,915,491
20979,60422,3803,3721,82,3391,330,2.72,3.83,3721,147,2535,856
20980,60423,11382,10904,478,10096,808,3.00,2.54,10904,160,6891,3205
20981,60424,978,844,134,648,196,2.70,2.58,844,24,325,323
20982,60425,3405,3073,332,2594,479,2.58,3.43,3073,109,1794,800
20983,60426,11258,8572,2686,4443,4129,3.02,2.49,8572,1608,2393,2050
20984,60428,3994,3492,502,2353,1139,2.96,3.81,3492,241,1314,1039
20985,60429,5993,5228,765,3298,1930,2.83,2.91,5228,673,2241,1057
20986,60430,8034,7594,440,5994,1600,2.68,2.47,7594,389,3653,2341
20987,60431,9090,8678,412,7618,1060,3.11,2.95,8678,252,5993,1625
20988,60432,7207,6278,929,3390,2888,3.42,2.83,6278,527,2166,1224
20989,60433,5795,5304,491,3414,1890,3.08,2.66,5304,399,2107,1307
20990,60435,19922,18683,1239,11794,6889,2.69,2.23,18683,1331,8207,3587
20991,60436,6861,6356,505,3343,3013,2.96,2.67,6356,616,2237,1106
20992,60437,74,34,40,30,4,2.47,3.25,34,0,14,16
20993,60438,12317,11306,1011,7863,3443,2.72,2.30,11306,689,5404,2459
20994,60439,8964,8571,393,7579,992,2.95,1.99,8571,275,4451,3128
20995,60440,17792,17175,617,12823,4352,2.99,2.91,17175,636,9188,3635
20996,60441,12787,12122,665,9827,2295,2.90,2.56,12122,237,6681,3146
20997,60442,4561,4336,225,3938,398,3.00,2.31,4336,99,2848,1090
20998,60443,8674,8207,467,6268,1939,2.72,2.01,8207,540,4407,1861
20999,60444,732,717,15,581,136,2.76,2.49,717,28,371,210
21000,60445,5972,5751,221,4457,1294,2.66,2.11,5751,227,2720,1737
21001,60446,13118,12458,660,10563,1895,3.33,2.68,12458,400,8243,2320
21002,60447,5226,5138,88,4476,662,3.01,3.07,5138,125,3240,1236
21003,60448,9358,8978,380,8112,866,2.86,2.31,8978,284,5962,2150
21004,60449,3738,3635,103,3408,227,2.59,3.23,3635,90,2322,1086
21005,60450,8811,8456,355,5417,3039,2.59,2.02,8456,521,3196,2221
21006,60451,12869,12328,541,11493,835,3.04,2.00,12328,71,8112,3381
21007,60452,10389,10163,226,8166,1997,2.82,2.07,10163,365,5402,2764
21008,60453,23490,22064,1426,17959,4105,2.66,2.41,22064,1502,10793,7166
21009,60455,6481,6061,420,4105,1956,3.05,2.19,6061,484,2287,1818
21010,60456,1942,1895,47,1369,526,2.33,2.16,1895,68,850,519
21011,60457,5283,4984,299,3566,1418,2.94,2.43,4984,138,1983,1583
21012,60458,5684,5190,494,2648,2542,2.52,3.31,5190,331,1397,1251
21013,60459,9908,9482,426,7537,1945,3.12,2.89,9482,322,4586,2951
21014,60460,581,557,24,440,117,2.37,2.34,557,18,232,208
21015,60461,2094,1908,186,1633,275,2.62,2.24,1908,200,1218,415
21016,60462,16765,16086,679,13259,2827,2.61,2.20,16086,478,7619,5640
21017,60463,5467,5159,308,4902,257,2.60,2.42,5159,189,2791,2111
21018,60464,4302,3727,575,3409,318,2.64,2.17,3727,203,1703,1706
21019,60465,8144,7727,417,6037,1690,2.49,1.87,7727,445,3877,2160
21020,60466,9003,8108,895,4711,3397,2.53,2.65,8108,372,2193,2518
21021,60467,9889,9534,355,8807,727,2.63,2.55,9534,268,5270,3537
21022,60468,2328,2262,66,1704,558,2.73,1.96,2262,92,1127,577
21023,60469,1721,1642,79,1180,462,3.96,2.28,1642,100,772,408
21024,60470,166,162,4,138,24,2.27,2.38,162,7,54,84
21025,60471,5455,5070,385,2693,2377,2.88,2.25,5070,486,2246,447
21026,60472,1958,1475,483,849,626,3.36,2.53,1475,305,430,419
21027,60473,7953,7480,473,6145,1335,2.81,3.13,7480,332,4748,1397
21028,60474,355,308,47,255,53,2.45,1.47,308,16,124,131
21029,60475,4709,4196,513,2770,1426,2.71,1.76,4196,157,1752,1018
21030,60476,1029,983,46,779,204,2.46,1.81,983,66,461,318
21031,60477,16418,15474,944,12480,2994,2.43,2.25,15474,506,7873,4607
21032,60478,6176,5729,447,4453,1276,2.79,3.26,5729,402,3262,1191
21033,60479,363,342,21,256,86,2.35,1.62,342,1,157,99
21034,60480,2201,2141,60,1705,436,2.56,2.18,2141,51,1175,530
21035,60481,5630,4642,988,3434,1208,2.42,2.31,4642,186,2080,1354
21036,60482,4910,4543,367,2711,1832,2.56,2.30,4543,528,1535,1176
21037,60484,2791,2441,350,1561,880,2.85,2.50,2441,211,1025,536
21038,60487,9351,9099,252,8627,472,2.93,2.30,9099,181,5903,2724
21039,60490,6422,6345,77,5885,460,3.56,3.40,6345,31,4786,1099
21040,60491,7927,7634,293,7222,412,2.99,2.73,7634,268,4673,2549
21041,60501,3965,3635,330,2118,1517,3.29,3.14,3635,279,913,1205
21042,60502,8770,8313,457,6623,1690,2.88,2.35,8313,118,4878,1745
21043,60503,5547,5501,46,4789,712,3.08,2.81,5501,17,3917,872
21044,60504,14803,13819,984,8552,5267,2.94,2.70,13819,523,6845,1707
21045,60505,19449,18434,1015,10961,7473,3.36,3.26,18434,799,6591,4370
21046,60506,17913,17374,539,11285,6089,2.83,2.75,17374,1224,7864,3421
21047,60510,10961,10580,381,8310,2270,2.84,1.97,10580,638,6146,2164
21048,60511,736,666,70,573,93,2.88,1.97,666,2,437,136
21049,60512,548,368,180,287,81,2.08,6.07,368,0,203,84
21050,60513,8054,7608,446,6097,1511,2.70,1.93,7608,244,4344,1753
21051,60514,3855,3756,99,3020,736,2.71,2.04,3756,147,2152,868
21052,60515,12395,11854,541,9213,2641,2.58,1.84,11854,603,6031,3182
21053,60516,12401,11822,579,9127,2695,2.57,2.08,11822,209,5478,3649
21054,60517,13148,12680,468,8248,4432,2.72,2.45,12680,232,5922,2326
21055,60518,1613,1511,102,1044,467,2.43,2.38,1511,37,577,467
21056,60519,24,24,0,24,0,1.67,-,24,0,18,6
21057,60520,1210,1146,64,896,250,2.67,1.98,1146,67,645,251
21058,60521,6424,6020,404,5261,759,2.98,2.65,6020,118,3447,1814
21059,60523,4621,4359,262,3483,876,2.51,1.53,4359,365,1686,1797
21060,60525,12897,12230,667,9751,2479,2.66,2.01,12230,538,5932,3819
21061,60526,5645,5192,453,3802,1390,2.76,2.02,5192,396,2376,1426
21062,60527,13075,12056,1019,9717,2339,2.36,2.32,12056,678,5032,4685
21063,60530,266,237,29,193,44,3.46,2.82,237,2,141,52
21064,60531,843,793,50,580,213,2.42,3.15,793,41,393,187
21065,60532,13394,12698,696,7153,5545,2.57,1.79,12698,583,5074,2079
21066,60534,4253,3900,353,2478,1422,2.80,2.59,3900,295,1539,939
21067,60536,53,50,3,40,10,2.70,1.40,50,2,30,10
21068,60537,315,244,71,224,20,2.59,3.60,244,5,171,53
21069,60538,9900,9528,372,7710,1818,3.04,3.46,9528,285,5796,1914
21070,60539,0,0,0,0,0,-,-,0,0,0,0
21071,60540,16449,15524,925,11772,3752,2.85,2.10,15524,432,7741,4031
21072,60541,1219,1115,104,942,173,3.11,2.56,1115,37,628,314
21073,60542,7223,7024,199,5239,1785,2.77,1.97,7024,298,3888,1351
21074,60543,14036,13874,162,11803,2071,2.93,2.39,13874,450,9344,2459
21075,60544,10469,10038,431,8708,1330,2.83,2.12,10038,365,6002,2706
21076,60545,4996,4720,276,3555,1165,2.74,3.18,4720,144,2236,1319
21077,60546,6973,6546,427,4908,1638,2.61,2.35,6546,394,2900,2008
21078,60548,4745,4430,315,3538,892,2.67,2.86,4430,174,1970,1568
21079,60549,151,151,0,124,27,3.97,3.78,151,0,94,30
21080,60550,544,493,51,366,127,2.27,1.72,493,50,229,137
21081,60551,1468,1445,23,1233,212,2.26,2.62,1445,35,768,465
21082,60552,1687,1547,140,1197,350,2.88,2.39,1547,63,808,389
21083,60553,284,266,18,230,36,2.77,1.44,266,13,151,79
21084,60554,4478,4398,80,4107,291,2.76,2.48,4398,129,2733,1374
21085,60555,5514,5281,233,4148,1133,2.59,2.71,5281,134,3108,1040
21086,60556,774,750,24,622,128,3.07,3.03,750,17,446,176
21087,60557,84,84,0,84,0,3.10,-,84,0,41,43
21088,60558,4669,4510,159,4398,112,2.99,3.14,4510,34,2902,1496
21089,60559,10937,10091,846,5720,4371,2.50,2.29,10091,460,3543,2177
21090,60560,9168,8991,177,7630,1361,2.91,2.98,8991,219,6131,1499
21091,60561,9547,9281,266,7483,1798,2.54,2.44,9281,255,4547,2936
21092,60563,16491,15718,773,8646,7072,2.71,2.04,15718,1397,6241,2405
21093,60564,15477,14950,527,12905,2045,3.13,2.94,14950,134,9282,3623
21094,60565,14169,13639,530,12092,1547,2.92,2.45,13639,275,9017,3075
21095,60585,7437,7377,60,6676,701,3.33,3.23,7377,69,5659,1017
21096,60586,14233,13980,253,12863,1117,3.46,3.31,13980,145,10616,2247
21097,60601,10551,8787,1764,2715,6072,1.82,1.53,8787,4219,1541,1174
21098,60602,587,581,6,382,199,1.67,2.34,581,303,221,161
21099,60603,956,734,222,486,248,1.52,1.45,734,326,266,220
21100,60604,475,401,74,123,278,1.65,1.74,401,188,59,64
21101,60605,19176,17467,1709,7939,9528,1.77,1.59,17467,6382,5855,2084
21102,60606,2710,2388,322,877,1511,1.51,1.30,2388,1323,709,168
21103,60607,14916,13169,1747,6038,7131,1.95,2.05,13169,3382,4693,1345
21104,60608,30701,27804,2897,10977,16827,3.07,2.34,27804,6441,6708,4269
21105,60609,25819,22402,3417,8453,13949,3.02,2.58,22402,5717,4674,3779
21106,60610,28912,24654,4258,9467,15187,1.83,1.51,24654,11400,5710,3757
21107,60611,27711,22394,5317,10343,12051,1.61,1.48,22394,9747,5471,4872
21108,60612,16206,13766,2440,4502,9264,2.43,2.27,13766,4635,3238,1264
21109,60613,30832,28334,2498,10975,17359,2.11,1.72,28334,10152,8139,2836
21110,60614,37153,33922,3231,15355,18567,2.35,1.74,33922,10493,10752,4603
21111,60615,24424,21709,2715,6587,15122,2.27,1.73,21709,7613,3974,2613
21112,60616,26357,24622,1735,9510,15112,2.41,1.83,24622,6965,6084,3426
21113,60617,35572,30141,5431,16994,13147,2.71,2.89,30141,6783,9293,7701
21114,60618,40987,36855,4132,18599,18256,2.78,2.36,36855,5372,14242,4357
21115,60619,33779,28030,5749,12354,15676,2.48,2.09,28030,8441,7737,4617
21116,60620,30645,25825,4820,12356,13469,2.95,2.42,25825,7215,7209,5147
21117,60621,15781,10783,4998,2580,8203,2.81,2.27,10783,5084,1216,1364
21118,60622,27188,24839,2349,9957,14882,2.38,2.05,24839,4831,8006,1951
21119,60623,30957,26225,4732,9635,16590,3.12,2.83,26225,6779,5041,4594
21120,60624,16301,13204,3097,3487,9717,3.09,2.61,13204,5201,2076,1411
21121,60625,33336,30888,2448,12259,18629,2.58,2.47,30888,6700,8995,3264
21122,60626,26247,23272,2975,6426,16846,2.16,1.96,23272,9491,4780,1646
21123,60628,29224,23198,6026,13274,9924,2.78,2.72,23198,5128,7839,5435
21124,60629,36188,33175,3013,18908,14267,3.66,2.68,33175,6568,11644,7264
21125,60630,23409,21358,2051,14253,7105,2.72,2.36,21358,2162,9334,4919
21126,60631,12783,12189,594,9106,3083,2.69,1.82,12189,1384,5752,3354
21127,60632,28234,26080,2154,14496,11584,3.64,2.97,26080,4233,8783,5713
21128,60633,5725,5127,598,3287,1840,2.63,2.05,5127,545,1729,1558
21129,60634,29326,27567,1759,20292,7275,2.94,2.41,27567,1818,12962,7330
21130,60636,14591,11391,3200,5267,6124,2.95,2.38,11391,3847,2408,2859
21131,60637,26366,21450,4916,5338,16112,2.04,2.19,21450,8969,3286,2052
21132,60638,21789,20775,1014,16475,4300,2.96,2.38,20775,1649,9716,6759
21133,60639,28950,26363,2587,12759,13604,3.68,3.07,26363,4183,8319,4440
21134,60640,39754,36521,3233,12131,24390,1.98,1.71,36521,13593,8614,3517
21135,60641,27314,24917,2397,13403,11514,3.11,2.52,24917,3463,9336,4067
21136,60642,11340,10515,825,3832,6683,2.19,1.94,10515,2593,3216,616
21137,60643,19706,18075,1631,13140,4935,2.74,2.66,18075,2062,8320,4820
21138,60644,20390,17870,2520,5278,12592,3.11,2.40,17870,6933,3194,2084
21139,60645,18101,16806,1295,8550,8256,2.84,2.85,16806,2718,5491,3059
21140,60646,11404,10946,458,8540,2406,2.76,2.29,10946,588,5416,3124
21141,60647,40717,36880,3837,13972,22908,2.64,2.10,36880,7735,11188,2784
21142,60649,28143,23349,4794,5592,17757,2.12,2.04,23349,9416,3541,2051
21143,60651,22858,20564,2294,9216,11348,3.37,2.94,20564,4692,6078,3138
21144,60652,13988,13479,509,11284,2195,3.22,3.16,13479,976,8044,3240
21145,60653,18468,16925,1543,4917,12008,2.30,1.89,16925,6618,4221,696
21146,60654,16392,14294,2098,5107,9187,1.67,1.43,14294,6350,3470,1637
21147,60655,11287,10730,557,9069,1661,2.77,1.75,10730,526,5866,3203
21148,60656,12959,12471,488,7733,4738,2.43,2.08,12471,919,4668,3065
21149,60657,41469,38263,3206,14732,23531,2.19,1.68,38263,14588,11156,3576
21150,60659,15253,13838,1415,6146,7692,2.97,3.25,13838,1808,3439,2707
21151,60660,23670,21179,2491,7677,13502,2.08,1.90,21179,7876,5005,2672
21152,60661,7643,6850,793,2327,4523,1.64,1.58,6850,2889,1922,405
21153,60706,9858,9408,450,7061,2347,2.63,2.27,9408,798,3677,3384
21154,60707,16786,15551,1235,9923,5628,2.84,2.30,15551,1487,6550,3373
21155,60712,5247,4766,481,3818,948,2.73,3.04,4766,355,1736,2082
21156,60714,12344,11744,600,8979,2765,2.60,2.39,11744,1225,4936,4043
21157,60803,9422,8925,497,5759,3166,2.74,2.07,8925,518,3615,2144
21158,60804,25945,23915,2030,12853,11062,3.87,3.11,23915,2430,7361,5492
21159,60805,7762,7495,267,6240,1255,2.70,2.29,7495,511,4185,2055
21160,60827,11732,9589,2143,3694,5895,2.66,2.73,9589,2366,2472,1222
21161,60901,15588,13338,2250,7959,5379,2.51,2.41,13338,1599,4533,3426
21162,60910,259,225,34,152,73,2.27,2.48,225,13,72,80
21163,60911,573,494,79,382,112,2.50,2.63,494,10,205,177
21164,60912,256,233,23,184,49,2.09,3.14,233,1,81,103
21165,60913,753,712,41,636,76,2.33,1.49,712,14,229,407
21166,60914,10319,9493,826,6707,2786,2.95,2.27,9493,309,4673,2034
21167,60915,4376,3943,433,2531,1412,2.48,2.60,3943,302,1452,1079
21168,60917,189,181,8,165,16,2.38,4.44,181,3,106,59
21169,60918,317,279,38,262,17,2.14,2.53,279,13,106,156
21170,60919,260,227,33,164,63,2.18,2.71,227,2,77,87
21171,60920,90,81,9,72,9,2.13,3.56,81,1,32,40
21172,60921,790,685,105,483,202,2.40,2.10,685,58,210,273
21173,60922,1055,1008,47,751,257,2.64,2.46,1008,28,357,394
21174,60924,750,661,89,492,169,2.28,2.23,661,24,244,248
21175,60926,41,41,0,38,3,1.76,4.67,41,0,25,13
21176,60927,1015,938,77,731,207,2.50,1.77,938,17,408,323
21177,60928,256,228,28,181,47,2.38,1.85,228,6,108,73
21178,60929,314,276,38,199,77,2.42,2.36,276,21,86,113
21179,60930,338,295,43,222,73,2.30,2.25,295,22,116,106
21180,60931,275,228,47,198,30,2.96,3.83,228,6,123,75
21181,60932,127,127,0,121,6,3.08,-,127,0,94,27
21182,60933,140,131,9,97,34,2.22,2.03,131,8,46,51
21183,60934,102,94,8,72,22,2.31,2.68,94,0,22,50
21184,60935,454,426,28,384,42,3.18,2.17,426,2,286,98
21185,60936,2024,1943,81,1441,502,2.21,1.92,1943,137,675,766
21186,60938,893,726,167,586,140,2.60,1.59,726,27,306,280
21187,60939,0,0,0,0,0,-,-,0,0,0,0
21188,60940,1162,1100,62,927,173,2.79,2.87,1100,61,571,356
21189,60941,701,650,51,521,129,2.72,2.17,650,25,318,203
21190,60942,2780,2298,482,1655,643,2.67,2.02,2298,193,725,930
21191,60945,105,94,11,82,12,2.72,2.42,94,0,41,41
21192,60946,223,192,31,151,41,2.42,1.95,192,6,66,85
21193,60948,827,644,183,604,40,2.34,4.45,644,6,308,296
21194,60949,255,201,54,137,64,2.11,3.30,201,18,80,57
21195,60950,5100,4849,251,3314,1535,2.67,1.73,4849,296,2092,1222
21196,60951,376,328,48,240,88,2.58,2.67,328,4,138,102
21197,60952,294,226,68,190,36,2.63,3.69,226,10,109,81
21198,60953,1060,937,123,711,226,2.96,2.00,937,42,384,327
21199,60954,2494,2233,261,1620,613,2.28,2.56,2233,159,769,851
21200,60955,677,580,97,529,51,3.07,3.12,580,14,219,310
21201,60956,58,50,8,34,16,2.71,1.56,50,6,26,8
21202,60957,2438,2204,234,1730,474,2.74,1.58,2204,161,1079,651
21203,60958,1080,646,434,445,201,2.07,2.44,646,58,159,286
21204,60959,513,447,66,327,120,2.08,1.58,447,39,157,170
21205,60960,397,317,80,260,57,2.91,2.67,317,7,164,96
21206,60961,357,297,60,264,33,2.50,2.64,297,12,135,129
21207,60962,259,221,38,140,81,2.49,3.57,221,5,53,87
21208,60963,600,491,109,360,131,2.41,3.65,491,15,171,189
21209,60964,2062,1879,183,1347,532,2.66,2.18,1879,76,755,592
21210,60966,672,649,23,480,169,2.32,1.91,649,13,222,258
21211,60967,26,26,0,26,0,2.12,-,26,0,0,26
21212,60968,257,198,59,181,17,2.60,2.88,198,3,77,104
21213,60969,26,24,2,17,7,2.53,4.00,24,0,10,7
21214,60970,3325,2870,455,2032,838,2.32,1.79,2870,281,1110,922
21215,60973,117,107,10,74,33,2.31,4.82,107,9,39,35
21216,60974,121,106,15,81,25,2.41,3.64,106,1,44,37
21217,61001,1251,544,707,465,79,2.13,3.32,544,10,251,214
21218,61006,652,611,41,456,155,2.27,2.10,611,36,244,212
21219,61007,142,142,0,128,14,2.66,2.29,142,0,76,52
21220,61008,13226,12529,697,9928,2601,2.82,2.33,12529,621,6026,3902
21221,61010,3131,2849,282,2220,629,2.74,2.12,2849,195,1525,695
21222,61011,952,919,33,876,43,2.87,2.02,919,8,533,343
21223,61012,922,850,72,719,131,3.04,3.79,850,25,475,244
21224,61013,300,291,9,269,22,2.30,2.00,291,12,154,115
21225,61014,544,494,50,398,96,2.26,2.49,494,5,148,250
21226,61015,388,328,60,255,73,2.67,4.58,328,2,172,83
21227,61016,2156,2087,69,1849,238,2.29,2.49,2087,33,1112,737
21228,61018,534,416,118,334,82,2.34,3.61,416,0,162,172
21229,61019,1651,1275,376,1095,180,2.69,2.06,1275,24,642,453
21230,61020,1035,964,71,870,94,3.21,3.87,964,2,614,256
21231,61021,9926,8907,1019,6322,2585,2.34,1.90,8907,774,3578,2744
21232,61024,1072,990,82,780,210,2.48,2.18,990,81,479,301
21233,61025,2118,1946,172,1460,486,2.35,1.80,1946,112,810,650
21234,61027,48,48,0,17,31,2.47,2.55,48,31,9,8
21235,61028,1088,865,223,678,187,2.05,1.96,865,54,346,332
21236,61030,885,824,61,662,162,2.83,2.79,824,27,369,293
21237,61031,684,639,45,439,200,2.74,2.20,639,63,219,220
21238,61032,14399,13052,1347,8406,4646,2.27,2.04,13052,1615,4196,4210
21239,61036,5175,3377,1798,2704,673,2.13,1.66,3377,204,1529,1175
21240,61037,55,55,0,55,0,1.95,-,55,0,19,36
21241,61038,455,417,38,405,12,3.18,2.00,417,0,359,46
21242,61039,330,304,26,244,60,2.79,2.55,304,3,169,75
21243,61041,794,609,185,396,213,2.34,2.40,609,39,204,192
21244,61042,221,192,29,149,43,2.54,2.86,192,22,76,73
21245,61043,60,50,10,35,15,2.57,4.40,50,0,24,11
21246,61044,76,76,0,72,4,1.79,1.75,76,4,29,43
21247,61046,1894,1093,801,935,158,2.38,2.60,1093,12,464,471
21248,61047,697,664,33,551,113,2.51,2.90,664,9,288,263
21249,61048,1834,1678,156,1430,248,2.48,1.32,1678,35,829,601
21250,61049,236,216,20,165,51,2.66,4.76,216,2,119,46
21251,61050,132,102,30,85,17,2.87,2.00,102,0,49,36
21252,61051,642,605,37,505,100,2.47,1.77,605,25,204,301
21253,61052,469,388,81,348,40,2.32,2.73,388,1,148,200
21254,61053,1376,1132,244,941,191,2.44,2.19,1132,22,501,440
21255,61054,1937,1830,107,1134,696,1.86,1.95,1830,237,580,554
21256,61057,33,26,7,26,0,3.19,-,26,0,26,0
21257,61059,98,80,18,54,26,2.72,2.23,80,0,34,20
21258,61060,710,577,133,464,113,2.54,1.95,577,55,262,202
21259,61061,3353,2986,367,2234,752,2.37,1.94,2986,251,1105,1129
21260,61062,757,718,39,601,117,2.93,2.56,718,13,335,266
21261,61063,1681,1633,48,1477,156,2.47,3.27,1633,69,831,646
21262,61064,1954,1793,161,1173,620,2.26,2.53,1793,59,670,503
21263,61065,3806,3477,329,3005,472,2.98,3.11,3477,53,2305,700
21264,61067,404,359,45,296,63,1.94,1.94,359,18,153,143
21265,61068,6323,5960,363,3544,2416,2.65,2.11,5960,559,2125,1419
21266,61070,579,524,55,466,58,2.91,3.12,524,6,277,189
21267,61071,6466,5803,663,4324,1479,2.40,2.28,5803,369,2673,1651
21268,61072,4363,4184,179,3553,631,2.74,1.71,4184,69,2292,1261
21269,61073,7365,7140,225,5913,1227,2.97,2.55,7140,91,4340,1573
21270,61074,2329,1966,363,1322,644,2.09,2.31,1966,179,577,745
21271,61075,489,421,68,374,47,2.34,2.53,421,7,178,196
21272,61077,0,0,0,0,0,-,-,0,0,0,0
21273,61078,581,484,97,422,62,2.64,4.03,484,15,185,237
21274,61079,88,80,8,65,15,2.45,3.33,80,23,27,38
21275,61080,4629,4298,331,3266,1032,2.42,2.60,4298,59,1957,1309
21276,61081,9719,8786,933,6132,2654,2.54,2.01,8786,515,3453,2679
21277,61084,1260,1106,154,980,126,2.84,2.21,1106,3,659,321
21278,61085,1531,1374,157,1077,297,2.25,2.22,1374,84,614,463
21279,61087,728,637,91,552,85,2.47,2.15,637,26,273,279
21280,61088,2593,2514,79,2247,267,2.66,1.67,2514,52,1476,771
21281,61089,354,293,61,229,64,2.25,2.27,293,1,145,84
21282,61091,10,10,0,10,0,1.90,-,10,0,10,0
21283,61101,8655,7719,936,4109,3610,2.68,2.53,7719,1395,2356,1753
21284,61102,7147,6199,948,3795,2404,2.40,2.84,6199,531,1738,2057
21285,61103,11469,10002,1467,5210,4792,2.32,2.20,10002,1431,3221,1989
21286,61104,9330,8061,1269,3071,4990,2.50,2.27,8061,1750,1336,1735
21287,61107,14032,12975,1057,8690,4285,2.38,1.93,12975,1029,5279,3411
21288,61108,12951,11956,995,7517,4439,2.44,2.33,11956,868,4284,3233
21289,61109,11601,10802,799,6892,3910,2.57,2.31,10802,773,4084,2808
21290,61111,10318,9744,574,6490,3254,2.45,2.11,9744,627,4227,2263
21291,61112,71,71,0,0,71,-,1.11,71,63,0,0
21292,61114,6780,6474,306,4570,1904,2.42,1.92,6474,554,2851,1719
21293,61115,8910,8518,392,6634,1884,2.60,2.76,8518,314,4768,1866
21294,61201,17399,15443,1956,9441,6002,2.36,2.14,15443,1799,5680,3761
21295,61230,420,379,41,335,44,2.28,2.89,379,6,166,169
21296,61231,2455,2114,341,1344,770,2.54,1.92,2114,157,735,609
21297,61232,643,621,22,531,90,2.34,2.08,621,13,370,161
21298,61233,107,107,0,77,30,2.44,1.87,107,5,42,35
21299,61234,537,507,30,386,121,2.46,1.83,507,22,201,185
21300,61235,727,706,21,575,131,2.38,2.22,706,31,303,272
21301,61236,44,31,13,26,5,2.58,3.00,31,0,17,9
21302,61237,0,0,0,0,0,-,-,0,0,0,0
21303,61238,1176,1066,110,948,118,2.60,2.10,1066,14,599,349
21304,61239,590,522,68,168,354,1.99,2.31,522,41,88,80
21305,61240,2644,2464,180,2176,288,2.39,2.61,2464,48,1326,850
21306,61241,2997,2812,185,2314,498,2.46,2.24,2812,20,1473,841
21307,61242,556,527,29,455,72,2.40,1.76,527,21,277,178
21308,61243,142,139,3,121,18,2.18,1.94,139,0,87,34
21309,61244,9868,9173,695,6298,2875,2.49,2.20,9173,953,3192,3106
21310,61250,1221,1161,60,847,314,2.35,2.29,1161,23,461,386
21311,61251,179,179,0,170,9,2.43,2.78,179,0,132,38
21312,61252,2765,2472,293,1844,628,2.27,1.80,2472,47,1095,749
21313,61254,5392,4965,427,4163,802,2.52,1.66,4965,271,2487,1676
21314,61256,863,834,29,666,168,2.35,2.04,834,51,411,255
21315,61257,469,331,138,272,59,2.81,2.63,331,5,102,170
21316,61258,84,79,5,74,5,2.72,4.00,79,1,58,16
21317,61259,606,541,65,491,50,2.58,2.12,541,6,319,172
21318,61260,334,307,27,252,55,2.34,2.07,307,33,149,103
21319,61261,490,347,143,285,62,1.97,2.89,347,12,112,173
21320,61262,341,295,46,266,29,2.41,4.07,295,23,74,192
21321,61263,357,313,44,226,87,2.78,3.01,313,13,145,81
21322,61264,5048,4655,393,3530,1125,2.25,1.94,4655,220,2035,1495
21323,61265,20574,18784,1790,12519,6265,2.42,2.16,18784,1486,7307,5212
21324,61270,3038,2733,305,2256,477,2.35,3.04,2733,156,1095,1161
21325,61272,572,486,86,367,119,2.64,2.76,486,10,174,193
21326,61273,1206,1154,52,967,187,2.83,2.32,1154,40,567,400
21327,61274,99,99,0,90,9,2.32,2.67,99,0,48,42
21328,61275,1781,1724,57,1433,291,2.62,2.00,1724,64,950,483
21329,61276,68,22,46,22,0,3.27,-,22,0,16,6
21330,61277,1370,1164,206,926,238,2.63,2.16,1164,55,499,427
21331,61278,326,273,53,244,29,2.52,1.62,273,0,119,125
21332,61279,454,422,32,351,71,2.52,2.13,422,2,172,179
21333,61281,1060,965,95,877,88,2.47,2.63,965,37,587,290
21334,61282,4400,3978,422,2149,1829,2.48,1.60,3978,588,1232,917
21335,61283,596,498,98,407,91,3.23,3.91,498,7,199,208
21336,61284,912,881,31,819,62,2.01,2.42,881,51,475,344
21337,61285,997,693,304,590,103,2.39,2.36,693,11,283,307
21338,61301,4790,4394,396,2878,1516,2.22,2.41,4394,406,1489,1389
21339,61310,1685,1536,149,1117,419,2.26,2.35,1536,151,540,577
21340,61311,166,138,28,121,17,2.55,4.24,138,0,101,20
21341,61312,196,174,22,137,37,2.36,2.41,174,6,64,73
21342,61313,127,109,18,100,9,2.04,2.78,109,0,67,33
21343,61314,382,352,30,296,56,2.36,2.48,352,14,176,120
21344,61315,116,87,29,54,33,2.39,3.42,87,1,7,47
21345,61316,119,106,13,89,17,2.43,2.12,106,0,53,36
21346,61317,237,218,19,173,45,2.28,1.80,218,2,105,68
21347,61318,298,273,25,184,89,2.45,3.38,273,15,85,99
21348,61319,571,515,56,451,64,2.17,2.72,515,1,287,164
21349,61320,273,251,22,208,43,2.40,3.23,251,2,113,95
21350,61321,177,104,73,91,13,3.45,2.00,104,2,32,59
21351,61322,610,507,103,401,106,2.80,3.19,507,17,124,277
21352,61323,64,57,7,50,7,2.00,3.14,57,1,31,19
21353,61324,42,42,0,42,0,1.90,-,42,0,17,25
21354,61325,456,415,41,362,53,2.76,2.42,415,6,237,125
21355,61326,982,822,160,620,202,2.57,2.50,822,29,274,346
21356,61327,600,549,51,485,64,2.71,2.73,549,7,306,179
21357,61328,45,45,0,45,0,2.98,-,45,0,45,0
21358,61329,577,513,64,423,90,2.30,3.49,513,10,233,190
21359,61330,512,465,47,391,74,2.74,1.88,465,5,224,167
21360,61331,0,0,0,0,0,-,-,0,0,0,0
21361,61332,73,68,5,61,7,1.93,3.57,68,1,33,28
21362,61333,157,115,42,113,2,3.06,3.00,115,1,60,53
21363,61334,282,264,18,205,59,2.53,2.32,264,4,112,93
21364,61335,196,128,68,109,19,3.06,2.16,128,4,56,53
21365,61336,267,197,70,144,53,1.98,2.32,197,12,97,47
21366,61337,210,188,22,154,34,2.69,3.79,188,1,96,58
21367,61338,154,115,39,85,30,1.96,1.73,115,7,37,48
21368,61340,235,213,22,174,39,2.40,1.49,213,1,113,61
21369,61341,3529,2952,577,2192,760,2.48,2.63,2952,75,1271,921
21370,61342,3788,3412,376,2514,898,2.66,1.92,3412,255,1557,957
21371,61344,157,124,33,105,19,1.98,3.21,124,8,46,59
21372,61345,358,300,58,274,26,2.41,1.96,300,7,110,164
21373,61346,35,35,0,32,3,1.72,2.33,35,3,12,20
21374,61348,2157,1917,240,1515,402,2.34,2.26,1917,44,811,704
21375,61349,502,416,86,345,71,2.29,2.70,416,21,183,162
21376,61350,11284,10016,1268,6848,3168,2.47,2.23,10016,495,4306,2542
21377,61353,584,462,122,350,112,3.00,1.59,462,27,207,143
21378,61354,5146,4577,569,3323,1254,2.28,2.07,4577,365,1556,1767
21379,61356,5381,4753,628,3539,1214,2.34,1.98,4753,252,1952,1587
21380,61358,163,144,19,136,8,2.08,1.88,144,1,53,83
21381,61359,194,185,9,157,28,2.19,2.00,185,3,95,62
21382,61360,1415,1321,94,1039,282,2.61,2.66,1321,12,504,535
21383,61361,624,498,126,405,93,2.89,2.34,498,10,271,134
21384,61362,2673,2484,189,1527,957,2.64,1.83,2484,289,811,716
21385,61363,162,135,27,106,29,2.22,1.52,135,5,34,72
21386,61364,9003,8275,728,5518,2757,2.31,1.89,8275,530,2309,3209
21387,61367,386,351,35,201,150,2.51,2.45,351,4,101,100
21388,61368,632,545,87,441,104,2.20,3.13,545,44,246,195
21389,61369,782,618,164,487,131,2.03,1.86,618,3,231,256
21390,61370,561,504,57,413,91,2.48,1.79,504,28,259,154
21391,61371,42,42,0,0,42,-,1.95,42,0,0,0
21392,61372,91,77,14,57,20,2.82,1.45,77,0,37,20
21393,61373,866,759,107,651,108,2.78,2.51,759,3,416,235
21394,61374,36,33,3,27,6,3.26,2.17,33,0,20,7
21395,61375,738,465,273,444,21,2.37,3.48,465,16,187,257
21396,61376,900,813,87,599,214,2.22,1.84,813,22,323,276
21397,61377,736,663,73,476,187,2.42,1.98,663,29,177,299
21398,61378,133,124,9,96,28,2.19,3.50,124,9,49,47
21399,61379,603,512,91,403,109,2.40,2.55,512,52,246,157
21400,61401,15687,13569,2118,8223,5346,2.18,2.02,13569,1702,4424,3799
21401,61402,0,0,0,0,0,-,-,0,0,0,0
21402,61410,1714,1586,128,1124,462,2.57,2.09,1586,65,608,516
21403,61411,268,198,70,98,100,1.76,1.55,198,8,38,60
21404,61412,554,514,40,488,26,2.42,1.35,514,37,304,184
21405,61413,456,415,41,332,83,2.34,3.08,415,4,176,156
21406,61414,337,285,52,256,29,2.61,3.14,285,8,114,142
21407,61415,931,801,130,660,141,2.35,1.68,801,13,282,378
21408,61416,168,131,37,119,12,2.20,1.58,131,13,46,73
21409,61417,115,115,0,106,9,2.43,2.11,115,9,64,42
21410,61418,333,282,51,275,7,2.28,4.71,282,0,123,152
21411,61419,56,51,5,45,6,1.73,-,51,7,9,36
21412,61420,511,406,105,333,73,2.48,2.33,406,25,167,166
21413,61421,674,575,99,455,120,2.71,2.51,575,33,214,241
21414,61422,1537,1226,311,926,300,2.53,2.19,1226,108,483,443
21415,61423,324,296,28,206,90,2.40,1.84,296,0,152,54
21416,61424,17,17,0,15,2,3.40,4.00,17,0,12,3
21417,61425,214,173,41,159,14,2.25,3.00,173,17,62,97
21418,61426,17,17,0,17,0,4.35,-,17,10,10,7
21419,61427,980,797,183,655,142,2.26,2.75,797,37,326,329
21420,61428,836,418,418,393,25,2.67,2.24,418,9,208,185
21421,61430,317,291,26,228,63,2.22,1.40,291,7,121,107
21422,61431,136,124,12,117,7,2.13,1.86,124,2,45,72
21423,61432,281,267,14,239,28,2.28,3.64,267,6,126,113
21424,61433,17,17,0,8,9,2.25,3.22,17,0,8,0
21425,61434,1347,1206,141,965,241,2.37,2.19,1206,45,434,531
21426,61435,78,67,11,46,21,2.26,4.24,67,0,39,7
21427,61436,370,353,17,281,72,2.35,2.21,353,19,163,118
21428,61437,369,267,102,186,81,2.48,2.12,267,30,94,92
21429,61438,337,282,55,244,38,2.75,1.42,282,12,148,96
21430,61439,104,97,7,69,28,2.36,2.96,97,4,42,27
21431,61440,322,303,19,256,47,2.31,2.70,303,6,85,171
21432,61441,415,363,52,312,51,2.37,2.59,363,13,154,158
21433,61442,447,312,135,256,56,2.45,2.02,312,2,137,119
21434,61443,6525,5603,922,3940,1663,2.33,2.53,5603,717,1798,2142
21435,61447,531,481,50,448,33,2.32,2.21,481,2,236,212
21436,61448,1639,1530,109,1310,220,2.39,3.20,1530,54,828,482
21437,61449,175,127,48,124,3,1.50,-,127,3,48,76
21438,61450,871,764,107,655,109,2.25,2.17,764,58,287,368
21439,61451,72,69,3,59,10,2.98,2.00,69,3,45,14
21440,61452,88,88,0,83,5,2.05,1.60,88,0,32,51
21441,61453,277,240,37,172,68,2.33,2.74,240,0,79,93
21442,61454,215,186,29,138,48,2.30,2.29,186,15,48,90
21443,61455,8816,7069,1747,3759,3310,2.29,1.93,7069,736,1915,1844
21444,61458,245,230,15,198,32,2.23,2.31,230,5,85,113
21445,61459,123,119,4,118,1,2.70,-,119,3,68,50
21446,61460,101,101,0,93,8,2.55,2.75,101,0,29,64
21447,61462,4860,4352,508,3276,1076,2.39,2.04,4352,292,1817,1459
21448,61465,598,535,63,478,57,2.27,2.04,535,44,266,212
21449,61466,116,102,14,97,5,2.79,2.20,102,1,57,40
21450,61467,497,469,28,387,82,2.96,2.13,469,7,234,153
21451,61468,102,88,14,88,0,2.19,-,88,0,69,19
21452,61469,1187,936,251,822,114,2.39,1.85,936,2,379,443
21453,61470,222,204,18,189,15,2.65,1.47,204,9,120,69
21454,61471,44,44,0,44,0,3.02,-,44,2,23,21
21455,61472,277,219,58,205,14,1.96,1.93,219,7,98,107
21456,61473,643,520,123,355,165,2.09,2.12,520,19,166,189
21457,61474,147,114,33,92,22,2.51,1.27,114,3,28,64
21458,61475,99,90,9,79,11,1.96,2.00,90,0,49,30
21459,61476,243,201,42,190,11,2.57,2.45,201,2,118,72
21460,61477,233,201,32,166,35,2.63,4.40,201,3,60,106
21461,61478,89,89,0,89,0,3.40,-,89,18,68,21
21462,61479,23,23,0,18,5,2.11,3.00,23,0,4,14
21463,61480,634,456,178,346,110,2.61,3.09,456,18,153,193
21464,61482,246,227,19,180,47,2.53,1.85,227,11,78,102
21465,61483,889,807,82,588,219,2.39,2.06,807,40,318,270
21466,61484,416,343,73,305,38,2.15,1.29,343,6,154,151
21467,61485,276,183,93,159,24,2.50,1.63,183,5,78,81
21468,61486,660,592,68,494,98,2.61,2.50,592,3,319,175
21469,61488,565,534,31,430,104,2.34,2.15,534,15,277,153
21470,61489,389,329,60,292,37,2.54,1.97,329,4,163,129
21471,61490,615,496,119,381,115,2.37,1.92,496,28,209,172
21472,61491,1017,938,79,783,155,2.35,1.74,938,17,355,428
21473,61501,949,759,190,583,176,2.29,1.73,759,42,295,288
21474,61516,295,267,28,248,19,2.77,1.42,267,2,168,80
21475,61517,1153,1099,54,913,186,2.79,2.40,1099,41,573,340
21476,61519,119,93,26,79,14,2.62,3.71,93,2,41,38
21477,61520,7261,6522,739,4742,1780,2.15,2.37,6522,345,2392,2350
21478,61523,4810,4454,356,3558,896,2.33,2.37,4454,84,2150,1408
21479,61524,151,147,4,130,17,2.20,3.18,147,3,62,68
21480,61525,4157,3891,266,3287,604,3.01,2.71,3891,68,2348,939
21481,61526,417,339,78,330,9,2.49,2.11,339,8,180,150
21482,61528,1177,1094,83,1080,14,2.93,6.43,1094,26,753,327
21483,61529,1261,1134,127,935,199,2.89,2.40,1134,42,516,419
21484,61530,2711,2655,56,1761,894,2.56,1.76,2655,198,949,812
21485,61531,1477,1321,156,960,361,2.38,2.05,1321,53,476,484
21486,61532,229,204,25,154,50,2.57,1.78,204,1,47,107
21487,61533,908,821,87,667,154,2.96,2.13,821,8,473,194
21488,61534,754,684,70,550,134,2.82,2.69,684,16,324,226
21489,61535,726,653,73,639,14,3.19,3.14,653,0,466,173
21490,61536,1486,1324,162,1078,246,2.58,1.65,1324,32,657,421
21491,61537,1324,1189,135,885,304,2.46,1.64,1189,81,449,436
21492,61539,84,79,5,68,11,2.16,1.64,79,6,41,27
21493,61540,1219,1028,191,860,168,2.48,3.96,1028,27,439,421
21494,61541,63,53,10,38,15,1.92,1.47,53,0,22,16
21495,61542,1673,1425,248,1186,239,2.45,1.86,1425,111,698,488
21496,61543,72,60,12,43,17,1.91,1.88,60,8,11,32
21497,61544,363,284,79,245,39,2.95,2.69,284,7,128,117
21498,61545,327,313,14,289,24,2.20,4.04,313,5,180,109
21499,61546,1838,1604,234,1388,216,2.35,2.09,1604,38,802,586
21500,61547,1525,1427,98,1367,60,2.73,2.80,1427,19,883,484
21501,61548,4730,4538,192,4038,500,2.74,2.14,4538,51,2374,1664
21502,61550,8004,7476,528,5940,1536,2.58,1.69,7476,558,3329,2611
21503,61552,134,111,23,111,0,2.53,-,111,0,39,72
21504,61553,97,85,12,74,11,3.08,2.91,85,11,34,40
21505,61554,19082,17422,1660,12486,4936,2.34,2.06,17422,1311,7961,4525
21506,61559,1469,1386,83,1141,245,2.70,2.93,1386,18,647,494
21507,61560,660,258,402,230,28,1.79,3.57,258,35,114,116
21508,61561,989,908,81,707,201,2.53,2.50,908,26,383,324
21509,61562,84,61,23,61,0,1.43,-,61,0,8,53
21510,61563,297,234,63,213,21,2.22,2.00,234,6,102,111
21511,61564,398,381,17,307,74,2.56,3.64,381,33,157,150
21512,61565,644,609,35,501,108,2.28,2.43,609,15,253,248
21513,61567,352,267,85,234,33,1.63,2.36,267,0,80,154
21514,61568,1779,1636,143,1216,420,2.94,2.12,1636,36,679,537
21515,61569,398,398,0,369,29,2.37,2.45,398,6,190,179
21516,61570,782,704,78,573,131,2.55,2.06,704,39,309,264
21517,61571,10132,9512,620,7442,2070,2.75,2.02,9512,459,4742,2700
21518,61572,480,445,35,345,100,2.39,2.38,445,10,174,171
21519,61602,637,495,142,79,416,1.62,1.20,495,175,33,46
21520,61603,8333,6566,1767,3130,3436,2.11,2.56,6566,1064,1794,1336
21521,61604,13472,11992,1480,7980,4012,2.34,2.20,11992,1698,4997,2983
21522,61605,7134,5775,1359,2242,3533,2.49,2.36,5775,1399,882,1360
21523,61606,3119,2552,567,1145,1407,2.59,2.14,2552,295,780,365
21524,61607,4612,4214,398,3699,515,2.50,2.17,4214,120,2186,1513
21525,61610,2284,2131,153,1610,521,2.38,2.15,2131,41,876,734
21526,61611,11227,10006,1221,7649,2357,2.43,2.09,10006,563,4736,2913
21527,61614,14346,13133,1213,8058,5075,2.33,1.84,13133,873,5186,2872
21528,61615,10924,10147,777,6466,3681,2.50,1.81,10147,629,3656,2810
21529,61616,3302,2873,429,1716,1157,2.19,1.78,2873,228,908,808
21530,61625,0,0,0,0,0,-,-,0,0,0,0
21531,61701,17760,15810,1950,8920,6890,2.28,1.88,15810,1678,5532,3388
21532,61704,15930,15046,884,9884,5162,2.64,2.09,15046,829,5858,4026
21533,61705,5180,4839,341,3818,1021,2.87,2.12,4839,133,2746,1072
21534,61720,131,84,47,76,8,2.96,3.75,84,1,50,26
21535,61721,237,217,20,181,36,2.28,3.83,217,2,61,120
21536,61722,246,230,16,200,30,2.83,3.10,230,0,101,99
21537,61723,1114,1071,43,895,176,2.45,2.15,1071,35,549,346
21538,61724,173,163,10,151,12,2.72,2.08,163,6,93,58
21539,61725,628,598,30,560,38,2.83,2.63,598,8,332,228
21540,61726,1216,1033,183,732,301,2.78,2.71,1033,10,486,246
21541,61727,4417,4011,406,2825,1186,2.43,2.08,4011,210,1702,1123
21542,61728,502,456,46,339,117,2.70,2.72,456,11,255,84
21543,61729,436,429,7,373,56,3.01,1.82,429,16,216,157
21544,61730,156,145,11,111,34,2.44,3.88,145,0,74,37
21545,61731,62,45,17,31,14,2.35,6.50,45,14,16,15
21546,61732,831,766,65,672,94,2.68,2.27,766,3,520,152
21547,61733,404,354,50,285,69,2.44,1.86,354,5,195,90
21548,61734,1187,1019,168,857,162,2.66,2.28,1019,25,440,417
21549,61735,213,162,51,150,12,2.67,1.92,162,4,100,50
21550,61736,928,911,17,805,106,2.75,2.59,911,7,470,335
21551,61737,206,184,22,173,11,2.43,3.09,184,6,103,70
21552,61738,1705,1558,147,1211,347,2.89,2.22,1558,109,758,453
21553,61739,2011,1935,76,1398,537,2.57,1.88,1935,73,802,596
21554,61740,692,580,112,479,101,2.15,2.55,580,13,197,282
21555,61741,663,626,37,516,110,2.66,1.60,626,7,349,167
21556,61742,473,465,8,429,36,2.76,1.81,465,4,239,190
21557,61743,80,64,16,59,5,2.03,1.80,64,0,25,34
21558,61744,691,658,33,508,150,2.43,2.05,658,9,264,244
21559,61745,1709,1643,66,1337,306,2.88,2.89,1643,76,802,535
21560,61747,697,644,53,498,146,2.53,1.64,644,58,344,154
21561,61748,1186,959,227,913,46,2.69,1.89,959,21,617,296
21562,61749,337,315,22,272,43,1.79,1.60,315,3,96,176
21563,61750,26,26,0,12,14,5.58,2.50,26,0,12,0
21564,61751,31,31,0,31,0,1.84,-,31,0,23,8
21565,61752,1792,1737,55,1464,273,2.53,2.52,1737,73,1036,428
21566,61753,1297,1228,69,1061,167,2.64,1.83,1228,26,583,478
21567,61754,428,414,14,320,94,2.63,2.88,414,6,155,165
21568,61755,1992,1890,102,1598,292,2.48,2.25,1890,40,1084,514
21569,61756,1043,913,130,702,211,2.71,3.19,913,19,449,253
21570,61759,623,564,59,463,101,2.75,1.97,564,15,255,208
21571,61760,1093,984,109,692,292,2.45,2.16,984,36,360,332
21572,61761,22460,20141,2319,11230,8911,2.57,2.15,20141,1152,7305,3925
21573,61764,5841,5358,483,3518,1840,2.30,2.16,5358,392,2071,1447
21574,61769,275,247,28,235,12,2.70,3.75,247,11,130,105
21575,61770,490,440,50,346,94,2.71,1.72,440,2,238,108
21576,61771,320,265,55,252,13,3.12,2.23,265,5,155,97
21577,61772,70,70,0,54,16,3.28,1.94,70,0,34,20
21578,61773,161,130,31,120,10,2.31,1.30,130,1,82,38
21579,61774,495,368,127,298,70,2.47,2.54,368,10,196,102
21580,61775,129,122,7,107,15,1.78,4.07,122,1,32,75
21581,61776,546,527,19,471,56,2.25,2.43,527,2,310,161
21582,61777,446,420,26,341,79,2.26,2.14,420,5,170,171
21583,61778,278,225,53,214,11,2.22,1.18,225,5,95,119
21584,61801,12946,10938,2008,3370,7568,2.23,1.93,10938,2342,1872,1498
21585,61802,9714,8709,1005,4646,4063,2.51,1.82,8709,1009,2683,1963
21586,61810,114,97,17,88,9,2.50,1.44,97,2,43,45
21587,61811,313,278,35,221,57,2.44,2.12,278,16,104,117
21588,61812,144,139,5,120,19,2.68,1.89,139,10,69,51
21589,61813,753,685,68,542,143,2.49,2.01,685,24,297,245
21590,61814,478,475,3,399,76,2.59,2.83,475,3,164,235
21591,61815,182,160,22,115,45,1.92,2.49,160,0,53,62
21592,61816,174,144,30,119,25,2.82,2.60,144,0,48,71
21593,61817,1122,1090,32,829,261,2.34,1.93,1090,30,498,331
21594,61818,713,675,38,518,157,2.27,2.61,675,18,279,239
21595,61820,17737,14582,3155,3114,11468,2.43,2.04,14582,3835,1813,1301
21596,61821,13865,12401,1464,7153,5248,2.29,2.34,12401,900,4342,2811
21597,61822,11759,11083,676,7573,3510,2.64,2.12,11083,512,4788,2785
21598,61830,174,174,0,150,24,2.77,3.33,174,7,57,93
21599,61831,115,98,17,98,0,1.71,-,98,2,37,61
21600,61832,16578,13589,2989,8124,5465,2.40,2.39,13589,2072,3364,4760
21601,61833,829,829,0,652,177,2.06,2.77,829,72,292,360
21602,61834,2832,2509,323,2172,337,2.61,1.99,2509,104,996,1176
21603,61839,282,219,63,169,50,2.69,3.16,219,17,108,61
21604,61840,198,198,0,181,17,2.60,3.35,198,0,75,106
21605,61841,498,462,36,421,41,2.52,2.39,462,4,231,190
21606,61842,1172,1058,114,892,166,2.31,2.39,1058,17,469,423
21607,61843,840,815,25,678,137,2.71,2.71,815,17,430,248
21608,61844,402,354,48,315,39,2.10,2.85,354,2,166,149
21609,61845,178,172,6,159,13,2.33,1.38,172,0,88,71
21610,61846,2394,2128,266,1592,536,2.43,1.90,2128,81,675,917
21611,61847,545,490,55,433,57,2.35,2.33,490,51,250,183
21612,61848,111,92,19,70,22,2.90,2.18,92,1,39,31
21613,61849,912,847,65,752,95,2.53,1.94,847,0,480,272
21614,61850,223,150,73,147,3,2.71,2.33,150,1,47,100
21615,61851,163,152,11,115,37,2.05,2.16,152,1,67,48
21616,61852,88,76,12,68,8,2.12,1.88,76,3,6,62
21617,61853,5294,4809,485,4167,642,2.97,2.40,4809,110,2937,1230
21618,61854,600,526,74,463,63,2.23,3.13,526,6,244,219
21619,61855,51,44,7,44,0,2.91,-,44,0,32,12
21620,61856,3477,3282,195,2685,597,2.62,1.83,3282,67,1651,1034
21621,61857,92,87,5,76,11,1.92,1.18,87,5,51,25
21622,61858,1200,1078,122,906,172,2.72,2.12,1078,19,415,491
21623,61859,543,513,30,480,33,2.74,1.82,513,10,292,188
21624,61862,230,222,8,192,30,2.67,4.17,222,3,73,119
21625,61863,386,360,26,331,29,2.36,2.90,360,2,219,112
21626,61864,618,593,25,536,57,2.91,3.25,593,6,371,165
21627,61865,564,537,27,452,85,2.90,2.27,537,7,239,213
21628,61866,6418,5477,941,2886,2591,2.29,2.60,5477,316,1594,1292
21629,61870,526,487,39,334,153,2.40,2.31,487,17,154,180
21630,61871,171,166,5,135,31,2.30,2.45,166,2,73,62
21631,61872,265,245,20,233,12,2.19,2.17,245,2,119,114
21632,61873,2159,2090,69,1805,285,2.94,1.78,2090,28,1217,588
21633,61874,3778,3412,366,1932,1480,2.63,2.28,3412,212,1342,590
21634,61875,408,306,102,250,56,3.29,3.18,306,0,171,79
21635,61876,251,232,19,216,16,2.86,2.63,232,3,99,117
21636,61877,549,513,36,436,77,2.44,2.87,513,18,294,142
21637,61878,611,541,70,450,91,2.29,2.12,541,11,256,194
21638,61880,1735,1688,47,1306,382,2.71,2.34,1688,20,717,589
21639,61882,287,255,32,233,22,2.65,1.91,255,0,129,104
21640,61883,1932,1799,133,1422,377,2.34,2.86,1799,53,677,745
21641,61884,476,427,49,397,30,2.56,-,427,0,317,80
21642,61910,1536,1437,99,1065,372,3.28,3.06,1437,323,549,516
21643,61911,1734,1660,74,1291,369,3.04,2.00,1660,557,511,780
21644,61912,631,549,82,474,75,2.15,2.57,549,38,248,226
21645,61913,695,586,109,490,96,2.60,2.05,586,5,229,261
21646,61914,906,876,30,698,178,2.27,2.21,876,62,399,299
21647,61917,278,240,38,191,49,2.20,2.33,240,6,57,134
21648,61919,392,318,74,271,47,2.61,1.77,318,4,140,131
21649,61920,9867,8423,1444,4490,3933,2.38,1.85,8423,677,2368,2122
21650,61924,1048,906,142,659,247,2.37,2.63,906,14,335,324
21651,61925,497,464,33,396,68,2.91,1.49,464,22,226,170
21652,61928,320,305,15,276,29,2.28,2.66,305,3,116,160
21653,61929,391,308,83,253,55,2.11,2.33,308,11,118,135
21654,61930,289,257,32,211,46,2.59,3.24,257,3,79,132
21655,61931,518,498,20,432,66,2.88,2.86,498,55,199,233
21656,61932,261,230,31,157,73,2.00,2.71,230,2,59,98
21657,61933,543,457,86,333,124,2.49,2.63,457,32,186,147
21658,61936,158,125,33,113,12,3.08,-,125,0,66,47
21659,61937,830,761,69,516,245,2.19,2.33,761,30,260,256
21660,61938,10412,9495,917,5746,3749,2.22,2.02,9495,765,2868,2878
21661,61940,156,139,17,101,38,2.26,1.87,139,10,26,75
21662,61941,96,63,33,63,0,3.16,-,63,0,0,63
21663,61942,569,446,123,401,45,2.10,1.87,446,7,144,257
21664,61943,804,730,74,572,158,2.24,1.56,730,78,262,310
21665,61944,5758,5365,393,3829,1536,2.22,1.94,5365,681,1938,1891
21666,61949,103,80,23,64,16,1.91,1.88,80,1,44,20
21667,61951,3218,2947,271,2427,520,2.64,2.28,2947,232,1207,1220
21668,61953,2881,2637,244,1898,739,2.47,2.00,2637,211,1151,747
21669,61955,76,69,7,57,12,2.61,5.83,69,9,26,31
21670,61956,1412,1258,154,999,259,2.39,2.11,1258,77,566,433
21671,61957,815,714,101,559,155,2.23,2.59,714,41,280,279
21672,62001,744,689,55,552,137,2.27,1.86,689,12,269,283
21673,62002,15290,13431,1859,8789,4642,2.25,2.30,13431,1017,5294,3495
21674,62006,302,162,140,162,0,3.41,-,162,5,86,76
21675,62009,1003,723,280,501,222,2.46,2.65,723,40,283,218
21676,62010,5212,4619,593,3661,958,2.55,1.95,4619,235,2370,1291
21677,62011,126,105,21,105,0,2.30,-,105,2,1,104
21678,62012,2836,2318,518,2152,166,2.87,2.95,2318,62,1331,821
21679,62013,274,157,117,145,12,3.37,6.17,157,2,60,85
21680,62014,1665,1404,261,1138,266,2.82,2.78,1404,19,699,439
21681,62015,270,202,68,152,50,2.53,3.16,202,12,90,62
21682,62016,1651,1396,255,1034,362,2.72,1.98,1396,28,424,610
21683,62017,569,454,115,373,81,1.97,1.98,454,14,170,203
21684,62018,1247,1102,145,815,287,2.49,2.81,1102,20,439,376
21685,62019,175,155,20,108,47,2.66,2.21,155,2,67,41
21686,62021,387,362,25,362,0,2.02,-,362,0,171,191
21687,62022,432,360,72,330,30,3.13,1.27,360,7,155,175
21688,62023,45,37,8,37,0,3.16,-,37,0,14,23
21689,62024,4702,4141,561,3086,1055,2.44,1.90,4141,256,1875,1211
21690,62025,13198,12304,894,9016,3288,2.74,2.41,12304,319,6134,2882
21691,62026,0,0,0,0,0,-,-,0,0,0,0
21692,62027,252,210,42,179,31,2.73,1.65,210,12,111,68
21693,62028,549,269,280,205,64,1.80,1.33,269,10,103,102
21694,62030,76,33,43,18,15,3.89,3.53,33,6,10,8
21695,62031,564,286,278,271,15,2.63,4.27,286,5,141,130
21696,62032,307,268,39,239,29,2.19,4.72,268,2,46,193
21697,62033,2159,1847,312,1344,503,2.38,2.55,1847,48,772,572
21698,62034,6345,6000,345,4209,1791,2.62,1.91,6000,334,2712,1497
21699,62035,7210,6792,418,5609,1183,2.35,2.23,6792,316,3206,2403
21700,62036,354,208,146,192,16,2.81,1.13,208,10,82,110
21701,62037,1085,727,358,610,117,2.44,1.43,727,30,303,307
21702,62040,18932,16719,2213,11683,5036,2.46,2.36,16719,1418,6767,4916
21703,62044,879,735,144,599,136,3.08,3.03,735,7,285,314
21704,62045,330,154,176,152,2,3.41,12.50,154,0,60,92
21705,62046,370,352,18,253,99,2.63,2.21,352,15,145,108
21706,62047,570,388,182,339,49,4.16,2.63,388,7,117,222
21707,62048,902,775,127,584,191,2.09,3.27,775,37,197,387
21708,62049,2967,2640,327,1986,654,2.43,1.76,2640,199,1186,800
21709,62050,207,115,92,98,17,2.64,4.94,115,0,51,47
21710,62051,390,358,32,245,113,2.34,1.43,358,10,146,99
21711,62052,5381,4720,661,3533,1187,2.78,2.08,4720,155,2154,1379
21712,62053,398,138,260,107,31,2.92,2.58,138,12,58,49
21713,62054,249,131,118,113,18,2.81,2.39,131,6,46,67
21714,62056,4254,3841,413,2743,1098,2.41,1.80,3841,296,1427,1316
21715,62058,409,351,58,267,84,2.33,2.20,351,6,146,121
21716,62059,265,181,84,98,83,4.71,1.99,181,76,23,75
21717,62060,2291,1843,448,879,964,2.03,1.90,1843,191,303,576
21718,62061,639,633,6,552,81,2.65,2.16,633,3,357,195
21719,62062,3625,3510,115,2901,609,2.48,1.62,3510,110,2118,783
21720,62063,415,359,56,270,89,2.09,1.79,359,19,131,139
21721,62067,917,870,47,759,111,2.56,1.48,870,0,470,289
21722,62069,1575,1392,183,1107,285,2.39,1.99,1392,49,517,590
21723,62074,508,473,35,447,26,2.58,2.85,473,1,309,138
21724,62075,1461,1296,165,1029,267,2.47,1.95,1296,99,423,606
21725,62076,49,48,1,43,5,1.58,-,48,0,9,34
21726,62077,137,113,24,101,12,2.18,2.17,113,2,44,57
21727,62078,47,23,24,20,3,4.05,-,23,0,7,13
21728,62079,104,80,24,55,25,4.15,2.76,80,0,55,0
21729,62080,1007,872,135,750,122,2.85,3.53,872,25,328,422
21730,62081,140,96,44,92,4,3.82,6.50,96,2,40,52
21731,62082,1302,973,329,833,140,2.32,2.72,973,36,335,498
21732,62083,134,97,37,97,0,1.53,-,97,0,21,76
21733,62084,772,694,78,517,177,2.29,1.89,694,41,339,178
21734,62085,118,70,48,60,10,2.57,2.20,70,3,34,26
21735,62086,538,480,58,423,57,2.77,1.37,480,36,204,219
21736,62087,888,787,101,540,247,2.74,2.61,787,11,269,271
21737,62088,3066,2759,307,2077,682,2.20,2.46,2759,122,1105,972
21738,62089,314,307,7,258,49,1.89,2.41,307,12,108,150
21739,62090,530,443,87,207,236,2.75,2.32,443,95,70,137
21740,62091,156,143,13,121,22,3.28,3.68,143,0,66,55
21741,62092,1361,1018,343,775,243,2.35,2.82,1018,44,326,449
21742,62093,294,209,85,175,34,2.85,1.50,209,8,87,88
21743,62094,401,340,61,256,84,2.62,2.75,340,33,103,153
21744,62095,5081,4518,563,3221,1297,2.30,2.47,4518,216,2059,1162
21745,62097,1133,1092,41,1030,62,2.69,2.18,1092,8,753,277
21746,62098,27,10,17,10,0,3.20,-,10,0,0,10
21747,62201,2660,2099,561,729,1370,2.71,2.35,2099,457,213,516
21748,62203,3084,2186,898,1639,547,2.92,2.48,2186,181,530,1109
21749,62204,3735,2447,1288,1442,1005,2.32,2.76,2447,561,437,1005
21750,62205,3585,2304,1281,1475,829,2.64,2.29,2304,569,428,1047
21751,62206,6106,4431,1675,2081,2350,2.72,3.22,4431,714,990,1091
21752,62207,3663,3083,580,979,2104,2.32,2.40,3083,1018,224,755
21753,62208,8174,7148,1026,4370,2778,2.44,2.24,7148,214,2808,1562
21754,62214,555,450,105,390,60,2.68,1.60,450,2,236,154
21755,62215,805,782,23,650,132,2.61,2.64,782,33,434,216
21756,62216,1078,1046,32,858,188,2.84,2.25,1046,10,563,295
21757,62217,400,324,76,286,38,2.23,3.03,324,7,87,199
21758,62218,789,732,57,682,50,2.72,1.72,732,13,372,310
21759,62219,429,398,31,328,70,2.30,2.96,398,27,204,124
21760,62220,8662,7242,1420,4916,2326,2.60,1.97,7242,573,3013,1903
21761,62221,12899,11940,959,8153,3787,2.64,2.33,11940,603,5381,2772
21762,62223,7907,7309,598,5570,1739,2.22,2.14,7309,372,3526,2044
21763,62225,1537,1444,93,12,1432,2.92,3.44,1444,18,0,12
21764,62226,13699,12270,1429,7592,4678,2.63,1.94,12270,735,4536,3056
21765,62230,2643,2630,13,2162,468,2.52,1.93,2630,120,1326,836
21766,62231,3220,2647,573,2087,560,2.32,2.81,2647,73,1052,1035
21767,62232,3114,2693,421,2040,653,2.47,3.06,2693,165,1359,681
21768,62233,2915,2519,396,1866,653,2.27,1.93,2519,218,913,953
21769,62234,14644,13690,954,9530,4160,2.42,2.29,13690,652,6272,3258
21770,62236,5683,5357,326,4606,751,2.82,1.86,5357,33,2968,1638
21771,62237,1241,1051,190,939,112,2.15,1.66,1051,36,436,503
21772,62238,232,207,25,174,33,2.48,3.15,207,9,87,87
21773,62239,1872,1814,58,1194,620,2.32,2.05,1814,89,695,499
21774,62240,795,602,193,398,204,4.23,2.79,602,7,222,176
21775,62241,402,344,58,314,30,2.13,3.00,344,2,145,169
21776,62242,787,597,190,522,75,2.46,2.20,597,29,214,308
21777,62243,2344,2267,77,1804,463,2.73,2.10,2267,105,972,832
21778,62244,401,363,38,288,75,2.24,2.43,363,0,160,128
21779,62245,764,738,26,658,80,2.39,1.63,738,17,329,329
21780,62246,3854,3453,401,2375,1078,2.50,1.87,3453,339,1283,1092
21781,62248,235,228,7,176,52,2.67,1.62,228,6,110,66
21782,62249,7129,6898,231,5254,1644,2.51,2.02,6898,315,3503,1751
21783,62250,246,240,6,222,18,2.96,1.94,240,3,86,136
21784,62253,412,294,118,226,68,2.77,1.74,294,21,87,139
21785,62254,2727,2342,385,1689,653,2.68,2.37,2342,163,1153,536
21786,62255,397,359,38,325,34,3.19,1.62,359,11,144,181
21787,62256,36,17,19,12,5,3.75,1.40,17,0,9,3
21788,62257,1081,862,219,702,160,2.28,2.27,862,49,403,299
21789,62258,3847,3448,399,2498,950,3.02,2.73,3448,144,1509,989
21790,62260,2797,2714,83,2308,406,2.46,2.81,2714,79,1492,816
21791,62261,91,33,58,33,0,1.24,-,33,0,0,33
21792,62262,914,745,169,678,67,2.23,3.45,745,77,297,381
21793,62263,2280,2145,135,1726,419,2.39,1.82,2145,77,938,788
21794,62264,1424,1322,102,1151,171,2.65,2.31,1322,65,669,482
21795,62265,1898,1834,64,1255,579,2.39,2.25,1834,97,744,511
21796,62266,110,12,98,12,0,-,-,12,0,0,12
21797,62268,422,398,24,348,50,2.51,2.02,398,3,173,175
21798,62269,14244,13217,1027,9750,3467,2.92,2.07,13217,474,7180,2570
21799,62271,885,808,77,639,169,2.39,2.73,808,21,305,334
21800,62272,784,652,132,471,181,3.19,2.13,652,22,235,236
21801,62273,147,111,36,91,20,2.20,2.40,111,3,54,37
21802,62274,2955,2670,285,2001,669,2.38,1.84,2670,229,1124,877
21803,62275,1206,1124,82,922,202,2.95,2.67,1124,40,545,377
21804,62277,461,405,56,342,63,2.32,2.52,405,19,176,166
21805,62278,2806,2559,247,1969,590,2.59,2.15,2559,122,1131,838
21806,62279,24,24,0,24,0,2.83,-,24,0,19,5
21807,62280,223,197,26,196,1,2.76,-,197,1,103,93
21808,62281,1208,1127,81,1071,56,2.87,2.27,1127,27,768,303
21809,62282,325,285,40,245,40,2.28,2.28,285,1,133,112
21810,62284,282,274,8,247,27,2.62,3.48,274,9,114,133
21811,62285,1786,1728,58,1545,183,2.72,1.96,1728,0,1024,521
21812,62286,2792,2412,380,1618,794,2.27,1.99,2412,170,908,710
21813,62288,1273,1136,137,830,306,2.26,2.58,1136,33,348,482
21814,62289,175,159,16,127,32,2.06,2.22,159,1,65,62
21815,62292,410,357,53,220,137,2.60,2.98,357,50,102,118
21816,62293,1822,1735,87,1411,324,2.69,1.47,1735,83,838,573
21817,62294,5814,5615,199,4333,1282,2.87,1.63,5615,263,3090,1243
21818,62295,546,533,13,428,105,3.01,2.61,533,6,309,119
21819,62297,193,173,20,139,34,1.63,2.88,173,0,30,109
21820,62298,7377,6868,509,5682,1186,2.61,1.75,6868,339,3149,2533
21821,62301,15311,13630,1681,8150,5480,2.49,1.86,13630,1672,4899,3251
21822,62305,8275,7651,624,6500,1151,2.54,2.08,7651,166,3524,2976
21823,62311,481,388,93,286,102,2.12,1.75,388,19,150,136
21824,62312,773,652,121,479,173,2.79,2.84,652,47,202,277
21825,62313,181,142,39,128,14,2.30,2.07,142,0,60,68
21826,62314,296,224,72,168,56,2.70,2.46,224,11,62,106
21827,62316,297,285,12,221,64,3.24,2.31,285,11,114,107
21828,62319,173,110,63,107,3,2.02,1.33,110,21,24,83
21829,62320,972,885,87,745,140,2.84,1.99,885,20,489,256
21830,62321,1947,1672,275,1340,332,2.31,1.69,1672,52,654,686
21831,62323,82,82,0,73,9,2.48,-,82,8,29,44
21832,62324,635,564,71,424,140,2.62,2.63,564,15,205,219
21833,62325,193,167,26,139,28,2.93,2.57,167,5,97,42
21834,62326,1081,1009,72,717,292,2.44,2.36,1009,89,353,364
21835,62330,844,670,174,534,136,2.17,2.13,670,34,184,350
21836,62334,92,80,12,68,12,2.38,2.58,80,4,34,34
21837,62336,35,35,0,33,2,2.39,3.00,35,3,8,25
21838,62338,569,481,88,469,12,2.39,2.83,481,0,248,221
21839,62339,448,416,32,345,71,2.37,2.28,416,32,144,201
21840,62340,790,699,91,500,199,2.49,2.16,699,39,173,327
21841,62341,1561,1401,160,1084,317,2.62,2.01,1401,77,456,628
21842,62343,391,318,73,283,35,2.60,2.43,318,12,110,173
21843,62344,10,10,0,3,7,2.33,1.71,10,0,0,3
21844,62345,166,134,32,104,30,2.61,1.93,134,3,47,57
21845,62346,83,75,8,72,3,2.07,2.00,75,3,30,42
21846,62347,806,717,89,605,112,2.49,2.56,717,35,297,308
21847,62348,98,74,24,61,13,2.74,3.15,74,1,18,43
21848,62349,325,297,28,265,32,2.42,2.06,297,8,117,148
21849,62351,805,750,55,637,113,2.52,2.46,750,40,409,228
21850,62352,106,88,18,69,19,2.52,4.63,88,6,39,30
21851,62353,1571,1369,202,909,460,2.49,1.89,1369,77,495,414
21852,62354,867,509,358,389,120,2.50,2.85,509,33,104,285
21853,62355,402,264,138,240,24,3.31,3.33,264,5,107,133
21854,62356,296,193,103,157,36,3.76,2.17,193,5,85,72
21855,62357,177,137,40,87,50,2.49,2.24,137,0,52,35
21856,62358,310,200,110,195,5,3.10,2.40,200,14,78,117
21857,62359,48,48,0,48,0,3.23,-,48,0,27,21
21858,62360,798,696,102,596,100,2.78,3.44,696,1,336,260
21859,62361,253,111,142,102,9,3.27,2.11,111,2,31,71
21860,62362,220,164,56,136,28,2.41,1.61,164,2,58,78
21861,62363,2687,2254,433,1769,485,2.27,1.90,2254,127,890,879
21862,62365,229,184,45,166,18,2.48,2.33,184,2,51,115
21863,62366,701,468,233,384,84,3.40,2.82,468,27,228,156
21864,62367,746,611,135,525,86,2.12,2.05,611,27,303,222
21865,62370,193,118,75,108,10,2.68,3.10,118,0,49,59
21866,62373,205,145,60,134,11,1.74,4.18,145,0,51,83
21867,62374,197,180,17,176,4,1.53,-,180,5,100,76
21868,62375,299,270,29,257,13,1.83,2.77,270,2,128,129
21869,62376,519,433,86,307,126,2.38,2.08,433,8,169,138
21870,62378,472,355,117,302,53,2.50,1.28,355,12,164,138
21871,62379,915,762,153,639,123,2.39,2.44,762,5,285,354
21872,62380,126,113,13,108,5,3.81,2.40,113,10,23,85
21873,62401,8615,7933,682,5755,2178,2.43,2.26,7933,685,3235,2520
21874,62410,521,484,37,459,25,3.03,4.36,484,1,210,249
21875,62411,1819,1756,63,1408,348,2.50,1.80,1756,80,740,668
21876,62413,142,138,4,138,0,1.82,-,138,0,70,68
21877,62414,758,675,83,540,135,2.35,2.30,675,22,227,313
21878,62417,1173,1046,127,770,276,2.57,2.21,1046,69,384,386
21879,62418,1015,813,202,630,183,2.59,2.81,813,51,289,341
21880,62419,119,91,28,83,8,2.14,3.13,91,0,39,44
21881,62420,2120,1824,296,1492,332,2.23,1.92,1824,78,904,588
21882,62421,297,204,93,188,16,2.28,4.25,204,0,63,125
21883,62422,443,404,39,311,93,2.69,1.69,404,41,122,189
21884,62423,242,229,13,229,0,2.86,-,229,0,144,85
21885,62424,900,872,28,710,162,2.86,2.58,872,8,438,272
21886,62425,279,256,23,256,0,2.60,-,256,7,71,185
21887,62426,413,365,48,305,60,1.97,2.03,365,4,141,164
21888,62427,838,804,34,764,40,2.51,2.33,804,26,365,399
21889,62428,1366,1160,206,957,203,2.43,2.87,1160,15,501,456
21890,62431,457,351,106,270,81,2.54,2.95,351,7,132,138
21891,62432,288,242,46,226,16,3.08,4.00,242,5,128,98
21892,62433,567,507,60,376,131,2.29,1.69,507,30,224,152
21893,62434,257,153,104,153,0,2.41,-,153,0,33,120
21894,62436,315,291,24,262,29,2.55,3.90,291,2,97,165
21895,62438,84,65,19,65,0,2.72,-,65,0,12,53
21896,62439,3373,2862,511,1995,867,2.47,2.33,2862,162,1020,975
21897,62440,565,506,59,423,83,2.05,1.45,506,30,202,221
21898,62441,3318,2850,468,2247,603,2.48,2.20,2850,148,1377,870
21899,62442,1204,1057,147,790,267,2.44,2.78,1057,49,375,415
21900,62443,759,704,55,646,58,2.54,2.03,704,3,316,330
21901,62444,173,161,12,161,0,2.47,-,161,0,53,108
21902,62445,429,406,23,371,35,2.74,2.57,406,11,151,220
21903,62446,163,138,25,118,20,2.80,3.15,138,0,61,57
21904,62447,1479,1201,278,993,208,2.67,2.30,1201,54,454,539
21905,62448,2473,2234,239,1778,456,2.41,2.09,2234,195,803,975
21906,62449,1484,1359,125,1046,313,2.04,2.05,1359,44,470,576
21907,62450,5795,5027,768,3522,1505,2.59,2.08,5027,395,1568,1954
21908,62451,1032,933,99,778,155,2.21,2.68,933,29,408,370
21909,62452,164,144,20,114,30,2.08,2.00,144,11,37,77
21910,62454,4499,3860,639,2852,1008,2.29,2.03,3860,293,1523,1329
21911,62458,1043,906,137,827,79,2.72,2.53,906,12,316,511
21912,62459,123,109,14,103,6,3.11,2.50,109,6,68,35
21913,62460,508,448,60,347,101,2.21,2.66,448,18,88,259
21914,62461,361,357,4,315,42,2.11,1.24,357,30,127,188
21915,62462,488,471,17,384,87,2.45,3.32,471,12,184,200
21916,62463,501,463,38,410,53,2.21,2.98,463,43,165,245
21917,62464,56,48,8,40,8,2.35,7.88,48,1,19,21
21918,62465,346,325,21,284,41,2.49,1.76,325,4,128,156
21919,62466,1232,1027,205,918,109,2.34,2.05,1027,9,440,478
21920,62467,1747,1545,202,1253,292,2.72,1.82,1545,80,566,687
21921,62468,1133,1003,130,731,272,2.57,2.22,1003,40,381,350
21922,62469,121,121,0,80,41,1.79,5.49,121,0,34,46
21923,62471,3950,3373,577,2389,984,2.71,2.25,3373,215,1128,1261
21924,62473,508,483,25,429,54,2.27,2.70,483,15,216,213
21925,62474,293,285,8,249,36,2.29,1.83,285,5,109,140
21926,62475,164,139,25,139,0,2.84,-,139,0,76,63
21927,62476,778,610,168,553,57,2.38,2.61,610,15,198,355
21928,62477,394,282,112,245,37,2.85,2.16,282,15,107,138
21929,62478,145,120,25,103,17,2.50,-,120,4,67,36
21930,62479,306,294,12,218,76,3.02,2.03,294,3,118,100
21931,62480,263,233,30,183,50,2.63,1.40,233,14,51,132
21932,62481,206,135,71,135,0,2.21,-,135,0,22,113
21933,62501,1056,901,155,825,76,2.41,2.47,901,24,402,423
21934,62510,850,771,79,472,299,2.52,1.84,771,13,224,248
21935,62512,286,252,34,214,38,2.50,1.95,252,0,137,77
21936,62513,700,652,48,537,115,2.35,2.48,652,17,319,218
21937,62514,147,147,0,98,49,2.54,2.37,147,0,40,58
21938,62515,454,426,28,329,97,2.56,2.52,426,22,164,165
21939,62517,118,88,30,52,36,2.85,3.44,88,2,42,10
21940,62518,96,96,0,75,21,1.53,1.62,96,0,9,66
21941,62519,50,30,20,30,0,1.80,-,30,0,30,0
21942,62520,629,602,27,509,93,2.34,2.56,602,1,243,266
21943,62521,16252,14020,2232,10224,3796,2.27,2.68,14020,1029,5085,5139
21944,62522,7229,5814,1415,3805,2009,2.47,2.07,5814,654,1877,1928
21945,62523,382,265,117,29,236,1.66,1.69,265,168,29,0
21946,62526,16347,14349,1998,8342,6007,2.21,1.88,14349,1994,4336,4006
21947,62530,684,632,52,521,111,2.26,1.72,632,34,344,177
21948,62531,787,707,80,586,121,2.73,2.67,707,9,366,220
21949,62532,50,50,0,50,0,2.02,-,50,6,22,28
21950,62533,379,338,41,251,87,2.33,2.17,338,16,155,96
21951,62534,555,490,65,384,106,2.15,3.11,490,2,183,201
21952,62535,1384,1356,28,1275,81,2.75,1.88,1356,18,702,573
21953,62536,314,314,0,314,0,2.29,-,314,0,117,197
21954,62537,109,101,8,92,9,2.74,-,101,0,52,40
21955,62538,191,169,22,140,29,2.85,2.90,169,9,62,78
21956,62539,570,522,48,436,86,2.48,2.24,522,16,214,222
21957,62540,625,587,38,446,141,2.23,2.03,587,44,215,231
21958,62541,45,24,21,24,0,1.92,-,24,0,0,24
21959,62543,242,226,16,154,72,2.18,2.42,226,12,60,94
21960,62544,725,615,110,522,93,2.69,1.90,615,11,312,210
21961,62545,619,571,48,526,45,2.45,1.53,571,10,317,209
21962,62546,671,596,75,507,89,2.57,2.30,596,19,250,257
21963,62547,376,338,38,322,16,2.77,1.94,338,3,170,152
21964,62548,1012,973,39,833,140,2.41,1.76,973,23,484,349
21965,62549,2462,2296,166,1853,443,2.88,2.55,2296,97,1238,615
21966,62550,1225,1102,123,887,215,2.55,2.89,1102,37,531,356
21967,62551,381,331,50,277,54,2.76,3.04,331,9,169,108
21968,62553,168,144,24,136,8,2.13,3.50,144,1,62,74
21969,62554,742,682,60,604,78,2.92,3.32,682,13,437,167
21970,62555,208,205,3,164,41,3.12,2.49,205,0,72,92
21971,62556,140,131,9,126,5,2.51,2.00,131,4,70,56
21972,62557,3670,2972,698,2373,599,2.31,2.42,2972,136,1134,1239
21973,62558,1647,1463,184,1177,286,2.40,2.12,1463,46,655,522
21974,62560,556,496,60,374,122,2.76,2.19,496,20,224,150
21975,62561,2360,2245,115,1604,641,2.10,2.87,2245,81,900,704
21976,62563,2372,2255,117,2131,124,2.66,2.62,2255,46,1327,804
21977,62565,3627,3196,431,2350,846,2.45,1.89,3196,174,1104,1246
21978,62567,454,395,59,293,102,2.38,2.11,395,4,144,149
21979,62568,7084,6391,693,4604,1787,2.33,2.35,6391,393,2228,2376
21980,62570,263,246,17,211,35,2.50,8.09,246,3,163,48
21981,62571,698,620,78,471,149,2.36,2.12,620,0,134,337
21982,62572,242,204,38,171,33,2.95,1.52,204,3,94,77
21983,62573,563,494,69,382,112,3.14,2.32,494,43,189,193
21984,62601,163,114,49,104,10,2.83,4.10,114,4,97,7
21985,62610,80,72,8,55,17,2.58,1.24,72,8,19,36
21986,62611,489,463,26,441,22,2.89,3.18,463,18,237,204
21987,62612,761,627,134,512,115,2.32,2.63,627,10,280,232
21988,62613,1637,1544,93,1232,312,2.55,2.83,1544,26,806,426
21989,62615,2128,1977,151,1637,340,2.88,2.19,1977,17,1158,479
21990,62617,386,268,118,239,29,1.79,3.14,268,1,93,146
21991,62618,3131,2763,368,2031,732,2.56,2.94,2763,218,948,1083
21992,62621,551,445,106,365,80,2.70,1.95,445,25,160,205
21993,62622,8,8,0,8,0,5.25,-,8,0,8,0
21994,62624,193,132,61,121,11,2.51,1.55,132,1,57,64
21995,62625,382,375,7,340,35,2.55,2.40,375,0,252,88
21996,62626,3378,2913,465,2023,890,2.54,2.41,2913,131,1013,1010
21997,62627,534,441,93,376,65,2.26,2.58,441,17,182,194
21998,62628,356,305,51,265,40,2.34,3.65,305,2,125,140
21999,62629,5938,5650,288,4493,1157,2.83,2.14,5650,39,3262,1231
22000,62630,314,254,60,238,16,2.55,3.63,254,3,89,149
22001,62631,156,127,29,101,26,1.76,2.92,127,0,34,67
22002,62633,261,234,27,206,28,2.59,2.43,234,4,111,95
22003,62634,460,426,34,364,62,2.49,2.10,426,12,258,106
22004,62635,295,295,0,200,95,2.60,1.72,295,3,86,114
22005,62638,637,528,109,452,76,2.57,3.01,528,10,234,218
22006,62639,133,118,15,89,29,2.51,1.48,118,6,20,69
22007,62640,1559,1235,324,974,261,2.74,2.92,1235,51,590,384
22008,62642,637,545,92,425,120,2.40,2.13,545,29,184,241
22009,62643,322,278,44,182,96,1.87,3.46,278,3,98,84
22010,62644,2445,2105,340,1576,529,2.07,2.55,2105,185,528,1048
22011,62649,208,176,32,127,49,2.32,2.45,176,6,26,101
22012,62650,11219,9923,1296,6484,3439,2.29,2.12,9923,902,3928,2556
22013,62655,265,233,32,186,47,2.66,2.06,233,10,86,100
22014,62656,7386,6828,558,4436,2392,2.27,1.90,6828,515,2523,1913
22015,62661,572,540,32,459,81,2.68,3.11,540,15,240,219
22016,62663,105,88,17,82,6,2.29,2.83,88,1,45,37
22017,62664,1450,1277,173,1012,265,2.42,1.84,1277,63,489,523
22018,62665,800,572,228,457,115,2.50,2.15,572,24,220,237
22019,62666,246,176,70,139,37,2.64,2.30,176,5,87,52
22020,62667,320,247,73,201,46,2.46,1.83,247,4,55,146
22021,62668,581,492,89,432,60,2.71,2.72,492,8,250,182
22022,62670,1214,1048,166,833,215,2.54,2.29,1048,40,515,318
22023,62671,251,202,49,153,49,2.52,2.02,202,6,69,84
22024,62672,111,73,38,64,9,2.11,2.00,73,8,27,37
22025,62673,205,162,43,129,33,2.22,1.82,162,11,75,54
22026,62674,722,551,171,430,121,2.48,2.98,551,16,149,281
22027,62675,2830,2582,248,2024,558,2.37,2.01,2582,174,1226,798
22028,62677,908,844,64,755,89,2.36,2.64,844,12,413,342
22029,62681,2534,2095,439,1607,488,2.50,1.72,2095,88,750,857
22030,62682,352,279,73,246,33,2.48,2.33,279,0,164,82
22031,62684,2038,2038,0,1855,183,2.77,1.45,2038,45,1309,546
22032,62685,884,692,192,558,134,2.88,1.78,692,63,261,297
22033,62688,361,329,32,295,34,2.29,2.79,329,5,132,163
22034,62689,300,251,49,226,25,2.26,1.56,251,6,121,105
22035,62690,1888,1565,323,1130,435,2.44,2.25,1565,141,604,526
22036,62691,1039,910,129,694,216,2.42,2.44,910,18,329,365
22037,62692,925,842,83,673,169,2.52,2.12,842,24,416,257
22038,62693,700,659,41,578,81,2.72,2.01,659,15,391,187
22039,62694,1421,1197,224,975,222,2.49,2.35,1197,41,469,506
22040,62695,224,198,26,177,21,2.34,3.00,198,6,88,89
22041,62701,755,515,240,19,496,1.26,1.30,515,257,6,13
22042,62702,17358,15167,2191,9250,5917,2.14,2.20,15167,1819,4728,4522
22043,62703,14167,12391,1776,7038,5353,2.04,2.33,12391,1745,3946,3092
22044,62704,20751,18930,1821,11255,7675,2.23,1.93,18930,1440,7118,4137
22045,62706,0,0,0,0,0,-,-,0,0,0,0
22046,62707,3630,3500,130,3153,347,2.27,2.11,3500,134,1887,1266
22047,62711,7631,7384,247,5948,1436,2.54,1.66,7384,296,3976,1972
22048,62712,4643,4328,315,3701,627,2.34,1.89,4328,207,2118,1583
22049,62801,9065,7711,1354,5469,2242,2.35,2.33,7711,708,2455,3014
22050,62803,437,420,17,261,159,2.20,2.96,420,19,102,159
22051,62806,1533,1384,149,1037,347,2.33,2.50,1384,28,434,603
22052,62807,435,381,54,334,47,2.40,1.79,381,12,154,180
22053,62808,749,664,85,531,133,2.63,2.89,664,14,221,310
22054,62809,142,134,8,129,5,2.71,1.60,134,0,40,89
22055,62810,429,387,42,323,64,2.45,2.13,387,50,126,197
22056,62811,144,130,14,99,31,2.17,3.55,130,4,53,46
22057,62812,5463,4773,690,3433,1340,2.44,2.11,4773,293,1452,1981
22058,62814,805,707,98,613,94,2.66,2.23,707,8,334,279
22059,62815,104,94,10,64,30,2.66,1.93,94,6,23,41
22060,62816,549,464,85,411,53,2.26,2.43,464,23,171,240
22061,62817,303,269,34,223,46,2.10,1.59,269,9,47,176
22062,62818,177,177,0,155,22,2.34,2.05,177,6,42,113
22063,62819,159,148,11,135,13,2.11,1.85,148,8,52,83
22064,62820,112,71,41,59,12,3.25,1.75,71,0,28,31
22065,62821,3638,3089,549,2316,773,2.18,2.32,3089,192,935,1381
22066,62822,1388,1195,193,769,426,2.23,1.89,1195,114,265,504
22067,62823,791,680,111,560,120,2.57,3.23,680,53,247,313
22068,62824,804,675,129,554,121,2.50,2.52,675,38,223,331
22069,62825,137,118,19,102,16,2.22,1.44,118,6,27,75
22070,62827,552,497,55,360,137,2.52,1.95,497,34,166,194
22071,62828,581,480,101,415,65,2.78,2.83,480,21,153,262
22072,62829,78,59,19,33,26,4.03,-,59,0,33,0
22073,62830,636,590,46,445,145,2.38,1.39,590,60,180,265
22074,62831,287,197,90,181,16,1.93,1.81,197,5,93,88
22075,62832,4311,3786,525,2598,1188,2.36,2.15,3786,313,1153,1445
22076,62833,191,143,48,119,24,2.27,2.04,143,0,28,91
22077,62835,596,504,92,443,61,2.66,1.95,504,42,165,278
22078,62836,377,338,39,273,65,2.61,2.82,338,6,132,141
22079,62837,4244,3779,465,2778,1001,2.22,2.25,3779,328,1359,1419
22080,62838,793,697,96,579,118,2.85,2.58,697,15,202,377
22081,62839,3057,2747,310,2059,688,2.25,2.26,2747,162,1043,1016
22082,62841,66,50,16,50,0,3.78,-,50,0,14,36
22083,62842,329,297,32,257,40,2.31,2.78,297,9,97,160
22084,62843,83,74,9,35,39,2.51,-,74,39,8,27
22085,62844,1038,856,182,606,250,2.40,2.05,856,85,305,301
22086,62846,332,299,33,219,80,3.08,1.68,299,24,95,124
22087,62848,299,271,28,226,45,2.32,2.07,271,20,122,104
22088,62849,909,792,117,709,83,2.57,2.95,792,21,324,385
22089,62850,177,145,32,128,17,4.78,1.59,145,14,64,64
22090,62851,113,91,22,91,0,2.70,-,91,1,60,31
22091,62852,75,61,14,56,5,2.16,1.80,61,0,18,38
22092,62853,371,347,24,276,71,2.86,3.25,347,2,119,157
22093,62854,867,752,115,646,106,2.19,1.49,752,49,375,271
22094,62856,149,140,9,119,21,2.12,2.71,140,9,23,96
22095,62858,1266,1183,83,827,356,2.53,2.42,1183,84,357,470
22096,62859,2593,2167,426,1616,551,2.47,2.38,2167,87,641,975
22097,62860,262,207,55,191,16,1.89,1.19,207,15,104,87
22098,62861,71,56,15,56,0,2.96,-,56,0,22,34
22099,62862,145,132,13,123,9,2.48,2.22,132,5,31,92
22100,62863,4614,3992,622,3077,915,2.44,1.86,3992,501,1361,1716
22101,62864,11122,9580,1542,6249,3331,2.54,2.04,9580,797,3089,3160
22102,62865,937,870,67,765,105,2.26,2.46,870,23,256,509
22103,62867,250,150,100,117,33,2.97,1.79,150,24,41,76
22104,62868,742,674,68,553,121,2.51,2.17,674,32,275,278
22105,62869,1128,916,212,759,157,2.94,2.37,916,81,410,349
22106,62870,1004,877,127,666,211,2.27,2.67,877,42,376,290
22107,62871,291,241,50,226,15,2.74,5.33,241,16,59,167
22108,62872,430,416,14,368,48,2.94,2.10,416,30,217,151
22109,62874,204,192,12,160,32,2.07,1.66,192,24,47,113
22110,62875,560,489,71,439,50,2.63,3.06,489,0,214,225
22111,62876,88,68,20,64,4,1.94,3.50,68,4,29,35
22112,62877,196,186,10,167,19,2.31,2.58,186,6,73,94
22113,62878,169,154,15,148,6,1.94,2.17,154,0,70,78
22114,62879,15,14,1,10,4,3.60,-,14,1,3,7
22115,62880,263,251,12,215,36,2.64,2.06,251,15,49,166
22116,62881,4884,4497,387,3245,1252,2.34,2.47,4497,283,1800,1445
22117,62882,1003,902,101,708,194,2.65,2.28,902,53,309,399
22118,62883,253,238,15,216,22,2.73,1.59,238,0,99,117
22119,62884,1309,1110,199,967,143,2.43,3.00,1110,22,362,605
22120,62885,247,238,9,181,57,2.55,1.56,238,30,64,117
22121,62886,143,113,30,96,17,2.38,3.06,113,3,32,64
22122,62887,119,84,35,59,25,2.36,3.52,84,1,9,50
22123,62888,904,787,117,702,85,2.36,2.45,787,20,296,406
22124,62889,498,436,62,349,87,2.84,1.71,436,44,202,147
22125,62890,1121,967,154,752,215,2.37,2.31,967,44,295,457
22126,62891,328,298,30,265,33,2.35,1.85,298,54,117,148
22127,62892,160,93,67,85,8,2.39,1.50,93,2,41,44
22128,62893,426,351,75,295,56,2.61,2.43,351,10,193,102
22129,62894,356,352,4,296,56,2.88,1.66,352,7,171,125
22130,62895,885,805,80,656,149,2.35,2.11,805,18,253,403
22131,62896,5317,4722,595,3367,1355,2.37,2.16,4722,478,1499,1868
22132,62897,231,181,50,143,38,2.12,4.18,181,0,54,89
22133,62898,914,810,104,730,80,2.73,1.96,810,4,413,317
22134,62899,629,555,74,470,85,3.18,2.49,555,67,193,277
22135,62901,13070,10482,2588,3296,7186,2.23,1.74,10482,1686,1690,1606
22136,62902,2113,1834,279,1228,606,2.54,1.84,1834,72,519,709
22137,62903,1479,1278,201,563,715,2.94,1.87,1278,52,301,262
22138,62905,274,220,54,179,41,2.58,2.44,220,8,101,78
22139,62906,3370,2996,374,2154,842,2.28,2.44,2996,543,903,1251
22140,62907,853,659,194,596,63,2.80,2.16,659,77,300,296
22141,62908,197,151,46,140,11,2.56,3.36,151,0,57,83
22142,62910,1142,808,334,679,129,2.75,2.36,808,32,286,393
22143,62912,642,569,73,478,91,2.64,3.32,569,16,177,301
22144,62914,1410,681,729,488,193,3.25,1.53,681,127,161,327
22145,62915,274,208,66,96,112,2.88,1.49,208,16,44,52
22146,62916,331,307,24,268,39,2.57,2.15,307,41,143,125
22147,62917,1123,951,172,745,206,2.87,2.01,951,71,349,396
22148,62918,4712,4384,328,3153,1231,2.57,2.13,4384,276,1828,1325
22149,62919,516,290,226,242,48,2.83,1.54,290,14,93,149
22150,62920,1425,1213,212,1061,152,2.56,1.75,1213,12,516,545
22151,62921,177,127,50,89,38,2.29,2.55,127,11,35,54
22152,62922,1794,1262,532,1127,135,2.63,2.48,1262,87,506,621
22153,62923,225,162,63,150,12,2.69,1.67,162,0,64,86
22154,62924,1288,1137,151,615,522,2.65,2.12,1137,47,314,301
22155,62926,941,732,209,580,152,2.77,2.81,732,34,258,322
22156,62927,192,149,43,118,31,2.34,2.48,149,7,36,82
22157,62928,61,28,33,18,10,1.72,1.80,28,0,0,18
22158,62930,2898,2567,331,1895,672,2.29,1.66,2567,173,639,1256
22159,62931,899,602,297,448,154,2.54,1.40,602,74,116,332
22160,62932,595,502,93,332,170,2.38,2.20,502,26,133,199
22161,62933,553,518,35,392,126,2.31,1.84,518,46,165,227
22162,62934,349,280,69,242,38,2.37,1.76,280,16,124,118
22163,62935,995,845,150,694,151,2.74,2.07,845,27,329,365
22164,62938,1611,1029,582,844,185,2.71,1.71,1029,55,341,503
22165,62939,1508,1105,403,997,108,2.47,2.31,1105,22,388,609
22166,62940,280,243,37,150,93,3.07,3.62,243,15,34,116
22167,62941,371,266,105,239,27,2.71,2.00,266,20,98,141
22168,62942,317,255,62,178,77,2.40,2.84,255,4,70,108
22169,62943,217,133,84,123,10,2.96,-,133,15,61,62
22170,62946,5942,5152,790,3737,1415,2.46,1.89,5152,586,1745,1992
22171,62947,267,199,68,172,27,2.01,-,199,22,28,144
22172,62948,6216,5468,748,3588,1880,2.47,2.01,5468,470,1903,1685
22173,62949,421,377,44,202,175,2.58,1.86,377,30,74,128
22174,62950,67,67,0,40,27,2.63,-,67,0,12,28
22175,62951,2266,2103,163,1785,318,2.47,2.18,2103,62,1034,751
22176,62952,1356,1150,206,927,223,2.79,2.37,1150,73,484,443
22177,62953,104,89,15,59,30,3.39,2.73,89,12,20,39
22178,62954,361,342,19,289,53,2.00,1.60,342,39,99,190
22179,62956,463,410,53,352,58,2.89,5.69,410,14,120,232
22180,62957,341,231,110,128,103,2.38,2.86,231,10,36,92
22181,62958,1017,823,194,629,194,2.42,2.81,823,7,274,355
22182,62959,13143,11667,1476,8145,3522,2.26,2.03,11667,925,4807,3338
22183,62960,5304,4239,1065,3218,1021,2.52,2.21,4239,228,1629,1589
22184,62961,14,11,3,11,0,2.82,-,11,3,6,5
22185,62962,25,0,25,0,0,-,-,0,0,0,0
22186,62963,298,217,81,106,111,3.21,3.66,217,29,28,78
22187,62964,846,498,348,362,136,2.69,2.09,498,59,80,282
22188,62965,32,10,22,5,5,4.40,2.80,10,0,2,3
22189,62966,7016,6124,892,3830,2294,2.49,2.04,6124,586,2042,1788
22190,62967,158,108,50,106,2,3.26,-,108,2,31,75
22191,62969,178,101,77,69,32,1.75,3.63,101,17,18,51
22192,62970,371,217,154,170,47,2.84,2.91,217,16,58,112
22193,62972,664,425,239,409,16,2.41,12.81,425,4,167,242
22194,62974,750,635,115,581,54,2.51,3.11,635,4,307,274
22195,62975,128,80,48,72,8,1.83,-,80,5,22,50
22196,62976,146,117,29,77,40,2.30,1.95,117,25,23,54
22197,62977,350,281,69,231,50,2.80,1.96,281,9,113,118
22198,62979,539,469,70,373,96,1.74,2.26,469,30,143,230
22199,62982,533,400,133,299,101,2.20,4.27,400,40,120,179
22200,62983,817,723,94,591,132,2.10,2.18,723,39,228,363
22201,62984,767,637,130,426,211,2.63,2.23,637,44,138,288
22202,62985,465,259,206,230,29,4.22,1.41,259,2,104,126
22203,62987,704,545,159,458,87,2.69,2.68,545,46,157,301
22204,62988,629,420,209,358,62,3.13,2.89,420,11,163,195
22205,62990,446,318,128,279,39,3.74,4.72,318,2,126,153
22206,62992,464,234,230,197,37,3.35,2.54,234,6,100,97
22207,62994,355,254,101,230,24,2.74,3.71,254,2,102,128
22208,62995,1752,1388,364,1003,385,3.05,2.18,1388,114,496,507
22209,62996,200,154,46,142,12,3.20,4.00,154,9,57,85
22210,62997,245,217,28,189,28,2.68,2.11,217,6,111,78
22211,62998,144,88,56,88,0,1.80,-,88,0,7,81
22212,62999,758,621,137,394,227,2.46,2.48,621,56,136,258
22213,63005,7183,7118,65,6247,871,2.80,2.03,7118,73,4183,2064
22214,63010,14630,13768,862,10583,3185,2.62,2.12,13768,451,6923,3660
22215,63011,14948,14309,639,12330,1979,2.66,2.13,14309,508,8117,4213
22216,63012,4063,3861,202,3475,386,2.87,2.76,3861,72,2700,775
22217,63013,676,528,148,528,0,2.70,-,528,0,339,189
22218,63014,385,305,80,275,30,2.15,2.00,305,0,126,149
22219,63015,865,805,60,706,99,2.45,2.04,805,37,360,346
22220,63016,3174,2865,309,2574,291,2.39,2.91,2865,80,1710,864
22221,63017,17877,17110,767,13722,3388,2.51,2.02,17110,700,8525,5197
22222,63019,2063,1904,159,1361,543,2.46,1.97,1904,166,935,426
22223,63020,8666,7781,885,6315,1466,2.61,2.10,7781,343,3833,2482
22224,63021,23024,22254,770,17896,4358,2.64,2.10,22254,637,12910,4986
22225,63023,2136,2035,101,1796,239,2.50,2.64,2035,37,973,823
22226,63025,6324,6094,230,5182,912,3.01,1.78,6094,246,4090,1092
22227,63026,17661,17026,635,13388,3638,2.72,2.26,17026,690,8406,4982
22228,63028,11422,10679,743,7996,2683,2.67,2.21,10679,451,4819,3177
22229,63030,115,80,35,47,33,3.11,3.45,80,0,36,11
22230,63031,20183,18634,1549,13224,5410,2.68,2.51,18634,843,8863,4361
22231,63033,17989,16702,1287,11416,5286,2.55,2.25,16702,1494,8400,3016
22232,63034,6921,6592,329,6125,467,2.72,4.60,6592,96,4440,1685
22233,63036,1542,549,993,473,76,2.12,3.08,549,22,159,314
22234,63037,1491,1246,245,1076,170,2.24,2.17,1246,39,721,355
22235,63038,2894,2645,249,2530,115,2.83,3.71,2645,0,1751,779
22236,63039,229,195,34,195,0,3.14,-,195,0,155,40
22237,63040,3281,3188,93,2727,461,2.80,2.06,3188,72,2113,614
22238,63041,186,122,64,117,5,1.89,6.60,122,4,78,39
22239,63042,9333,8451,882,4332,4119,2.13,2.23,8451,605,2673,1659
22240,63043,9761,9456,305,6841,2615,2.40,2.24,9456,336,4596,2245
22241,63044,4691,4290,401,2772,1518,2.50,2.21,4290,346,1671,1101
22242,63045,0,0,0,0,0,-,-,0,0,0,0
22243,63047,0,0,0,0,0,-,-,0,0,0,0
22244,63048,1495,1411,84,1152,259,2.76,2.90,1411,82,963,189
22245,63049,7022,6514,508,5623,891,2.64,2.71,6514,211,3864,1759
22246,63050,6976,6238,738,5206,1032,2.65,3.14,6238,52,3337,1869
22247,63051,5061,4583,478,3719,864,2.67,2.55,4583,142,2358,1361
22248,63052,10902,10438,464,8529,1909,2.73,2.68,10438,242,6188,2341
22249,63053,40,40,0,28,12,1.89,2.25,40,0,5,23
22250,63055,768,655,113,565,90,2.71,3.06,655,9,404,161
22251,63056,721,628,93,564,64,2.70,2.25,628,13,263,301
22252,63060,931,792,139,731,61,2.25,2.56,792,36,474,257
22253,63061,63,53,10,53,0,3.11,-,53,0,26,27
22254,63068,2270,2048,222,1772,276,2.82,2.19,2048,28,1016,756
22255,63069,5966,5591,375,4081,1510,2.53,1.88,5591,160,2875,1206
22256,63070,3287,2995,292,2143,852,2.80,2.36,2995,60,1494,649
22257,63071,617,493,124,319,174,2.67,2.49,493,25,156,163
22258,63072,1378,1229,149,1151,78,3.53,1.86,1229,0,669,482
22259,63073,542,542,0,542,0,3.16,-,542,0,415,127
22260,63074,7468,6989,479,3567,3422,2.41,2.26,6989,654,2313,1254
22261,63077,5509,4698,811,3486,1212,2.40,2.46,4698,300,2349,1137
22262,63079,108,105,3,101,4,1.83,2.00,105,0,23,78
22263,63080,6365,5543,822,4073,1470,2.40,2.18,5543,107,2267,1806
22264,63084,8072,7385,687,5397,1988,2.79,2.46,7385,260,3146,2251
22265,63087,335,323,12,238,85,2.60,1.74,323,0,150,88
22266,63088,4340,4249,91,2254,1995,2.16,1.77,4249,324,1746,508
22267,63089,2200,2073,127,1708,365,2.82,3.56,2073,70,900,808
22268,63090,9619,8899,720,6995,1904,2.59,1.91,8899,541,4430,2565
22269,63091,640,521,119,441,80,2.86,2.29,521,26,202,239
22270,63101,2470,2133,337,662,1471,1.33,1.56,2133,341,575,87
22271,63102,1626,1277,349,45,1232,-,1.25,1277,237,8,37
22272,63103,5878,5051,827,824,4227,1.68,1.44,5051,1172,548,276
22273,63104,10956,9644,1312,4290,5354,2.13,2.05,9644,1319,3247,1043
22274,63105,7101,6515,586,3664,2851,2.50,1.82,6515,317,2271,1393
22275,63106,5335,4008,1327,532,3476,3.27,2.02,4008,1670,296,236
22276,63107,6618,3841,2777,1825,2016,2.30,2.31,3841,1421,586,1239
22277,63108,13016,11016,2000,3130,7886,2.07,1.48,11016,2299,1822,1308
22278,63109,15032,14028,1004,8737,5291,2.13,1.46,14028,936,5811,2926
22279,63110,9780,8737,1043,3638,5099,2.33,1.58,8737,996,2676,962
22280,63111,10693,8659,2034,3420,5239,2.74,2.23,8659,2224,2217,1203
22281,63112,11382,8859,2523,3250,5609,2.69,1.80,8859,2158,1720,1530
22282,63113,6993,4471,2522,2293,2178,2.37,2.31,4471,1260,894,1399
22283,63114,16075,14870,1205,8520,6350,2.16,2.52,14870,906,5518,3002
22284,63115,11231,6860,4371,2897,3963,2.47,2.41,6860,2200,1144,1753
22285,63116,22252,19618,2634,10693,8925,2.31,2.09,19618,2847,7230,3463
22286,63117,5129,4816,313,2604,2212,2.52,1.52,4816,282,1891,713
22287,63118,14851,11522,3329,4515,7007,2.39,2.22,11522,2815,3112,1403
22288,63119,15663,14777,886,10449,4328,2.58,1.57,14777,1488,7849,2600
22289,63120,3900,2506,1394,1154,1352,2.15,3.05,2506,564,328,826
22290,63121,12766,10663,2103,5569,5094,2.09,2.25,10663,1223,3241,2328
22291,63122,17695,16719,976,13469,3250,2.55,2.00,16719,495,9223,4246
22292,63123,23090,22071,1019,15769,6302,2.37,1.95,22071,854,9835,5934
22293,63124,5222,4790,432,3617,1173,2.52,1.35,4790,202,2596,1021
22294,63125,14815,13612,1203,9457,4155,2.44,2.32,13612,1111,5634,3823
22295,63126,6517,6161,356,5284,877,2.58,1.94,6161,110,3267,2017
22296,63127,2304,2220,84,1674,546,2.58,1.40,2220,212,1106,568
22297,63128,13593,13083,510,10115,2968,2.45,1.74,13083,499,5741,4374
22298,63129,22074,21243,831,16877,4366,2.53,1.85,21243,855,10601,6276
22299,63130,13807,12804,1003,7886,4918,2.24,1.99,12804,1098,5476,2410
22300,63131,7088,6822,266,6312,510,2.70,2.24,6822,59,4291,2021
22301,63132,6564,6313,251,3529,2784,2.56,1.94,6313,245,2311,1218
22302,63133,3535,2936,599,1054,1882,2.17,2.39,2936,666,359,695
22303,63134,5679,5066,613,2450,2616,2.40,3.05,5066,798,1459,991
22304,63135,9184,8247,937,4368,3879,2.22,2.54,8247,521,2897,1471
22305,63136,23020,18718,4302,7977,10741,2.42,2.30,18718,3520,4856,3121
22306,63137,9829,8410,1419,4537,3873,2.31,2.46,8410,1177,2892,1645
22307,63138,8945,7197,1748,3481,3716,2.47,2.50,7197,806,2389,1092
22308,63139,11942,10570,1372,6529,4041,2.20,1.69,10570,579,4872,1657
22309,63140,162,122,40,21,101,1.90,2.32,122,9,0,21
22310,63141,9592,9092,500,6380,2712,2.42,1.83,9092,187,3316,3064
22311,63143,5223,4803,420,2195,2608,2.32,1.60,4803,534,1618,577
22312,63144,4878,4555,323,3011,1544,2.08,1.71,4555,38,1978,1033
22313,63146,15720,15092,628,8862,6230,2.22,1.78,15092,628,5662,3200
22314,63147,4404,3504,900,1781,1723,2.26,2.20,3504,615,1072,709
22315,63155,0,0,0,0,0,-,-,0,0,0,0
22316,63301,21941,20441,1500,14165,6276,2.36,1.95,20441,1002,9000,5165
22317,63303,21637,20679,958,15419,5260,2.47,1.78,20679,618,10518,4901
22318,63304,16218,15685,533,14164,1521,2.73,2.30,15685,397,10204,3960
22319,63330,50,50,0,45,5,1.62,1.40,50,9,14,31
22320,63332,627,577,50,550,27,2.79,3.41,577,3,342,208
22321,63333,403,312,91,265,47,2.57,2.96,312,14,149,116
22322,63334,2707,2471,236,1705,766,2.44,2.26,2471,213,813,892
22323,63336,635,469,166,335,134,2.50,2.57,469,22,146,189
22324,63339,442,318,124,282,36,2.71,4.42,318,18,108,174
22325,63341,1409,1364,45,1195,169,2.59,2.21,1364,31,833,362
22326,63343,1964,1672,292,1205,467,2.72,2.90,1672,108,491,714
22327,63344,739,676,63,562,114,2.58,3.07,676,5,268,294
22328,63345,296,261,35,221,40,3.04,1.43,261,0,137,84
22329,63347,1157,903,254,821,82,2.97,2.90,903,14,404,417
22330,63348,3937,3766,171,3274,492,2.82,2.75,3766,37,2290,984
22331,63349,700,666,34,578,88,2.79,2.85,666,2,242,336
22332,63350,252,233,19,185,48,2.59,2.27,233,14,54,131
22333,63351,771,666,105,491,175,2.55,2.14,666,16,300,191
22334,63352,690,575,115,424,151,2.33,1.80,575,16,160,264
22335,63353,2318,1933,385,1365,568,2.38,2.84,1933,149,589,776
22336,63357,2376,2052,324,1868,184,3.17,3.19,2052,4,1175,693
22337,63359,674,557,117,389,168,2.58,2.23,557,28,197,192
22338,63361,2228,1932,296,1399,533,2.37,2.23,1932,136,722,677
22339,63362,3339,3057,282,2548,509,2.77,2.88,3057,76,1694,854
22340,63363,899,616,283,480,136,2.46,2.35,616,22,316,164
22341,63365,33,33,0,28,5,1.68,6.40,33,0,5,23
22342,63366,20435,19650,785,16200,3450,2.72,2.27,19650,653,12020,4180
22343,63367,10072,9831,241,8094,1737,2.82,2.27,9831,112,6305,1789
22344,63368,16879,16470,409,13772,2698,2.81,2.38,16470,574,10575,3197
22345,63369,896,886,10,643,243,2.83,2.15,886,35,425,218
22346,63373,343,255,88,236,19,2.77,2.53,255,0,171,65
22347,63376,30028,28824,1204,24244,4580,2.71,1.97,28824,613,17298,6946
22348,63377,1325,1184,141,1047,137,2.48,3.65,1184,99,445,602
22349,63379,10193,9754,439,7721,2033,2.67,2.71,9754,336,5281,2440
22350,63380,286,268,18,197,71,2.78,3.23,268,27,116,81
22351,63381,253,208,45,160,48,3.30,4.15,208,4,92,68
22352,63382,1468,1177,291,814,363,2.59,2.37,1177,64,373,441
22353,63383,6016,5765,251,4385,1380,2.63,2.26,5765,133,2753,1632
22354,63384,973,793,180,638,155,2.39,2.34,793,31,317,321
22355,63385,16769,16258,511,13636,2622,2.96,2.50,16258,467,10492,3144
22356,63386,230,169,61,138,31,2.86,2.06,169,6,82,56
22357,63387,49,49,0,35,14,2.86,1.57,49,6,16,19
22358,63388,734,395,339,340,55,1.78,2.82,395,9,143,197
22359,63389,2533,2346,187,1779,567,2.75,2.56,2346,51,1106,673
22360,63390,5798,4056,1742,3346,710,2.63,2.91,4056,112,2316,1030
22361,63401,9713,8690,1023,5622,3068,2.37,2.25,8690,663,2722,2900
22362,63430,312,206,106,196,10,3.12,7.80,206,33,39,157
22363,63431,141,110,31,110,0,2.90,-,110,0,32,78
22364,63432,281,187,94,161,26,2.33,3.73,187,7,51,110
22365,63433,53,0,53,0,0,-,-,0,0,0,0
22366,63434,335,252,83,138,114,2.95,2.05,252,14,67,71
22367,63435,1787,1424,363,1019,405,2.33,2.39,1424,76,535,484
22368,63436,753,586,167,477,109,2.47,1.23,586,55,104,373
22369,63437,702,582,120,436,146,2.49,3.04,582,43,93,343
22370,63438,143,121,22,110,11,2.27,-,121,0,53,57
22371,63439,99,85,14,51,34,1.39,1.47,85,6,16,35
22372,63440,480,366,114,279,87,2.39,3.10,366,22,155,124
22373,63441,567,462,105,371,91,2.55,2.58,462,55,114,257
22374,63443,268,193,75,122,71,1.84,1.10,193,20,39,83
22375,63445,1625,1268,357,860,408,3.07,2.22,1268,118,361,499
22376,63446,253,138,115,124,14,2.08,1.79,138,2,40,84
22377,63447,513,358,155,242,116,2.74,3.99,358,21,120,122
22378,63448,660,545,115,439,106,2.85,1.83,545,44,190,249
22379,63450,101,87,14,50,37,2.02,2.30,87,0,16,34
22380,63451,171,121,50,112,9,1.68,7.44,121,12,52,60
22381,63452,579,455,124,396,59,3.34,4.05,455,26,251,145
22382,63453,193,115,78,109,6,2.43,1.83,115,6,77,32
22383,63454,389,350,39,320,30,3.33,3.03,350,6,141,179
22384,63456,2383,1909,474,1207,702,2.72,2.17,1909,196,584,623
22385,63457,154,101,53,97,4,3.68,1.00,101,6,49,48
22386,63458,92,32,60,19,13,1.37,1.92,32,3,9,10
22387,63459,1707,1502,205,1364,138,2.79,2.53,1502,25,648,716
22388,63460,141,89,52,86,3,2.90,20.00,89,0,16,70
22389,63461,2542,2211,331,1649,562,2.40,2.12,2211,117,838,811
22390,63462,919,594,325,473,121,2.48,3.15,594,16,234,239
22391,63463,369,296,73,238,58,2.80,2.31,296,3,140,98
22392,63465,224,149,75,104,45,3.51,2.51,149,13,7,97
22393,63466,29,23,6,23,0,1.30,-,23,0,8,15
22394,63467,52,19,33,19,0,4.42,-,19,0,13,6
22395,63468,1157,909,248,686,223,2.51,2.98,909,49,236,450
22396,63469,563,413,150,330,83,2.30,2.27,413,5,159,171
22397,63471,271,271,0,253,18,3.56,2.00,271,0,79,174
22398,63472,283,203,80,170,33,3.05,1.42,203,11,31,139
22399,63473,220,104,116,104,0,3.09,-,104,0,62,42
22400,63474,257,164,93,121,43,2.19,3.95,164,7,48,73
22401,63501,9287,7382,1905,4275,3107,2.52,2.47,7382,586,2338,1937
22402,63530,487,366,121,302,64,3.92,2.41,366,22,190,112
22403,63531,246,116,130,109,7,3.42,1.14,116,0,86,23
22404,63532,646,491,155,425,66,2.27,2.73,491,25,198,227
22405,63533,406,269,137,223,46,3.24,3.02,269,28,122,101
22406,63534,471,334,137,294,40,2.58,2.48,334,4,116,178
22407,63535,21,21,0,13,8,1.46,-,21,0,0,13
22408,63536,455,333,122,276,57,3.50,2.04,333,24,130,146
22409,63537,911,606,305,521,85,3.60,2.51,606,17,257,264
22410,63538,167,69,98,62,7,2.84,4.43,69,7,17,45
22411,63539,182,100,82,88,12,2.18,6.67,100,15,27,61
22412,63540,126,64,62,62,2,4.89,2.00,64,2,24,38
22413,63541,220,172,48,150,22,2.90,5.00,172,3,84,66
22414,63543,94,64,30,49,15,3.10,-,64,0,23,26
22415,63544,482,333,149,284,49,3.03,2.06,333,33,80,204
22416,63545,506,341,165,273,68,2.38,3.24,341,43,113,160
22417,63546,676,505,171,429,76,2.68,6.25,505,7,186,243
22418,63547,279,190,89,166,24,2.24,2.50,190,0,32,134
22419,63548,498,286,212,231,55,3.00,3.27,286,11,81,150
22420,63549,1167,870,297,597,273,2.97,2.06,870,107,265,332
22421,63551,131,93,38,93,0,3.89,-,93,2,40,53
22422,63552,3581,3011,570,2091,920,2.66,1.90,3011,134,1066,1025
22423,63555,1412,1156,256,877,279,3.09,1.90,1156,42,420,457
22424,63556,1639,1126,513,802,324,2.74,3.24,1126,48,384,418
22425,63557,161,83,78,83,0,2.00,-,83,6,37,46
22426,63558,349,235,114,217,18,2.77,2.56,235,3,56,161
22427,63559,835,599,236,501,98,3.24,3.33,599,18,161,340
22428,63560,84,40,44,19,21,2.05,2.81,40,4,4,15
22429,63561,515,300,215,213,87,3.15,2.89,300,20,65,148
22430,63563,363,207,156,174,33,3.34,6.39,207,21,39,135
22431,63565,2241,1366,875,1073,293,2.80,2.17,1366,101,525,548
22432,63566,79,37,42,33,4,1.91,-,37,0,14,19
22433,63567,75,29,46,15,14,2.13,5.43,29,0,0,15
22434,63601,7410,6337,1073,4165,2172,2.69,2.36,6337,465,2746,1419
22435,63620,715,367,348,298,69,2.76,4.39,367,21,127,171
22436,63621,674,571,103,467,104,2.71,1.48,571,29,308,159
22437,63622,538,425,113,284,141,1.44,2.05,425,73,77,207
22438,63623,408,301,107,259,42,2.24,2.81,301,16,165,94
22439,63624,1832,1371,461,1087,284,2.69,2.63,1371,128,507,580
22440,63625,258,152,106,144,8,2.18,4.38,152,2,50,94
22441,63626,455,455,0,444,11,2.16,3.91,455,61,240,204
22442,63627,1451,1184,267,1044,140,2.57,2.64,1184,19,636,408
22443,63628,6268,5022,1246,3865,1157,2.67,2.41,5022,337,2291,1574
22444,63629,632,460,172,400,60,2.58,1.83,460,27,184,216
22445,63630,1713,1266,447,996,270,2.68,3.22,1266,132,533,463
22446,63631,413,351,62,293,58,2.43,2.98,351,21,135,158
22447,63633,356,235,121,190,45,2.75,5.44,235,15,72,118
22448,63636,268,192,76,147,45,2.72,2.22,192,10,38,109
22449,63637,447,401,46,367,34,2.35,2.82,401,0,276,91
22450,63638,1314,910,404,654,256,2.89,2.85,910,80,317,337
22451,63640,11306,9865,1441,6608,3257,2.60,2.59,9865,582,3864,2744
22452,63645,5201,4152,1049,3089,1063,2.87,2.27,4152,185,1657,1432
22453,63648,570,505,65,401,104,2.68,2.18,505,40,185,216
22454,63650,2022,1653,369,1247,406,2.50,2.11,1653,101,618,629
22455,63653,633,492,141,276,216,3.52,3.55,492,30,110,166
22456,63654,460,283,177,248,35,2.10,2.86,283,3,76,172
22457,63655,711,503,208,386,117,2.47,2.79,503,17,137,249
22458,63656,272,172,100,155,17,2.81,1.41,172,9,69,86
22459,63660,1168,1024,144,894,130,2.98,3.28,1024,35,373,521
22460,63662,597,417,180,374,43,3.59,1.28,417,12,127,247
22461,63663,327,301,26,173,128,2.07,3.14,301,0,102,71
22462,63664,3851,3300,551,2458,842,2.72,2.36,3300,192,1265,1193
22463,63665,167,94,73,82,12,1.80,4.42,94,0,18,64
22464,63670,5207,4567,640,3742,825,2.55,2.37,4567,155,2094,1648
22465,63673,939,741,198,613,128,2.81,2.70,741,26,305,308
22466,63674,43,19,24,19,0,-,-,19,0,19,0
22467,63675,63,15,48,15,0,2.33,-,15,0,0,15
22468,63701,17022,14735,2287,9354,5381,2.44,2.34,14735,860,5941,3413
22469,63703,4326,3588,738,1630,1958,1.97,2.48,3588,513,875,755
22470,63730,1534,1414,120,1157,257,2.38,2.16,1414,81,525,632
22471,63732,371,346,25,320,26,3.13,2.04,346,13,162,158
22472,63735,388,337,51,215,122,2.45,1.99,337,23,72,143
22473,63736,1615,1548,67,1118,430,2.39,2.46,1548,33,649,469
22474,63738,0,0,0,0,0,-,-,0,0,0,0
22475,63739,331,224,107,142,82,3.46,4.06,224,0,94,48
22476,63740,2255,2000,255,1552,448,2.62,2.69,2000,134,1011,541
22477,63742,39,30,9,27,3,3.74,3.00,30,0,19,8
22478,63743,41,17,24,17,0,3.18,-,17,0,9,8
22479,63744,90,67,23,49,18,3.59,2.56,67,3,32,17
22480,63745,38,38,0,35,3,4.94,2.00,38,0,5,30
22481,63746,20,20,0,18,2,1.33,4.50,20,0,9,9
22482,63747,255,236,19,233,3,2.80,2.33,236,12,88,145
22483,63748,563,498,65,462,36,2.25,1.58,498,4,152,310
22484,63750,13,13,0,13,0,2.31,-,13,0,0,13
22485,63751,684,412,272,345,67,3.47,3.49,412,7,103,242
22486,63755,10705,9950,755,7934,2016,2.71,2.33,9950,271,5299,2635
22487,63758,190,170,20,117,53,2.68,2.15,170,17,77,40
22488,63760,264,179,85,153,26,3.14,2.23,179,7,81,72
22489,63763,60,60,0,60,0,2.47,-,60,0,27,33
22490,63764,2222,1663,559,1290,373,2.63,2.63,1663,81,675,615
22491,63766,583,568,15,508,60,2.56,3.13,568,9,208,300
22492,63767,274,244,30,190,54,2.18,2.33,244,39,64,126
22493,63769,531,480,51,407,73,3.05,4.04,480,18,251,156
22494,63770,88,72,16,57,15,2.63,2.87,72,0,21,36
22495,63771,1075,935,140,678,257,3.01,2.44,935,37,384,294
22496,63774,89,76,13,41,35,2.59,5.00,76,6,16,25
22497,63775,7165,6148,1017,4356,1792,2.79,2.11,6148,335,2434,1922
22498,63780,2503,2248,255,1590,658,2.59,2.81,2248,96,915,675
22499,63781,546,481,65,399,82,2.57,2.28,481,18,207,192
22500,63782,125,102,23,100,2,2.39,-,102,2,45,55
22501,63783,89,62,27,62,0,3.15,-,62,0,43,19
22502,63784,84,59,25,51,8,2.20,4.38,59,1,0,51
22503,63785,561,496,65,444,52,2.49,2.31,496,10,244,200
22504,63787,363,249,114,217,32,2.42,1.97,249,17,95,122
22505,63801,10088,8993,1095,5590,3403,2.38,2.43,8993,893,3078,2512
22506,63820,132,98,34,81,17,2.54,3.12,98,4,1,80
22507,63821,359,288,71,225,63,2.04,2.16,288,6,42,183
22508,63822,1222,1017,205,690,327,2.38,2.43,1017,8,280,410
22509,63823,528,489,39,358,131,2.71,3.97,489,12,185,173
22510,63824,91,73,18,29,44,2.10,3.00,73,0,6,23
22511,63825,1999,1550,449,1076,474,2.74,2.69,1550,102,545,531
22512,63826,49,40,9,30,10,2.43,7.50,40,0,2,28
22513,63827,252,210,42,157,53,3.16,1.28,210,18,80,77
22514,63828,93,68,25,55,13,2.45,3.08,68,6,8,47
22515,63829,549,408,141,213,195,2.87,2.53,408,60,75,138
22516,63830,2880,2477,403,1302,1175,2.80,2.38,2477,373,684,618
22517,63833,112,82,30,76,6,1.68,-,82,6,34,42
22518,63834,2044,1686,358,1008,678,2.69,2.61,1686,309,516,492
22519,63837,737,570,167,350,220,2.97,2.25,570,43,114,236
22520,63839,159,136,23,43,93,2.05,2.52,136,7,21,22
22521,63840,39,28,11,28,0,2.68,-,28,0,1,27
22522,63841,6338,5454,884,3569,1885,2.39,2.51,5454,300,2019,1550
22523,63845,2522,2276,246,1364,912,2.23,2.52,2276,370,526,838
22524,63846,586,455,131,374,81,2.64,2.89,455,27,159,215
22525,63847,29,11,18,11,0,1.64,-,11,0,11,0
22526,63848,520,407,113,289,118,2.55,2.25,407,23,123,166
22527,63849,124,104,20,47,57,1.96,2.68,104,2,8,39
22528,63850,13,8,5,8,0,9.75,-,8,0,0,8
22529,63851,1765,1361,404,701,660,2.38,2.64,1361,235,308,393
22530,63852,661,550,111,373,177,2.50,2.08,550,42,208,165
22531,63853,86,68,18,56,12,1.98,-,68,5,12,44
22532,63855,470,353,117,299,54,2.46,1.96,353,41,101,198
22533,63857,5566,4781,785,3040,1741,2.46,2.44,4781,571,1517,1523
22534,63860,96,85,11,59,26,1.98,3.38,85,9,36,23
22535,63862,602,471,131,307,164,2.72,3.11,471,29,109,198
22536,63863,2682,2179,503,1237,942,2.50,2.50,2179,153,498,739
22537,63866,253,196,57,96,100,2.46,2.92,196,33,52,44
22538,63867,424,385,39,278,107,2.25,3.07,385,7,92,186
22539,63868,457,386,71,224,162,2.48,1.91,386,34,104,120
22540,63869,1873,1554,319,904,650,2.07,2.17,1554,190,424,480
22541,63870,526,421,105,254,167,2.62,2.53,421,42,74,180
22542,63873,1822,1626,196,1068,558,2.55,2.32,1626,90,444,624
22543,63874,145,112,33,84,28,2.40,2.00,112,3,31,53
22544,63876,991,761,230,478,283,2.86,2.69,761,64,281,197
22545,63877,1664,1333,331,772,561,2.78,2.11,1333,79,316,456
22546,63878,51,34,17,34,0,3.12,-,34,0,0,34
22547,63879,378,316,62,260,56,2.29,3.50,316,12,96,164
22548,63880,39,32,7,14,18,4.29,3.50,32,10,14,0
22549,63882,214,150,64,99,51,2.07,2.78,150,14,52,47
22550,63901,15519,13129,2390,8308,4821,2.64,2.46,13129,1189,4587,3721
22551,63932,432,350,82,255,95,2.46,2.47,350,6,87,168
22552,63933,1462,1230,232,904,326,2.31,3.12,1230,60,408,496
22553,63934,9,9,0,9,0,2.00,-,9,0,0,9
22554,63935,3862,2942,920,2378,564,2.86,2.62,2942,180,1088,1290
22555,63936,242,173,69,100,73,1.88,3.11,173,9,26,74
22556,63937,1119,911,208,717,194,2.64,2.26,911,19,277,440
22557,63939,602,392,210,317,75,2.52,2.56,392,22,152,165
22558,63940,612,521,91,402,119,2.52,2.20,521,32,111,291
22559,63941,173,59,114,45,14,3.56,-,59,0,10,35
22560,63942,252,201,51,173,28,2.85,1.82,201,2,45,128
22561,63943,281,189,92,135,54,3.41,2.20,189,0,81,54
22562,63944,819,582,237,547,35,2.42,1.86,582,8,288,259
22563,63945,565,439,126,368,71,2.52,2.82,439,36,203,165
22564,63950,42,15,27,15,0,2.20,-,15,0,0,15
22565,63951,182,93,89,74,19,2.00,-,93,0,46,28
22566,63952,130,98,32,83,15,3.59,2.13,98,0,37,46
22567,63953,529,380,149,300,80,2.59,1.90,380,50,129,171
22568,63954,392,299,93,269,30,2.87,1.80,299,29,92,177
22569,63955,116,78,38,62,16,2.06,-,78,0,25,37
22570,63956,468,292,176,147,145,2.21,3.90,292,0,34,113
22571,63957,2852,2096,756,1497,599,2.55,2.76,2096,132,564,933
22572,63960,1280,1048,232,821,227,3.00,3.07,1048,59,439,382
22573,63961,911,711,200,491,220,3.09,2.68,711,23,177,314
22574,63962,66,41,25,0,41,-,5.46,41,0,0,0
22575,63964,198,134,64,76,58,2.74,1.41,134,8,12,64
22576,63965,1370,848,522,552,296,3.21,2.67,848,144,298,254
22577,63966,1734,905,829,748,157,2.53,2.17,905,28,266,482
22578,63967,1045,636,409,517,119,2.65,2.15,636,39,220,297
22579,64001,321,287,34,236,51,2.91,2.00,287,0,128,108
22580,64011,1742,1427,315,1242,185,2.88,2.77,1427,18,701,541
22581,64012,11858,11250,608,7720,3530,2.46,2.48,11250,480,4729,2991
22582,64014,10547,10286,261,7021,3265,2.76,2.61,10286,290,5015,2006
22583,64015,12586,12125,461,8943,3182,2.60,2.52,12125,470,5907,3036
22584,64016,1985,1876,109,1581,295,2.52,2.97,1876,30,1229,352
22585,64017,188,122,66,99,23,2.33,1.70,122,0,37,62
22586,64018,328,276,52,227,49,2.38,3.98,276,2,139,88
22587,64019,1037,955,82,791,164,2.27,3.08,955,6,216,575
22588,64020,1641,1282,359,890,392,2.48,2.50,1282,55,433,457
22589,64021,232,203,29,178,25,3.19,4.36,203,13,110,68
22590,64022,64,50,14,45,5,3.00,1.80,50,0,18,27
22591,64024,6019,5392,627,3942,1450,2.79,2.52,5392,229,2546,1396
22592,64028,106,89,17,84,5,2.75,2.20,89,6,58,26
22593,64029,7602,7385,217,5536,1849,2.98,2.26,7385,94,4567,969
22594,64030,11729,10806,923,5487,5319,2.67,2.06,10806,693,3657,1830
22595,64034,3333,3265,68,2986,279,2.70,2.90,3265,15,2363,623
22596,64035,408,342,66,260,82,2.83,4.07,342,10,118,142
22597,64036,181,135,46,66,69,2.20,3.45,135,0,29,37
22598,64037,2816,2389,427,1627,762,2.36,2.52,2389,182,834,793
22599,64040,2566,2325,241,1885,440,2.63,2.04,2325,144,1149,736
22600,64048,1510,1357,153,1190,167,3.35,2.34,1357,18,744,446
22601,64050,10587,9448,1139,4508,4940,2.44,2.03,9448,894,2584,1924
22602,64052,10495,9398,1097,5138,4260,2.29,2.50,9398,530,3170,1968
22603,64053,2883,2479,404,1158,1321,2.25,3.04,2479,300,504,654
22604,64054,1401,1096,305,687,409,2.76,2.82,1096,47,381,306
22605,64055,16630,15411,1219,10465,4946,2.42,2.18,15411,803,6101,4364
22606,64056,6327,5952,375,3748,2204,2.78,3.22,5952,301,2676,1072
22607,64057,6627,6054,573,3564,2490,2.49,1.94,6054,586,2187,1377
22608,64058,2641,2497,144,2009,488,2.53,3.30,2497,64,1348,661
22609,64060,6262,5916,346,4975,941,2.60,2.72,5916,178,3570,1405
22610,64061,1262,1124,138,1045,79,2.45,2.96,1124,14,553,492
22611,64062,2335,2136,199,1802,334,3.01,2.81,2136,33,1097,705
22612,64063,8965,8662,303,5585,3077,2.53,2.37,8662,218,4039,1546
22613,64064,7625,7310,315,6188,1122,2.54,3.01,7310,27,4424,1764
22614,64065,14,7,7,0,7,-,1.29,7,0,0,0
22615,64066,34,21,13,16,5,2.31,2.00,21,2,7,9
22616,64067,2557,2274,283,1506,768,2.56,2.69,2274,124,825,681
22617,64068,14205,13467,738,9755,3712,2.76,2.31,13467,500,6702,3053
22618,64070,1248,1222,26,1093,129,2.62,2.36,1222,30,753,340
22619,64071,324,249,75,195,54,3.12,2.30,249,1,49,146
22620,64072,173,158,15,130,28,2.10,1.64,158,7,50,80
22621,64074,247,238,9,178,60,1.98,5.97,238,4,42,136
22622,64075,4498,4185,313,3050,1135,2.97,2.37,4185,63,2142,908
22623,64076,3718,3273,445,2521,752,2.78,2.54,3273,74,1483,1038
22624,64077,694,565,129,432,133,2.78,2.80,565,20,243,189
22625,64078,3888,3712,176,3156,556,2.75,2.12,3712,203,2308,848
22626,64079,4999,4680,319,3267,1413,2.90,2.48,4680,104,2511,756
22627,64080,5289,5108,181,3930,1178,2.77,2.66,5108,100,2780,1150
22628,64081,10491,9766,725,7316,2450,2.86,1.59,9766,656,5305,2011
22629,64082,6267,6161,106,5403,758,3.00,3.04,6161,56,4162,1241
22630,64083,9435,9292,143,7622,1670,2.75,1.97,9292,325,5224,2398
22631,64084,702,644,58,593,51,2.71,3.04,644,16,292,301
22632,64085,3942,3376,566,2265,1111,2.58,2.09,3376,238,1316,949
22633,64086,9919,8908,1011,6910,1998,2.85,1.96,8908,303,4816,2094
22634,64088,517,501,16,451,50,2.90,1.30,501,2,272,179
22635,64089,5256,5021,235,4276,745,2.76,2.50,5021,162,3157,1119
22636,64090,69,54,15,50,4,2.10,3.75,54,0,15,35
22637,64092,19,19,0,0,19,-,4.47,19,0,0,0
22638,64093,11763,10802,961,5974,4828,2.48,2.08,10802,591,3803,2171
22639,64096,505,437,68,303,134,2.40,3.19,437,19,156,147
22640,64097,483,384,99,296,88,2.61,3.26,384,10,119,177
22641,64098,1385,1228,157,949,279,2.67,1.90,1228,42,622,327
22642,64101,59,5,54,0,5,-,-,5,0,0,0
22643,64102,0,0,0,0,0,-,-,0,0,0,0
22644,64105,4234,3677,557,535,3142,1.35,1.41,3677,191,378,157
22645,64106,5970,5368,602,860,4508,1.75,1.78,5368,1410,555,305
22646,64108,5380,4704,676,1733,2971,1.88,1.77,4704,501,1130,603
22647,64109,5760,4519,1241,1870,2649,2.66,1.73,4519,944,1113,757
22648,64110,8851,7441,1410,3555,3886,2.32,1.94,7441,829,2351,1204
22649,64111,12077,10418,1659,3195,7223,1.79,1.51,10418,1297,2234,961
22650,64112,5711,4826,885,2022,2804,1.89,1.61,4826,348,1149,873
22651,64113,4774,4679,95,4489,190,2.66,2.12,4679,20,3273,1216
22652,64114,13719,12707,1012,8085,4622,2.11,1.60,12707,605,5534,2551
22653,64116,9601,8564,1037,3812,4752,2.34,1.69,8564,752,2495,1317
22654,64117,7007,6422,585,3333,3089,2.27,2.29,6422,320,2236,1097
22655,64118,19359,18043,1316,10460,7583,2.52,2.21,18043,1323,6979,3481
22656,64119,13766,13185,581,9432,3753,2.48,2.41,13185,315,6519,2913
22657,64120,304,184,120,100,84,3.06,1.86,184,7,5,95
22658,64123,4429,3918,511,2237,1681,2.53,3.28,3918,409,1104,1133
22659,64124,4624,3692,932,1829,1863,3.36,2.56,3692,673,737,1092
22660,64125,763,665,98,353,312,3.84,3.69,665,57,108,245
22661,64126,2650,2083,567,1242,841,2.85,2.43,2083,296,231,1011
22662,64127,8776,7112,1664,3108,4004,2.82,2.05,7112,1650,971,2137
22663,64128,6770,5056,1714,2233,2823,2.43,2.33,5056,1218,541,1692
22664,64129,3965,3623,342,1904,1719,2.45,2.35,3623,246,1021,883
22665,64130,11002,8559,2443,4573,3986,2.01,2.48,8559,1641,1319,3254
22666,64131,10818,9735,1083,4545,5190,2.34,2.28,9735,910,3188,1357
22667,64132,6513,5112,1401,2193,2919,2.36,2.63,5112,574,1210,983
22668,64133,16565,15298,1267,8945,6353,2.59,2.08,15298,1034,6079,2866
22669,64134,9703,8812,891,4301,4511,2.23,2.90,8812,751,2693,1608
22670,64136,729,673,56,407,266,1.99,2.23,673,41,287,120
22671,64137,4907,4584,323,2154,2430,2.47,2.18,4584,266,1395,759
22672,64138,11354,10468,886,6045,4423,2.27,2.30,10468,628,4261,1784
22673,64139,879,829,50,630,199,3.28,2.00,829,0,518,112
22674,64145,2152,1935,217,1626,309,2.37,2.17,1935,45,927,699
22675,64146,796,780,16,666,114,1.82,1.18,780,17,452,214
22676,64147,167,134,33,0,134,-,3.02,134,75,0,0
22677,64149,167,167,0,156,11,1.90,5.18,167,17,88,68
22678,64150,1922,1820,102,794,1026,2.24,1.99,1820,180,548,246
22679,64151,12410,11577,833,6960,4617,2.60,2.06,11577,529,4943,2017
22680,64152,12121,11802,319,9903,1899,2.72,2.35,11802,364,7018,2885
22681,64153,2955,2722,233,1422,1300,2.68,1.75,2722,154,1117,305
22682,64154,5981,5685,296,2821,2864,2.59,1.91,5685,147,2071,750
22683,64155,10786,10574,212,7313,3261,2.88,2.10,10574,218,5437,1876
22684,64156,2419,2261,158,1653,608,2.97,1.96,2261,66,1269,384
22685,64157,7255,7118,137,6346,772,3.10,2.46,7118,12,5260,1086
22686,64158,2663,2374,289,1179,1195,3.46,1.83,2374,56,1028,151
22687,64161,147,134,13,84,50,2.27,2.92,134,8,30,54
22688,64163,556,453,103,236,217,2.47,1.98,453,32,154,82
22689,64164,23,23,0,23,0,2.57,-,23,0,11,12
22690,64165,63,63,0,63,0,4.38,-,63,0,63,0
22691,64166,168,168,0,119,49,2.40,1.94,168,0,42,77
22692,64167,190,190,0,190,0,2.68,-,190,15,142,48
22693,64401,488,396,92,374,22,2.71,2.00,396,15,246,128
22694,64402,1159,924,235,708,216,2.64,1.60,924,45,398,310
22695,64420,27,15,12,8,7,2.63,2.00,15,0,2,6
22696,64421,455,379,76,324,55,2.86,2.56,379,24,172,152
22697,64422,178,162,16,118,44,2.13,4.27,162,0,46,72
22698,64423,367,350,17,291,59,2.49,1.76,350,14,158,133
22699,64424,1927,1514,413,987,527,2.59,1.97,1514,115,494,493
22700,64426,182,141,41,97,44,2.87,3.45,141,8,38,59
22701,64427,308,265,43,187,78,2.55,2.73,265,2,95,92
22702,64428,347,259,88,198,61,2.67,2.13,259,19,99,99
22703,64429,4156,3693,463,2371,1322,2.58,2.19,3693,340,1230,1141
22704,64430,327,315,12,268,47,2.53,1.26,315,5,104,164
22705,64431,207,154,53,108,46,2.19,2.50,154,5,30,78
22706,64432,31,19,12,19,0,2.05,-,19,0,5,14
22707,64433,23,23,0,19,4,2.05,-,23,0,9,10
22708,64434,230,215,15,193,22,2.35,2.36,215,1,111,82
22709,64436,383,358,25,301,57,2.74,2.70,358,24,130,171
22710,64437,557,206,351,181,25,2.33,3.04,206,5,60,121
22711,64438,51,46,5,41,5,2.05,-,46,0,21,20
22712,64439,703,644,59,504,140,2.45,2.01,644,39,328,176
22713,64440,365,317,48,246,71,2.63,2.73,317,0,116,130
22714,64441,94,47,47,41,6,1.32,1.67,47,0,13,28
22715,64442,405,301,104,273,28,2.92,3.64,301,20,135,138
22716,64443,705,647,58,501,146,2.57,3.85,647,31,277,224
22717,64444,561,545,16,426,119,2.73,2.22,545,62,262,164
22718,64445,161,129,32,96,33,2.31,2.18,129,11,36,60
22719,64446,527,456,71,312,144,2.14,2.30,456,13,130,182
22720,64448,483,440,43,380,60,2.51,1.63,440,27,157,223
22721,64449,227,207,20,183,24,2.87,1.96,207,1,67,116
22722,64451,228,198,30,156,42,1.91,3.12,198,4,53,103
22723,64453,146,63,83,61,2,2.51,6.00,63,0,31,30
22724,64454,1116,962,154,830,132,2.54,2.24,962,25,539,291
22725,64455,172,153,19,118,35,2.08,2.49,153,4,37,81
22726,64456,733,508,225,413,95,3.01,2.68,508,30,184,229
22727,64457,109,89,20,87,2,2.47,1.50,89,1,32,55
22728,64458,95,62,33,62,0,4.37,-,62,0,11,51
22729,64459,255,215,40,206,9,2.30,2.67,215,2,107,99
22730,64461,403,337,66,276,61,2.46,2.54,337,6,97,179
22731,64463,657,558,99,413,145,2.51,2.79,558,11,197,216
22732,64465,1751,1581,170,1263,318,2.74,2.41,1581,59,684,579
22733,64466,244,192,52,143,49,2.24,1.43,192,21,59,84
22734,64467,167,104,63,86,18,2.22,2.17,104,12,28,58
22735,64468,6263,5720,543,2784,2936,2.29,2.01,5720,406,1450,1334
22736,64469,1044,938,106,657,281,2.49,1.69,938,7,391,266
22737,64470,818,651,167,497,154,2.41,2.25,651,16,265,232
22738,64471,241,187,54,136,51,2.60,1.69,187,10,35,101
22739,64473,610,541,69,431,110,2.48,2.23,541,20,170,261
22740,64474,391,347,44,236,111,2.43,2.05,347,4,92,144
22741,64475,206,131,75,89,42,2.60,1.48,131,6,15,74
22742,64476,141,125,16,105,20,2.47,1.65,125,6,50,55
22743,64477,1687,1485,202,1124,361,2.43,1.80,1485,128,652,472
22744,64479,401,349,52,278,71,3.05,1.61,349,31,151,127
22745,64480,157,118,39,106,12,1.75,2.17,118,4,42,64
22746,64481,464,344,120,257,87,3.26,2.03,344,9,111,146
22747,64482,1000,897,103,643,254,2.30,2.23,897,26,318,325
22748,64483,243,192,51,168,24,3.14,2.71,192,16,105,63
22749,64484,424,382,42,311,71,2.54,2.58,382,11,99,212
22750,64485,3491,3181,310,2305,876,2.50,1.95,3181,166,1279,1026
22751,64486,199,102,97,78,24,2.45,1.67,102,0,25,53
22752,64487,402,288,114,219,69,2.20,1.93,288,26,84,135
22753,64489,886,723,163,574,149,3.12,2.22,723,82,179,395
22754,64490,761,696,65,590,106,2.91,2.19,696,21,326,264
22755,64491,936,798,138,525,273,2.21,1.99,798,65,210,315
22756,64492,760,704,56,572,132,2.66,1.58,704,35,399,173
22757,64493,256,211,45,162,49,4.21,2.43,211,1,113,49
22758,64494,520,440,80,334,106,2.47,2.08,440,9,174,160
22759,64496,145,98,47,63,35,2.43,1.46,98,5,15,48
22760,64497,250,151,99,143,8,3.18,2.25,151,5,73,70
22761,64498,110,106,4,99,7,2.16,2.29,106,0,32,67
22762,64499,95,59,36,58,1,2.31,7.00,59,23,7,51
22763,64501,5722,4508,1214,1909,2599,2.77,2.03,4508,937,1023,886
22764,64503,5533,4833,700,3242,1591,2.52,2.43,4833,450,1626,1616
22765,64504,4587,4119,468,2796,1323,2.57,2.64,4119,295,1507,1289
22766,64505,5756,5116,640,3562,1554,2.67,2.60,5116,174,2122,1440
22767,64506,9544,8714,830,5282,3432,2.48,1.98,8714,624,3220,2062
22768,64507,6135,5265,870,3449,1816,2.65,2.58,5265,478,2097,1352
22769,64601,5151,4524,627,3017,1507,2.46,2.35,4524,321,1443,1574
22770,64620,336,215,121,202,13,2.81,3.31,215,6,95,107
22771,64622,214,162,52,123,39,2.23,1.38,162,0,33,90
22772,64623,325,136,189,125,11,2.94,1.91,136,7,54,71
22773,64624,745,601,144,490,111,2.39,2.13,601,20,179,311
22774,64625,406,287,119,210,77,2.83,2.29,287,43,73,137
22775,64628,2899,2310,589,1775,535,2.43,2.57,2310,120,709,1066
22776,64630,340,245,95,204,41,2.63,1.59,245,11,80,124
22777,64631,445,305,140,252,53,2.57,2.00,305,5,104,148
22778,64632,292,158,134,149,9,2.27,2.56,158,3,36,113
22779,64633,2229,1774,455,1191,583,2.46,2.68,1774,136,578,613
22780,64635,223,176,47,152,24,2.46,2.88,176,5,55,97
22781,64636,137,121,16,101,20,2.73,2.05,121,6,28,73
22782,64637,298,233,65,178,55,2.43,2.76,233,17,54,124
22783,64638,243,178,65,136,42,4.08,2.74,178,3,68,68
22784,64639,110,72,38,65,7,2.17,1.29,72,7,19,46
22785,64640,1893,1206,687,915,291,2.33,2.73,1206,73,436,479
22786,64641,346,249,97,190,59,2.38,1.81,249,16,82,108
22787,64642,396,309,87,249,60,2.63,2.28,309,10,102,147
22788,64643,600,444,156,345,99,2.66,1.94,444,14,150,195
22789,64644,1276,1118,158,837,281,2.71,2.59,1118,31,516,321
22790,64645,136,77,59,69,8,2.04,3.00,77,6,16,53
22791,64646,165,85,80,70,15,3.77,2.60,85,0,17,53
22792,64647,245,195,50,125,70,2.00,3.10,195,5,50,75
22793,64648,776,666,110,558,108,4.00,3.41,666,195,236,322
22794,64649,372,308,64,274,34,2.70,2.85,308,23,120,154
22795,64650,378,263,115,215,48,2.08,2.13,263,8,89,126
22796,64651,248,196,52,138,58,2.35,2.21,196,25,40,98
22797,64652,212,146,66,123,23,2.57,2.09,146,16,40,83
22798,64653,311,259,52,239,20,2.17,1.90,259,2,100,139
22799,64654,19,14,5,9,5,2.00,4.40,14,0,5,4
22800,64655,193,85,108,85,0,1.45,-,85,2,5,80
22801,64656,179,133,46,84,49,2.44,2.51,133,3,26,58
22802,64657,203,121,82,91,30,3.11,1.80,121,1,9,82
22803,64658,1484,1219,265,938,281,2.81,2.13,1219,32,498,440
22804,64659,419,369,50,273,96,2.75,2.52,369,0,129,144
22805,64660,244,172,72,165,7,2.56,2.29,172,1,56,109
22806,64661,439,304,135,212,92,2.88,2.07,304,14,70,142
22807,64664,128,105,23,87,18,2.64,2.94,105,0,42,45
22808,64667,147,85,62,71,14,3.63,4.36,85,6,14,57
22809,64668,803,650,153,521,129,2.40,2.61,650,46,239,282
22810,64670,386,326,60,229,97,2.43,2.96,326,12,72,157
22811,64671,1018,722,296,610,112,2.41,2.73,722,52,297,313
22812,64672,134,53,81,50,3,1.28,13.33,53,0,26,24
22813,64673,1312,842,470,712,130,3.01,2.46,842,27,285,427
22814,64674,201,125,76,108,17,2.21,2.18,125,1,33,75
22815,64676,66,46,20,39,7,3.36,2.00,46,0,19,20
22816,64679,375,300,75,194,106,3.08,2.02,300,80,81,113
22817,64681,139,59,80,55,4,2.67,8.00,59,8,10,45
22818,64682,191,151,40,140,11,2.38,1.36,151,0,16,124
22819,64683,3911,2950,961,2017,933,2.71,2.30,2950,200,807,1210
22820,64686,122,102,20,97,5,1.91,3.00,102,0,31,66
22821,64688,252,215,37,167,48,3.99,2.60,215,43,61,106
22822,64689,264,192,72,160,32,2.71,3.69,192,0,90,70
22823,64701,6092,5715,377,3862,1853,2.80,1.85,5715,367,2452,1410
22824,64720,1723,1530,193,1165,365,2.80,2.46,1530,58,650,515
22825,64722,180,139,41,106,33,2.98,2.76,139,12,46,60
22826,64723,414,337,77,266,71,2.27,2.31,337,12,177,89
22827,64724,941,757,184,528,229,2.78,1.61,757,15,212,316
22828,64725,895,769,126,538,231,2.65,2.52,769,26,337,201
22829,64726,229,119,110,99,20,2.30,5.20,119,1,43,56
22830,64728,219,163,56,135,28,2.87,2.89,163,11,63,72
22831,64730,3025,2457,568,1608,849,2.52,2.48,2457,264,755,853
22832,64733,555,465,90,353,112,2.92,2.54,465,17,186,167
22833,64734,852,793,59,632,161,2.88,2.15,793,11,448,184
22834,64735,6570,5724,846,3931,1793,2.33,2.11,5724,310,2133,1798
22835,64738,685,587,98,494,93,2.52,2.73,587,20,262,232
22836,64739,378,338,40,298,40,3.05,2.45,338,2,182,116
22837,64740,1038,740,298,644,96,1.98,2.58,740,9,245,399
22838,64741,117,64,53,58,6,1.79,2.17,64,1,2,56
22839,64742,972,890,82,711,179,2.42,2.53,890,31,397,314
22840,64743,97,90,7,55,35,2.13,2.23,90,13,41,14
22841,64744,3287,2876,411,1889,987,2.84,2.61,2876,325,914,975
22842,64745,44,27,17,23,4,2.78,2.00,27,0,19,4
22843,64746,670,624,46,505,119,2.49,2.19,624,7,285,220
22844,64747,1763,1587,176,1324,263,2.54,2.07,1587,34,824,500
22845,64748,697,593,104,417,176,2.32,2.61,593,29,176,241
22846,64750,132,117,15,103,14,3.15,3.14,117,26,79,24
22847,64752,314,257,57,220,37,2.88,2.49,257,12,103,117
22848,64755,1034,873,161,710,163,2.90,2.36,873,31,353,357
22849,64756,347,283,64,240,43,2.06,3.35,283,3,52,188
22850,64759,3300,2907,393,1901,1006,2.59,2.60,2907,275,839,1062
22851,64761,669,559,110,439,120,2.74,3.28,559,26,258,181
22852,64762,800,614,186,488,126,2.57,3.05,614,29,191,297
22853,64763,704,588,116,457,131,2.03,2.61,588,40,157,300
22854,64765,7,3,4,2,1,2.50,-,3,0,1,1
22855,64767,299,267,32,242,25,2.09,2.04,267,0,54,188
22856,64769,341,274,67,232,42,2.33,3.81,274,7,44,188
22857,64770,583,522,61,397,125,2.16,2.51,522,28,128,269
22858,64771,181,157,24,130,27,2.26,2.52,157,5,49,81
22859,64772,6131,5437,694,3936,1501,2.40,1.97,5437,482,2113,1823
22860,64776,2372,1590,782,1239,351,2.20,2.39,1590,112,565,674
22861,64778,242,168,74,138,30,2.80,2.33,168,16,71,67
22862,64779,1100,853,247,698,155,2.87,3.06,853,84,288,410
22863,64780,301,162,139,129,33,3.39,2.73,162,0,50,79
22864,64781,60,45,15,39,6,2.00,1.33,45,0,5,34
22865,64783,450,284,166,261,23,2.32,3.35,284,3,58,203
22866,64784,576,500,76,375,125,2.80,2.14,500,10,111,264
22867,64788,745,622,123,490,132,2.45,2.45,622,3,293,197
22868,64790,409,355,54,256,99,2.56,2.35,355,14,101,155
22869,64801,17406,15267,2139,8734,6533,2.47,2.12,15267,1273,4887,3847
22870,64804,16450,14853,1597,10559,4294,2.52,2.38,14853,858,5996,4563
22871,64830,308,285,23,174,111,2.52,2.95,285,28,107,67
22872,64831,2838,2416,422,1705,711,2.80,2.68,2416,113,924,781
22873,64832,469,455,14,354,101,2.25,4.81,455,45,100,254
22874,64833,30,20,10,18,2,3.22,3.00,20,0,7,11
22875,64834,3713,3510,203,2761,749,3.03,2.41,3510,62,1997,764
22876,64835,782,701,81,501,200,3.08,3.21,701,38,288,213
22877,64836,10108,9039,1069,5611,3428,2.75,2.56,9039,625,3433,2178
22878,64840,1203,1131,72,929,202,2.67,3.13,1131,56,543,386
22879,64841,386,360,26,215,145,3.50,1.79,360,26,157,58
22880,64842,366,312,54,235,77,2.97,3.52,312,16,157,78
22881,64843,1393,1158,235,874,284,2.78,3.66,1158,13,521,353
22882,64844,1978,1693,285,1235,458,2.86,2.07,1693,77,642,593
22883,64847,216,169,47,62,107,2.79,2.42,169,19,13,49
22884,64848,259,197,62,182,15,3.88,1.47,197,3,78,104
22885,64849,71,71,0,69,2,2.38,-,71,0,47,22
22886,64850,9486,8541,945,5722,2819,2.74,2.56,8541,544,3461,2261
22887,64854,1881,1480,401,647,833,2.79,3.56,1480,105,306,341
22888,64855,1007,988,19,886,102,2.56,2.52,988,21,579,307
22889,64856,1656,1465,191,929,536,2.74,2.40,1465,101,464,465
22890,64857,208,156,52,132,24,2.79,3.46,156,4,68,64
22891,64858,210,210,0,210,0,2.10,-,210,0,114,96
22892,64859,540,496,44,354,142,2.66,2.20,496,1,131,223
22893,64861,487,414,73,289,125,3.05,2.86,414,31,179,110
22894,64862,1589,1344,245,1029,315,2.76,2.42,1344,92,524,505
22895,64863,602,506,96,287,219,2.85,2.75,506,39,193,94
22896,64865,2201,1886,315,1431,455,2.77,3.38,1886,57,787,644
22897,64866,420,389,31,348,41,2.48,2.44,389,12,154,194
22898,64867,422,349,73,287,62,2.51,3.35,349,0,111,176
22899,64868,58,58,0,58,0,2.26,-,58,0,23,35
22900,64870,6366,5887,479,3717,2170,2.66,2.55,5887,326,2409,1308
22901,64873,347,294,53,285,9,2.53,2.56,294,0,111,174
22902,64874,277,237,40,141,96,2.71,2.56,237,27,98,43
22903,65001,145,126,19,122,4,2.53,-,126,19,57,65
22904,65010,3042,2870,172,2202,668,2.58,1.74,2870,138,1597,605
22905,65011,1198,632,566,516,116,4.36,1.79,632,153,227,289
22906,65013,1591,1160,431,833,327,2.30,2.37,1160,62,369,464
22907,65014,1235,992,243,754,238,2.77,2.47,992,86,352,402
22908,65016,553,518,35,473,45,2.74,2.62,518,9,273,200
22909,65017,541,465,76,374,91,2.65,1.65,465,0,129,245
22910,65018,3391,3053,338,2307,746,2.66,2.19,3053,157,1285,1022
22911,65020,9927,5320,4607,4239,1081,2.85,2.79,5320,194,2343,1896
22912,65023,829,698,131,626,72,2.46,1.93,698,63,254,372
22913,65024,655,432,223,369,63,2.28,2.29,432,23,164,205
22914,65025,368,299,69,186,113,2.47,3.25,299,9,98,88
22915,65026,5573,4746,827,3502,1244,2.28,2.13,4746,217,1926,1576
22916,65032,623,562,61,507,55,2.16,2.69,562,15,174,333
22917,65034,321,315,6,293,22,2.87,7.55,315,74,141,152
22918,65035,739,642,97,553,89,2.91,2.08,642,45,251,302
22919,65037,5503,2195,3308,1934,261,2.10,1.81,2195,126,939,995
22920,65039,1077,1067,10,999,68,2.66,1.49,1067,53,668,331
22921,65040,562,423,139,363,60,3.04,1.15,423,10,231,132
22922,65041,3044,2278,766,1781,497,2.33,2.03,2278,69,857,924
22923,65043,4260,3705,555,2993,712,2.65,2.78,3705,76,1901,1092
22924,65046,643,578,65,543,35,2.59,1.37,578,14,298,245
22925,65047,825,464,361,305,159,3.88,2.33,464,18,205,100
22926,65048,107,87,20,76,11,1.62,2.00,87,0,8,68
22927,65049,8247,2929,5318,2345,584,2.19,2.15,2929,101,1462,883
22928,65050,190,175,15,159,16,4.03,2.94,175,107,100,59
22929,65051,2167,1824,343,1398,426,2.69,2.10,1824,62,713,685
22930,65052,1723,1208,515,1113,95,2.97,2.13,1208,9,759,354
22931,65053,595,577,18,548,29,2.69,3.59,577,2,303,245
22932,65054,389,367,22,338,29,3.00,3.31,367,0,226,112
22933,65058,486,413,73,347,66,2.05,1.65,413,29,111,236
22934,65059,527,437,90,315,122,2.43,1.57,437,3,128,187
22935,65061,432,194,238,183,11,2.77,4.00,194,4,92,91
22936,65062,36,11,25,11,0,2.91,-,11,0,11,0
22937,65063,1419,1279,140,1101,178,3.03,2.51,1279,4,745,356
22938,65064,331,272,59,256,16,2.47,1.94,272,12,128,128
22939,65065,8100,2671,5429,1801,870,2.32,3.06,2671,7,1202,599
22940,65066,3020,2415,605,1902,513,2.51,2.27,2415,155,1043,859
22941,65067,296,176,120,136,40,3.01,3.18,176,10,92,44
22942,65068,335,307,28,264,43,2.53,2.60,307,10,155,109
22943,65069,347,191,156,168,23,2.29,1.78,191,0,71,97
22944,65072,2747,721,2026,639,82,2.58,3.55,721,11,333,306
22945,65074,1296,1176,120,987,189,2.60,2.17,1176,15,650,337
22946,65075,412,354,58,307,47,3.13,1.55,354,6,129,178
22947,65076,238,223,15,188,35,2.62,1.06,223,27,99,89
22948,65077,266,171,95,171,0,2.50,-,171,33,90,81
22949,65078,2833,1327,1506,1056,271,2.48,2.24,1327,106,518,538
22950,65079,6560,1978,4582,1794,184,2.30,2.55,1978,54,971,823
22951,65080,490,490,0,427,63,2.73,3.37,490,0,308,119
22952,65081,1299,1104,195,785,319,3.45,2.16,1104,92,443,342
22953,65082,486,388,98,343,45,2.76,2.53,388,15,162,181
22954,65083,69,58,11,47,11,3.15,2.36,58,0,6,41
22955,65084,2939,2341,598,1722,619,2.97,2.33,2341,435,974,748
22956,65085,583,514,69,447,67,2.67,1.21,514,35,245,202
22957,65101,11892,10431,1461,7009,3422,2.65,2.21,10431,753,4182,2827
22958,65109,18098,16602,1496,10717,5885,2.55,2.08,16602,819,6432,4285
22959,65201,20187,18057,2130,5987,12070,2.43,2.08,18057,1347,3953,2034
22960,65202,20374,18952,1422,11984,6968,2.58,2.43,18952,1139,8376,3608
22961,65203,27113,25279,1834,15817,9462,2.53,1.97,25279,1419,10239,5578
22962,65215,0,0,0,0,0,-,-,0,0,0,0
22963,65216,0,0,0,0,0,-,-,0,0,0,0
22964,65230,268,194,74,166,28,2.55,3.61,194,4,106,60
22965,65231,1412,1166,246,857,309,2.56,2.50,1166,3,514,343
22966,65232,157,133,24,118,15,2.16,2.60,133,0,35,83
22967,65233,4584,3791,793,2844,947,2.72,2.41,3791,210,1743,1101
22968,65236,711,485,226,312,173,2.80,2.24,485,32,83,229
22969,65237,518,446,72,335,111,2.45,2.25,446,15,152,183
22970,65239,794,661,133,633,28,2.43,3.46,661,6,240,393
22971,65240,3633,3385,248,2597,788,2.65,2.19,3385,106,1515,1082
22972,65243,992,810,182,763,47,3.01,5.74,810,94,431,332
22973,65244,251,162,89,141,21,2.24,1.67,162,8,72,69
22974,65246,50,23,27,23,0,2.96,-,23,0,6,17
22975,65247,341,237,104,219,18,3.83,1.28,237,20,99,120
22976,65248,1814,1250,564,896,354,3.11,2.75,1250,37,523,373
22977,65250,239,168,71,162,6,2.86,2.00,168,1,72,90
22978,65251,8094,7148,946,4891,2257,2.68,2.21,7148,379,2926,1965
22979,65254,942,661,281,579,82,2.65,2.66,661,24,294,285
22980,65255,1964,1885,79,1453,432,2.69,3.13,1885,74,857,596
22981,65256,895,733,162,696,37,2.52,3.51,733,16,407,289
22982,65257,830,591,239,519,72,3.11,3.21,591,12,233,286
22983,65258,262,230,32,200,30,2.30,3.87,230,13,30,170
22984,65259,1120,977,143,802,175,3.02,2.51,977,36,490,312
22985,65260,219,170,49,155,15,2.52,2.13,170,0,93,62
22986,65261,706,395,311,297,98,3.15,2.84,395,23,152,145
22987,65262,437,341,96,288,53,2.88,1.13,341,9,176,112
22988,65263,754,568,186,484,84,2.33,2.31,568,29,155,329
22989,65264,422,379,43,351,28,2.70,2.89,379,4,218,133
22990,65265,6537,5717,820,3863,1854,2.62,2.55,5717,382,2036,1827
22991,65270,7187,6067,1120,3709,2358,2.62,2.33,6067,373,2018,1691
22992,65274,806,641,165,516,125,3.26,2.81,641,40,302,214
22993,65275,1177,968,209,805,163,2.49,2.63,968,36,360,445
22994,65276,787,630,157,492,138,2.40,2.75,630,52,228,264
22995,65278,86,38,48,25,13,2.00,2.23,38,0,11,14
22996,65279,792,615,177,565,50,2.45,1.44,615,16,351,214
22997,65280,125,109,16,89,20,2.69,2.15,109,1,9,80
22998,65281,1356,950,406,774,176,2.79,2.66,950,48,258,516
22999,65282,107,75,32,75,0,1.05,-,75,0,0,75
23000,65283,483,243,240,239,4,2.23,3.25,243,0,67,172
23001,65284,868,761,107,568,193,2.45,1.79,761,27,347,221
23002,65285,294,197,97,187,10,2.08,-,197,8,96,91
23003,65286,57,24,33,20,4,4.65,8.75,24,0,2,18
23004,65287,124,87,37,85,2,2.06,-,87,1,52,33
23005,65301,15134,13513,1621,9015,4498,2.60,2.35,13513,1069,4660,4355
23006,65305,1023,1002,21,0,1002,-,2.87,1002,0,0,0
23007,65320,61,30,31,29,1,2.00,2.00,30,1,14,15
23008,65321,197,150,47,118,32,2.07,3.06,150,4,32,86
23009,65322,292,232,60,189,43,2.71,2.53,232,4,78,111
23010,65323,366,333,33,280,53,2.84,2.42,333,18,141,139
23011,65324,1864,572,1292,506,66,1.87,3.67,572,15,224,282
23012,65325,1379,1153,226,888,265,3.13,2.23,1153,101,401,487
23013,65326,2317,819,1498,696,123,1.79,2.72,819,17,271,425
23014,65327,93,79,14,71,8,2.35,5.38,79,2,29,42
23015,65329,140,92,48,71,21,3.82,-,92,0,46,25
23016,65330,230,180,50,132,48,3.28,1.90,180,11,61,71
23017,65332,624,595,29,533,62,2.56,2.61,595,11,228,305
23018,65333,352,289,63,271,18,1.71,3.22,289,6,102,169
23019,65334,507,456,51,304,152,2.50,1.81,456,1,137,167
23020,65335,147,126,21,115,11,2.92,1.73,126,26,67,48
23021,65336,2848,2576,272,1711,865,2.43,2.29,2576,68,1196,515
23022,65337,771,698,73,476,222,2.66,2.67,698,20,235,241
23023,65338,1682,1094,588,861,233,2.91,2.56,1094,43,384,477
23024,65339,264,148,116,119,29,2.76,3.55,148,2,38,81
23025,65340,6211,5075,1136,3553,1522,3.07,2.33,5075,300,2046,1507
23026,65344,118,61,57,48,13,2.67,3.46,61,1,19,29
23027,65345,202,202,0,181,21,1.96,2.00,202,0,83,98
23028,65347,516,362,154,325,37,2.44,2.76,362,4,169,156
23029,65348,631,587,44,451,136,2.77,2.00,587,40,222,229
23030,65349,1299,1055,244,716,339,2.63,2.29,1055,154,374,342
23031,65350,744,662,82,550,112,2.90,2.01,662,16,332,218
23032,65351,1023,794,229,616,178,3.01,2.92,794,38,280,336
23033,65354,229,229,0,111,118,2.40,2.21,229,6,21,90
23034,65355,8544,4593,3951,3780,813,2.35,1.99,4593,275,1792,1988
23035,65360,1885,1663,222,1221,442,3.02,2.36,1663,223,676,545
23036,65401,14594,13226,1368,7400,5826,2.52,1.96,13226,915,4012,3388
23037,65409,8,8,0,8,0,-,-,8,0,8,0
23038,65436,15,0,15,0,0,-,-,0,0,0,0
23039,65438,1348,1051,297,849,202,2.83,2.39,1051,51,333,516
23040,65439,33,33,0,33,0,1.94,-,33,0,0,33
23041,65440,214,133,81,133,0,3.66,-,133,0,81,52
23042,65441,2531,2142,389,1652,490,2.30,2.93,2142,179,852,800
23043,65443,39,39,0,39,0,2.51,-,39,0,11,28
23044,65444,399,333,66,240,93,2.23,1.46,333,0,114,126
23045,65446,209,209,0,94,115,4.14,2.82,209,0,60,34
23046,65449,130,108,22,93,15,1.25,-,108,0,0,93
23047,65452,1320,1004,316,797,207,2.67,2.33,1004,32,383,414
23048,65453,4208,3317,891,2332,985,2.73,2.40,3317,205,1421,911
23049,65456,233,157,76,145,12,3.77,-,157,0,50,95
23050,65457,205,121,84,110,11,2.09,-,121,0,14,96
23051,65459,3130,2511,619,2057,454,3.04,2.72,2511,174,1143,914
23052,65461,76,69,7,69,0,1.51,-,69,0,43,26
23053,65462,684,577,107,559,18,2.19,1.83,577,16,258,301
23054,65463,598,598,0,363,235,2.15,2.26,598,0,162,201
23055,65464,313,267,46,233,34,1.68,-,267,0,128,105
23056,65466,701,489,212,328,161,2.59,2.73,489,39,107,221
23057,65468,18,3,15,3,0,-,-,3,0,0,3
23058,65470,441,361,80,319,42,2.40,1.67,361,5,179,140
23059,65473,2628,2103,525,16,2087,2.50,3.14,2103,90,16,0
23060,65479,109,84,25,84,0,2.01,-,84,0,0,84
23061,65483,2249,1825,424,1331,494,2.51,2.67,1825,189,618,713
23062,65484,25,25,0,25,0,2.28,-,25,0,0,25
23063,65486,1456,1327,129,1185,142,2.64,2.48,1327,40,457,728
23064,65501,95,68,27,68,0,2.10,-,68,0,16,52
23065,65529,134,102,32,102,0,2.71,-,102,0,93,9
23066,65534,380,224,156,203,21,2.71,2.29,224,0,104,99
23067,65535,698,514,184,419,95,2.76,2.69,514,30,172,247
23068,65536,13311,11909,1402,8271,3638,2.49,2.49,11909,854,4666,3605
23069,65541,92,92,0,92,0,2.98,-,92,0,42,50
23070,65542,2447,2066,381,1501,565,2.59,2.56,2066,244,769,732
23071,65543,246,234,12,191,43,2.50,2.86,234,12,121,70
23072,65548,2549,2169,380,1585,584,2.77,2.39,2169,103,729,856
23073,65550,1724,1231,493,933,298,2.55,2.25,1231,35,473,460
23074,65552,857,684,173,612,72,2.92,3.57,684,0,375,237
23075,65555,546,489,57,379,110,3.39,1.78,489,18,214,165
23076,65556,2420,2069,351,1586,483,2.65,2.40,2069,175,690,896
23077,65557,31,31,0,31,0,2.55,-,31,0,15,16
23078,65559,3853,3320,533,2258,1062,2.55,2.47,3320,162,1092,1166
23079,65560,6503,5632,871,3941,1691,2.36,2.37,5632,356,1854,2087
23080,65564,45,45,0,25,20,3.16,3.15,45,0,25,0
23081,65565,2617,2090,527,1501,589,2.19,2.14,2090,147,736,765
23082,65566,416,295,121,216,79,2.48,3.15,295,25,97,119
23083,65567,704,582,122,472,110,2.68,3.82,582,2,245,227
23084,65570,300,276,24,260,16,2.13,4.44,276,1,102,158
23085,65571,880,716,164,537,179,2.92,2.15,716,87,78,459
23086,65580,359,293,66,238,55,2.24,1.20,293,0,116,122
23087,65582,1093,909,184,651,258,2.48,2.29,909,53,307,344
23088,65583,5645,4857,788,2524,2333,2.89,2.52,4857,212,1620,904
23089,65584,5150,4061,1089,2011,2050,3.12,2.29,4061,169,1310,701
23090,65586,68,8,60,8,0,11.75,-,8,8,8,0
23091,65588,1046,839,207,666,173,2.27,2.34,839,35,262,404
23092,65589,47,34,13,15,19,4.20,2.95,34,0,15,0
23093,65590,962,839,123,655,184,2.40,2.36,839,62,350,305
23094,65591,542,468,74,359,109,2.96,4.75,468,17,235,124
23095,65601,297,264,33,224,40,2.24,2.43,264,3,105,119
23096,65603,130,91,39,91,0,1.97,-,91,0,63,28
23097,65604,1584,1498,86,1197,301,2.20,2.26,1498,162,696,501
23098,65605,5526,4955,571,3463,1492,2.45,2.45,4955,206,2073,1390
23099,65606,1340,1030,310,726,304,2.14,2.50,1030,72,293,433
23100,65608,3823,3201,622,2386,815,2.69,2.21,3201,180,972,1414
23101,65609,355,270,85,207,63,2.56,2.63,270,67,49,158
23102,65610,2099,1867,232,1649,218,2.53,2.49,1867,29,1262,387
23103,65611,1541,992,549,873,119,2.20,2.12,992,17,371,502
23104,65612,726,682,44,488,194,2.81,1.25,682,0,178,310
23105,65613,7061,6513,548,4346,2167,2.49,2.51,6513,415,2471,1875
23106,65614,266,193,73,158,35,2.97,2.66,193,2,69,89
23107,65616,15837,10522,5315,6406,4116,2.68,2.48,10522,566,3811,2595
23108,65617,708,586,122,532,54,2.53,3.15,586,0,259,273
23109,65618,42,42,0,42,0,4.36,-,42,0,33,9
23110,65619,3821,3696,125,2612,1084,2.52,1.87,3696,0,1745,867
23111,65620,99,96,3,56,40,1.98,1.48,96,0,29,27
23112,65622,3765,3252,513,2197,1055,2.39,2.32,3252,85,1341,856
23113,65623,7,3,4,0,3,-,3.00,3,0,0,0
23114,65624,897,656,241,638,18,2.63,5.67,656,0,265,373
23115,65625,3696,3025,671,2028,997,2.75,2.45,3025,192,1121,907
23116,65626,1142,871,271,719,152,2.56,2.87,871,72,251,468
23117,65627,416,320,96,233,87,1.80,3.62,320,13,50,183
23118,65629,295,227,68,179,48,2.61,2.92,227,5,65,114
23119,65630,164,155,9,138,17,2.39,1.12,155,0,77,61
23120,65631,2414,2304,110,1965,339,2.93,2.54,2304,41,1495,470
23121,65632,1159,966,193,760,206,2.51,2.65,966,34,459,301
23122,65633,1430,1204,226,894,310,2.79,3.51,1204,26,464,430
23123,65634,255,133,122,119,14,3.98,1.57,133,17,41,78
23124,65635,246,205,41,175,30,2.71,2.03,205,2,101,74
23125,65637,484,346,138,262,84,2.10,2.40,346,31,147,115
23126,65638,292,254,38,203,51,2.47,3.76,254,7,115,88
23127,65640,334,265,69,260,5,3.95,5.40,265,29,128,132
23128,65641,927,507,420,423,84,2.32,1.45,507,34,131,292
23129,65644,833,727,106,649,78,2.27,2.81,727,12,342,307
23130,65646,870,707,163,618,89,2.46,1.48,707,10,222,396
23131,65647,1330,1202,128,973,229,2.54,2.80,1202,35,341,632
23132,65648,2451,2111,340,1794,317,2.91,4.37,2111,43,1217,577
23133,65649,1159,878,281,681,197,2.55,2.31,878,11,430,251
23134,65650,1036,583,453,507,76,3.62,1.74,583,81,315,192
23135,65652,1454,1343,111,1124,219,2.75,2.42,1343,52,722,402
23136,65653,3002,2545,457,1980,565,2.18,2.13,2545,134,751,1229
23137,65654,137,116,21,79,37,2.49,1.76,116,8,47,32
23138,65655,1234,1023,211,714,309,1.97,2.27,1023,43,266,448
23139,65656,2473,1612,861,1394,218,3.01,2.28,1612,49,774,620
23140,65657,119,85,34,51,34,3.63,4.85,85,0,30,21
23141,65658,986,619,367,498,121,1.97,1.75,619,5,270,228
23142,65660,169,134,35,129,5,1.80,2.00,134,0,41,88
23143,65661,1296,897,399,654,243,2.71,2.39,897,96,370,284
23144,65662,512,398,114,330,68,3.05,1.71,398,11,195,135
23145,65663,1064,880,184,644,236,2.98,1.89,880,31,315,329
23146,65664,38,16,22,1,15,3.00,1.93,16,0,0,1
23147,65666,53,53,0,53,0,-,-,53,0,0,53
23148,65667,1396,1080,316,851,229,3.16,2.44,1080,164,361,490
23149,65668,1055,725,330,572,153,2.28,1.78,725,6,160,412
23150,65669,977,871,106,735,136,2.84,2.75,871,9,437,298
23151,65672,4802,3491,1311,2351,1140,2.49,2.34,3491,46,1455,896
23152,65674,1209,979,230,663,316,2.80,2.57,979,62,395,268
23153,65675,18,10,8,8,2,2.75,2.50,10,0,8,0
23154,65676,380,200,180,131,69,2.63,2.32,200,15,58,73
23155,65679,1551,1325,226,852,473,2.59,2.15,1325,38,542,310
23156,65680,615,455,160,435,20,2.40,4.55,455,13,258,177
23157,65681,1738,885,853,862,23,1.96,2.74,885,17,321,541
23158,65682,933,773,160,530,243,2.58,2.74,773,47,214,316
23159,65685,407,340,67,303,37,3.34,3.51,340,18,156,147
23160,65686,3815,2157,1658,1769,388,2.17,2.24,2157,67,770,999
23161,65688,34,28,6,21,7,1.90,-,28,2,0,21
23162,65689,2472,2220,252,1712,508,2.19,3.00,2220,152,988,724
23163,65690,112,71,41,56,15,2.00,2.73,71,0,23,33
23164,65692,465,336,129,247,89,2.61,3.28,336,5,90,157
23165,65702,128,87,41,76,11,1.51,2.00,87,0,51,25
23166,65704,1864,1596,268,1122,474,2.51,1.97,1596,140,737,385
23167,65705,1696,1433,263,936,497,2.98,2.67,1433,127,618,318
23168,65706,6735,6121,614,4845,1276,2.58,2.99,6121,252,2860,1985
23169,65707,973,796,177,598,198,2.60,2.19,796,62,331,267
23170,65708,5102,4887,215,3028,1859,2.91,2.44,4887,124,1872,1156
23171,65710,562,443,119,333,110,2.57,2.26,443,21,234,99
23172,65711,4043,3207,836,2539,668,2.63,2.74,3207,160,1538,1001
23173,65712,3942,3499,443,2378,1121,2.57,2.23,3499,253,1407,971
23174,65713,1109,883,226,697,186,2.81,3.06,883,40,367,330
23175,65714,13220,12643,577,9135,3508,2.66,2.68,12643,260,6111,3024
23176,65715,22,16,6,16,0,3.69,-,16,0,16,0
23177,65717,943,799,144,624,175,3.18,3.53,799,85,308,316
23178,65720,289,269,20,238,31,2.98,2.42,269,1,181,57
23179,65721,12954,12135,819,8924,3211,2.87,2.25,12135,384,6405,2519
23180,65722,450,415,35,328,87,2.69,2.69,415,0,143,185
23181,65723,1219,1114,105,831,283,2.53,2.82,1114,12,334,497
23182,65724,1465,645,820,604,41,1.83,-,645,20,211,393
23183,65725,1127,1104,23,944,160,3.13,1.72,1104,13,632,312
23184,65726,0,0,0,0,0,-,-,0,0,0,0
23185,65727,71,71,0,71,0,1.80,-,71,0,12,59
23186,65728,13,13,0,13,0,2.08,-,13,0,0,13
23187,65729,193,84,109,65,19,1.32,1.74,84,0,0,65
23188,65730,36,9,27,9,0,-,-,9,0,9,0
23189,65731,118,78,40,60,18,1.60,4.28,78,0,31,29
23190,65732,436,401,35,335,66,3.09,2.64,401,13,178,157
23191,65733,582,274,308,240,34,3.94,2.91,274,0,55,185
23192,65734,1360,1210,150,801,409,2.58,2.61,1210,81,377,424
23193,65735,83,43,40,22,21,1.36,2.76,43,2,0,22
23194,65737,5176,3057,2119,2426,631,2.61,1.95,3057,218,1286,1140
23195,65738,8067,7909,158,5186,2723,2.60,2.42,7909,166,3636,1550
23196,65739,842,384,458,358,26,2.16,2.73,384,0,210,148
23197,65740,1788,1268,520,924,344,2.86,3.10,1268,52,598,326
23198,65741,0,0,0,0,0,-,-,0,0,0,0
23199,65742,5532,4965,567,3923,1042,2.83,2.56,4965,122,2856,1067
23200,65744,37,24,13,19,5,2.05,2.60,24,0,2,17
23201,65745,1120,924,196,572,352,2.41,3.26,924,58,299,273
23202,65746,3149,2863,286,2346,517,3.41,2.30,2863,460,1237,1109
23203,65747,3211,1713,1498,1641,72,1.96,3.28,1713,37,708,933
23204,65752,207,199,8,137,62,2.52,1.55,199,11,41,96
23205,65753,2032,1849,183,1540,309,2.73,2.26,1849,54,933,607
23206,65754,232,232,0,217,15,2.35,5.07,232,13,137,80
23207,65755,220,214,6,198,16,2.97,2.38,214,0,111,87
23208,65756,340,321,19,298,23,2.69,3.52,321,1,213,85
23209,65757,2935,2847,88,2386,461,2.57,2.33,2847,96,1401,985
23210,65759,565,385,180,322,63,2.69,2.75,385,19,173,149
23211,65760,288,236,52,232,4,2.09,4.00,236,0,111,121
23212,65761,1089,531,558,490,41,1.94,1.46,531,27,119,371
23213,65762,193,162,31,134,28,2.90,3.21,162,16,82,52
23214,65764,493,451,42,417,34,2.64,3.09,451,36,216,201
23215,65766,83,21,62,17,4,4.06,-,21,4,7,10
23216,65767,906,734,172,571,163,2.22,2.97,734,36,296,275
23217,65768,229,134,95,105,29,2.20,3.59,134,0,51,54
23218,65769,1182,1046,136,926,120,2.62,2.59,1046,86,406,520
23219,65770,1206,1093,113,928,165,2.46,2.15,1093,32,492,436
23220,65771,541,541,0,541,0,2.70,-,541,25,260,281
23221,65772,1046,879,167,788,91,2.32,2.24,879,10,346,442
23222,65773,262,212,50,190,22,2.41,4.82,212,10,114,76
23223,65774,516,436,80,369,67,2.78,2.79,436,6,181,188
23224,65775,11458,9943,1515,6477,3466,2.54,2.36,9943,687,3225,3252
23225,65777,96,76,20,76,0,2.59,-,76,0,65,11
23226,65778,279,195,84,104,91,2.49,2.41,195,23,47,57
23227,65779,1159,645,514,505,140,1.99,2.06,645,9,194,311
23228,65781,3267,3158,109,2299,859,2.67,3.28,3158,9,1508,791
23229,65783,37,37,0,29,8,1.90,11.13,37,0,0,29
23230,65784,0,0,0,0,0,-,-,0,0,0,0
23231,65785,2980,2290,690,1716,574,2.32,2.63,2290,81,918,798
23232,65786,964,633,331,538,95,2.98,2.74,633,3,280,258
23233,65787,1212,449,763,404,45,2.35,4.82,449,23,222,182
23234,65788,149,135,14,131,4,2.20,-,135,0,55,76
23235,65789,665,566,99,441,125,3.08,3.42,566,49,241,200
23236,65790,411,317,94,303,14,3.54,-,317,0,200,103
23237,65791,1849,1496,353,1038,458,2.65,3.10,1496,43,445,593
23238,65793,2758,2331,427,1573,758,2.64,1.88,2331,255,584,989
23239,65801,0,0,0,0,0,-,-,0,0,0,0
23240,65802,19955,19169,786,10513,8656,2.33,2.11,19169,1497,6623,3890
23241,65803,19455,18143,1312,10075,8068,2.36,2.22,18143,1819,5850,4225
23242,65804,19985,18992,993,10243,8749,2.19,1.79,18992,1259,5971,4272
23243,65806,8433,7673,760,929,6744,1.96,1.69,7673,1434,459,470
23244,65807,28110,27017,1093,12584,14433,2.17,1.88,27017,2001,8115,4469
23245,65809,4726,4665,61,3970,695,2.46,1.70,4665,195,2415,1555
23246,65810,9678,9380,298,7017,2363,2.47,1.96,9380,504,4197,2820
23247,65897,18,18,0,0,18,-,3.11,18,0,0,0
23248,66002,5393,4632,761,3121,1511,2.67,2.19,4632,431,1517,1604
23249,66006,2859,2760,99,2077,683,2.70,2.04,2760,163,1413,664
23250,66007,3562,3513,49,2853,660,2.92,1.93,3513,60,2109,744
23251,66008,100,100,0,97,3,2.09,-,100,0,49,48
23252,66010,282,258,24,213,45,2.38,1.22,258,32,92,121
23253,66012,3789,3660,129,2824,836,2.85,2.65,3660,89,1693,1131
23254,66013,930,816,114,803,13,3.43,-,816,0,597,206
23255,66014,190,190,0,154,36,2.96,1.92,190,0,96,58
23256,66015,403,327,76,253,74,2.65,1.68,327,11,158,95
23257,66016,255,207,48,193,14,3.62,11.36,207,7,108,85
23258,66017,149,144,5,111,33,2.14,2.79,144,2,48,63
23259,66018,2414,2358,56,1561,797,2.91,2.31,2358,61,1022,539
23260,66020,594,524,70,450,74,3.63,2.11,524,2,304,146
23261,66021,941,893,48,749,144,3.28,2.55,893,0,538,211
23262,66023,506,430,76,385,45,2.16,1.78,430,16,131,254
23263,66024,285,257,28,178,79,2.76,2.85,257,8,74,104
23264,66025,2828,2736,92,1974,762,2.94,2.56,2736,69,1527,447
23265,66026,222,211,11,202,9,4.12,1.89,211,1,113,89
23266,66027,1870,1568,302,10,1558,3.00,3.71,1568,62,0,10
23267,66030,9112,8552,560,5891,2661,3.05,2.57,8552,283,4238,1653
23268,66031,0,0,0,0,0,-,-,0,0,0,0
23269,66032,2140,1908,232,1297,611,2.61,2.21,1908,141,506,791
23270,66033,386,360,26,299,61,2.48,1.61,360,31,92,207
23271,66035,428,281,147,216,65,2.73,1.71,281,15,89,127
23272,66039,369,280,89,248,32,2.25,2.78,280,0,147,101
23273,66040,2006,1493,513,1164,329,2.22,2.13,1493,115,641,523
23274,66041,418,374,44,358,16,2.47,1.94,374,0,120,238
23275,66042,254,242,12,202,40,2.25,1.35,242,0,89,113
23276,66043,3252,3066,186,2263,803,2.86,3.01,3066,117,1540,723
23277,66044,12624,11620,1004,4297,7323,2.24,2.02,11620,761,2540,1757
23278,66045,0,0,0,0,0,-,-,0,0,0,0
23279,66046,8751,8221,530,3967,4254,2.33,2.02,8221,461,2671,1296
23280,66047,9362,8986,376,3830,5156,2.45,2.14,8986,413,2295,1535
23281,66048,15444,14077,1367,8477,5600,2.41,2.36,14077,976,5013,3464
23282,66049,15203,14340,863,7974,6366,2.58,1.68,14340,892,5393,2581
23283,66050,860,784,76,709,75,2.48,3.48,784,7,340,369
23284,66052,768,735,33,534,201,2.74,2.67,735,13,412,122
23285,66053,3086,2899,187,2278,621,2.65,2.47,2899,24,1595,683
23286,66054,1199,1032,167,880,152,2.67,3.90,1032,22,435,445
23287,66056,799,666,133,513,153,2.05,2.11,666,17,309,204
23288,66058,129,105,24,86,19,3.45,2.58,105,2,32,54
23289,66060,513,479,34,399,80,2.62,2.19,479,30,213,186
23290,66061,23822,22894,928,17074,5820,2.94,2.67,22894,776,12743,4331
23291,66062,28652,27740,912,20601,7139,2.93,2.06,27740,903,15905,4696
23292,66064,2398,2153,245,1506,647,2.49,2.59,2153,78,915,591
23293,66066,1102,1037,65,927,110,2.27,1.78,1037,41,556,371
23294,66067,7004,6269,735,4137,2132,2.56,2.28,6269,296,2545,1592
23295,66070,995,773,222,748,25,2.66,1.36,773,11,464,284
23296,66071,5663,5322,341,4185,1137,2.51,1.77,5322,155,2744,1441
23297,66072,573,490,83,466,24,2.79,4.29,490,2,192,274
23298,66073,1074,1032,42,815,217,2.90,2.31,1032,13,489,326
23299,66075,1089,910,179,672,238,2.64,2.36,910,32,224,448
23300,66076,915,864,51,716,148,2.66,2.68,864,22,388,328
23301,66078,422,369,53,311,58,2.71,4.74,369,0,167,144
23302,66079,332,281,51,239,42,2.18,2.64,281,1,107,132
23303,66080,430,400,30,320,80,2.38,2.81,400,20,180,140
23304,66083,3992,3816,176,3165,651,3.14,2.31,3816,143,2408,757
23305,66085,3794,3709,85,3340,369,2.99,1.60,3709,77,2587,753
23306,66086,3952,3783,169,3085,698,2.88,2.03,3783,75,2347,738
23307,66087,1011,866,145,684,182,2.39,2.13,866,49,248,436
23308,66088,1225,1074,151,786,288,2.63,1.95,1074,150,516,270
23309,66090,1129,973,156,739,234,2.60,2.21,973,55,335,404
23310,66091,225,199,26,158,41,2.13,2.29,199,43,67,91
23311,66092,1686,1534,152,1264,270,2.79,2.32,1534,32,931,333
23312,66093,266,230,36,209,21,2.86,2.05,230,0,64,145
23313,66094,212,134,78,85,49,2.36,3.02,134,6,18,67
23314,66095,392,355,37,301,54,2.90,2.91,355,5,137,164
23315,66097,532,468,64,399,69,2.08,1.75,468,37,213,186
23316,66101,5876,4904,972,1934,2970,2.85,2.20,4904,1068,783,1151
23317,66102,11549,10043,1506,5193,4850,3.26,2.85,10043,1354,2641,2552
23318,66103,6913,6163,750,2487,3676,2.14,2.21,6163,487,1147,1340
23319,66104,11351,9418,1933,5915,3503,2.80,2.77,9418,791,3165,2750
23320,66105,1079,877,202,358,519,2.91,2.39,877,54,94,264
23321,66106,9085,8392,693,5725,2667,2.78,2.97,8392,618,3579,2146
23322,66109,10093,9566,527,7504,2062,2.85,2.98,9566,278,5199,2305
23323,66111,4129,3760,369,2904,856,2.84,2.58,3760,181,1612,1292
23324,66112,5299,4884,415,2377,2507,2.77,2.42,4884,304,1315,1062
23325,66115,0,0,0,0,0,-,-,0,0,0,0
23326,66118,0,0,0,0,0,-,-,0,0,0,0
23327,66160,0,0,0,0,0,-,-,0,0,0,0
23328,66202,8903,8474,429,4405,4069,2.20,1.80,8474,327,2787,1618
23329,66203,8332,7881,451,5024,2857,2.48,2.15,7881,290,3269,1755
23330,66204,8983,8582,401,4007,4575,2.25,2.01,8582,319,2609,1398
23331,66205,6762,6294,468,5008,1286,2.25,2.12,6294,191,3382,1626
23332,66206,4749,4562,187,3952,610,2.68,1.43,4562,121,2598,1354
23333,66207,6472,6194,278,4865,1329,2.63,1.72,6194,86,3026,1839
23334,66208,9767,9299,468,7327,1972,2.39,2.05,9299,180,4802,2525
23335,66209,8605,8076,529,5945,2131,2.66,1.51,8076,280,3817,2128
23336,66210,9397,9021,376,4929,4092,2.41,1.86,9021,173,3301,1628
23337,66211,2819,2629,190,1892,737,2.27,1.64,2629,172,1099,793
23338,66212,15089,14579,510,8696,5883,2.43,1.99,14579,561,5862,2834
23339,66213,13241,12750,491,7530,5220,2.73,1.82,12750,462,5170,2360
23340,66214,5452,5181,271,2426,2755,2.53,2.02,5181,174,1377,1049
23341,66215,11994,11240,754,6954,4286,2.48,1.89,11240,523,4581,2373
23342,66216,9890,9559,331,8174,1385,2.62,2.39,9559,225,5413,2761
23343,66217,2762,2553,209,1423,1130,2.60,1.70,2553,230,874,549
23344,66218,2655,2588,67,2225,363,3.23,2.80,2588,28,1792,433
23345,66219,6858,6598,260,2471,4127,2.75,1.74,6598,222,1432,1039
23346,66220,2942,2848,94,2670,178,2.99,2.01,2848,6,1922,748
23347,66221,8330,8085,245,6787,1298,3.19,1.92,8085,90,4915,1872
23348,66223,10373,9984,389,5859,4125,2.90,2.19,9984,225,4248,1611
23349,66224,4878,4626,252,4017,609,2.78,1.92,4626,79,2713,1304
23350,66226,4887,4684,203,4041,643,3.41,2.45,4684,81,3366,675
23351,66227,3188,2926,262,2614,312,3.02,1.74,2926,52,2023,591
23352,66251,7,7,0,0,7,-,-,7,0,0,0
23353,66401,993,733,260,546,187,2.35,1.98,733,11,246,300
23354,66402,1185,1145,40,908,237,2.88,2.24,1145,77,546,362
23355,66403,283,272,11,239,33,3.32,2.73,272,58,148,91
23356,66404,149,142,7,128,14,2.98,-,142,0,51,77
23357,66406,258,217,41,153,64,1.90,1.55,217,4,44,109
23358,66407,142,135,7,106,29,1.63,3.48,135,0,77,29
23359,66408,163,129,34,110,19,3.61,2.00,129,0,38,72
23360,66409,1691,1635,56,1577,58,2.14,2.31,1635,0,730,847
23361,66411,597,525,72,440,85,2.34,3.52,525,17,158,282
23362,66412,111,111,0,88,23,3.25,3.00,111,0,53,35
23363,66413,937,805,132,583,222,2.28,2.11,805,24,309,274
23364,66414,1065,994,71,832,162,2.41,1.86,994,31,498,334
23365,66415,307,268,39,228,40,2.53,1.53,268,9,93,135
23366,66416,211,177,34,154,23,2.90,2.13,177,2,87,67
23367,66417,182,182,0,157,25,2.57,2.80,182,2,45,112
23368,66418,169,155,14,139,16,2.82,2.88,155,5,53,86
23369,66419,144,116,28,104,12,1.66,4.33,116,2,56,48
23370,66422,344,304,40,280,24,3.30,6.63,304,22,60,220
23371,66423,392,337,55,277,60,3.53,2.43,337,18,172,105
23372,66424,304,211,93,163,48,2.19,3.38,211,13,103,60
23373,66425,267,252,15,196,56,1.85,1.54,252,12,44,152
23374,66427,614,507,107,448,59,2.24,3.27,507,10,127,321
23375,66428,146,98,48,75,23,2.69,3.57,98,0,27,48
23376,66429,175,175,0,154,21,2.41,5.38,175,31,82,72
23377,66431,259,192,67,163,29,2.46,5.34,192,0,81,82
23378,66432,212,172,40,109,63,2.32,1.38,172,4,35,74
23379,66434,2204,1746,458,1265,481,2.81,2.07,1746,82,537,728
23380,66436,2483,2395,88,1588,807,2.60,2.03,2395,173,1023,565
23381,66438,52,52,0,31,21,2.65,2.19,52,0,14,17
23382,66439,1234,1010,224,627,383,2.57,2.58,1010,57,271,356
23383,66440,895,839,56,754,85,2.09,2.01,839,7,460,294
23384,66441,12392,10268,2124,5222,5046,2.54,2.44,10268,531,3055,2167
23385,66442,4331,4002,329,47,3955,3.89,3.06,4002,12,0,47
23386,66449,556,449,107,382,67,2.40,3.54,449,25,205,177
23387,66451,735,583,152,493,90,2.92,2.10,583,7,289,204
23388,66501,125,119,6,101,18,2.39,7.72,119,6,64,37
23389,66502,20218,17645,2573,7539,10106,2.44,2.37,17645,1306,4406,3133
23390,66503,7758,6893,865,4240,2653,2.68,1.92,6893,152,2816,1424
23391,66506,0,0,0,0,0,-,-,0,0,0,0
23392,66507,424,330,94,267,63,3.00,2.37,330,7,182,85
23393,66508,2101,1754,347,1319,435,2.51,1.87,1754,60,593,726
23394,66509,1113,1002,111,764,238,2.75,3.45,1002,21,386,378
23395,66510,345,295,50,217,78,2.57,2.21,295,2,116,101
23396,66512,1142,1124,18,975,149,2.59,1.74,1124,28,594,381
23397,66514,818,690,128,612,78,2.77,3.87,690,0,464,148
23398,66515,170,120,50,115,5,3.80,4.60,120,2,56,59
23399,66516,130,117,13,98,19,2.67,3.95,117,0,45,53
23400,66517,930,683,247,366,317,2.38,2.46,683,84,226,140
23401,66518,182,134,48,134,0,1.62,-,134,0,21,113
23402,66520,266,245,21,211,34,2.40,2.53,245,1,119,92
23403,66521,649,555,94,359,196,2.79,1.79,555,51,127,232
23404,66522,70,65,5,10,55,6.70,2.76,65,3,0,10
23405,66523,1753,1564,189,995,569,2.38,2.25,1564,56,563,432
23406,66524,1119,970,149,897,73,2.54,1.60,970,18,495,402
23407,66526,362,309,53,242,67,2.62,3.27,309,9,117,125
23408,66527,82,70,12,49,21,2.43,2.43,70,0,15,34
23409,66528,400,266,134,208,58,2.83,2.14,266,4,97,111
23410,66531,745,664,81,600,64,2.66,2.48,664,0,322,278
23411,66532,251,226,25,191,35,2.78,2.17,226,0,52,139
23412,66533,707,649,58,478,171,2.92,2.09,649,25,281,197
23413,66534,1785,1578,207,1111,467,2.61,1.89,1578,108,479,632
23414,66535,1624,1368,256,1043,325,2.53,2.26,1368,2,728,315
23415,66536,1219,1140,79,878,262,3.94,2.30,1140,42,510,368
23416,66537,519,471,48,414,57,2.65,2.42,471,12,299,115
23417,66538,1448,1309,139,1023,286,2.48,2.30,1309,41,420,603
23418,66539,1105,1094,11,900,194,2.41,2.16,1094,27,568,332
23419,66540,284,232,52,214,18,2.56,1.28,232,2,107,107
23420,66541,128,112,16,111,1,2.19,-,112,3,29,82
23421,66542,1061,1061,0,995,66,2.72,2.61,1061,0,535,460
23422,66543,486,443,43,367,76,2.62,2.20,443,6,169,198
23423,66544,146,120,26,103,17,2.44,1.29,120,10,25,78
23424,66546,420,391,29,371,20,2.53,2.40,391,0,207,164
23425,66547,3221,2942,279,2367,575,2.98,2.18,2942,59,1379,988
23426,66548,423,341,82,293,48,2.54,1.96,341,9,130,163
23427,66549,698,612,86,494,118,2.13,3.34,612,10,268,226
23428,66550,218,202,16,175,27,2.91,2.89,202,3,80,95
23429,66552,235,215,20,147,68,2.16,1.96,215,5,81,66
23430,66554,287,253,34,229,24,2.83,-,253,13,122,107
23431,66603,925,636,289,114,522,4.46,1.25,636,278,41,73
23432,66604,11160,10029,1131,5652,4377,2.35,2.21,10029,789,3260,2392
23433,66605,8462,7926,536,5675,2251,2.59,2.70,7926,235,3583,2092
23434,66606,5492,4769,723,2614,2155,2.13,1.78,4769,578,1680,934
23435,66607,3597,3251,346,1522,1729,2.50,2.39,3251,658,648,874
23436,66608,2419,2117,302,1313,804,2.10,2.12,2117,246,450,863
23437,66609,3284,2929,355,2128,801,2.54,2.01,2929,160,1113,1015
23438,66610,4435,4339,96,4123,216,2.50,2.72,4339,25,2578,1545
23439,66611,5099,4651,448,2387,2264,2.55,1.97,4651,310,1335,1052
23440,66612,1512,1283,229,256,1027,1.99,1.39,1283,500,174,82
23441,66614,15665,14567,1098,9784,4783,2.42,1.92,14567,829,6204,3580
23442,66615,1527,1423,104,946,477,2.58,1.44,1423,96,594,352
23443,66616,2648,2370,278,1450,920,2.05,2.54,2370,199,738,712
23444,66617,3476,3338,138,2803,535,2.70,2.78,3338,125,1877,926
23445,66618,3857,3785,72,3468,317,2.67,1.75,3785,32,2161,1307
23446,66619,1023,917,106,305,612,2.47,3.79,917,85,156,149
23447,66621,32,0,32,0,0,-,-,0,0,0,0
23448,66622,0,0,0,0,0,-,-,0,0,0,0
23449,66701,5517,4819,698,3310,1509,2.41,2.11,4819,206,1386,1924
23450,66710,309,250,59,216,34,2.45,1.68,250,7,77,139
23451,66711,294,267,27,202,65,2.31,2.42,267,4,76,126
23452,66712,895,764,131,480,284,2.33,1.84,764,51,197,283
23453,66713,2451,2063,388,1498,565,2.74,2.33,2063,201,746,752
23454,66714,81,61,20,57,4,2.60,7.50,61,3,19,38
23455,66716,281,189,92,155,34,3.70,3.12,189,7,68,87
23456,66717,270,216,54,196,20,2.87,1.45,216,0,57,139
23457,66720,4904,4255,649,3097,1158,2.55,2.24,4255,168,1619,1478
23458,66724,518,366,152,306,60,2.74,3.60,366,9,108,198
23459,66725,2449,2083,366,1369,714,2.96,2.01,2083,180,624,745
23460,66732,110,75,35,72,3,3.56,1.67,75,9,18,54
23461,66733,1105,917,188,681,236,2.57,2.44,917,43,323,358
23462,66734,174,112,62,94,18,1.72,1.17,112,18,26,68
23463,66735,248,248,0,194,54,2.40,5.44,248,0,144,50
23464,66736,1822,1440,382,1052,388,2.48,2.37,1440,76,484,568
23465,66738,177,109,68,106,3,2.53,1.00,109,7,30,76
23466,66739,2617,2136,481,1417,719,2.63,2.05,2136,127,762,655
23467,66740,94,74,20,69,5,2.52,5.60,74,0,32,37
23468,66741,84,84,0,78,6,2.26,2.83,84,2,22,56
23469,66742,17,17,0,13,4,2.23,-,17,0,13,0
23470,66743,1876,1562,314,980,582,2.75,2.10,1562,60,383,597
23471,66746,81,67,14,58,9,2.64,2.33,67,1,39,19
23472,66748,1361,1135,226,902,233,2.67,2.36,1135,118,308,594
23473,66749,3490,2873,617,1869,1004,2.38,2.47,2873,249,848,1021
23474,66751,415,307,108,250,57,2.20,2.16,307,19,53,197
23475,66753,648,537,111,487,50,2.49,1.30,537,19,95,392
23476,66754,194,124,70,82,42,4.43,1.98,124,0,26,56
23477,66755,507,365,142,293,72,2.24,1.99,365,14,116,177
23478,66756,514,447,67,374,73,2.61,1.52,447,14,197,177
23479,66757,1650,1297,353,936,361,2.38,2.74,1297,57,556,380
23480,66758,85,73,12,55,18,2.44,3.56,73,5,3,52
23481,66760,0,0,0,0,0,-,-,0,0,0,0
23482,66761,148,90,58,90,0,3.30,-,90,0,32,58
23483,66762,11507,10029,1478,5215,4814,2.42,2.24,10029,1183,2788,2427
23484,66763,1454,1326,128,848,478,2.86,1.86,1326,45,553,295
23485,66767,249,158,91,123,35,2.26,2.23,158,7,63,60
23486,66769,208,176,32,158,18,2.71,7.11,176,9,73,85
23487,66770,345,315,30,263,52,3.14,2.67,315,17,162,101
23488,66771,448,368,80,282,86,3.29,1.35,368,12,167,115
23489,66772,117,92,25,70,22,2.37,1.23,92,1,37,33
23490,66773,396,222,174,194,28,2.20,2.46,222,0,48,146
23491,66775,84,66,18,59,7,2.61,4.43,66,0,42,17
23492,66776,688,595,93,458,137,2.40,2.91,595,50,268,190
23493,66777,434,221,213,197,24,2.20,2.54,221,13,51,146
23494,66778,0,0,0,0,0,-,-,0,0,0,0
23495,66779,266,247,19,221,26,3.11,1.38,247,4,115,106
23496,66780,265,205,60,202,3,2.41,4.33,205,13,46,156
23497,66781,375,320,55,223,97,1.87,5.87,320,30,93,130
23498,66782,71,45,26,39,6,2.67,3.00,45,1,7,32
23499,66783,1206,879,327,728,151,2.58,2.24,879,45,196,532
23500,66801,12991,11433,1558,6191,5242,2.67,1.95,11433,724,3536,2655
23501,66830,102,87,15,81,6,2.21,3.50,87,1,27,54
23502,66833,272,245,27,183,62,2.15,1.73,245,21,43,140
23503,66834,450,362,88,277,85,2.30,3.36,362,2,89,188
23504,66835,461,442,19,307,135,2.82,1.79,442,9,186,121
23505,66838,69,69,0,66,3,1.89,-,69,0,25,41
23506,66839,1730,1509,221,1047,462,2.67,2.05,1509,145,626,421
23507,66840,279,219,60,189,30,2.63,3.97,219,1,78,111
23508,66842,259,183,76,148,35,2.86,3.26,183,6,65,83
23509,66843,77,54,23,54,0,2.81,-,54,13,6,48
23510,66845,586,451,135,347,104,2.25,1.82,451,21,133,214
23511,66846,1878,1290,588,994,296,2.30,2.84,1290,90,513,481
23512,66849,217,190,27,171,19,2.56,1.58,190,0,58,113
23513,66850,108,101,7,64,37,1.89,3.68,101,13,17,47
23514,66851,395,292,103,194,98,2.08,1.59,292,4,41,153
23515,66852,286,255,31,185,70,2.27,1.73,255,4,60,125
23516,66853,263,169,94,153,16,2.16,2.81,169,4,43,110
23517,66854,326,266,60,202,64,2.40,2.16,266,7,102,100
23518,66856,765,669,96,593,76,2.79,2.08,669,20,304,289
23519,66857,520,475,45,377,98,2.03,1.50,475,10,100,277
23520,66858,192,149,43,128,21,2.29,2.57,149,8,66,62
23521,66859,104,84,20,79,5,2.76,4.00,84,5,44,35
23522,66860,688,554,134,416,138,2.35,2.06,554,62,153,263
23523,66861,1758,1316,442,1075,241,2.14,1.83,1316,44,461,614
23524,66862,64,54,10,44,10,1.59,1.20,54,0,14,30
23525,66863,32,32,0,32,0,1.50,-,32,0,0,32
23526,66864,166,158,8,150,8,2.72,2.38,158,0,63,87
23527,66865,488,418,70,324,94,2.76,2.63,418,5,164,160
23528,66866,793,649,144,491,158,2.89,1.92,649,14,235,256
23529,66868,333,303,30,260,43,2.70,1.79,303,4,88,172
23530,66869,343,292,51,228,64,2.41,1.88,292,3,96,132
23531,66870,74,53,21,44,9,3.09,2.00,53,2,9,35
23532,66871,606,536,70,442,94,2.39,1.91,536,17,281,161
23533,66872,518,427,91,351,76,2.02,3.22,427,3,109,242
23534,66873,125,97,28,94,3,2.24,1.33,97,0,24,70
23535,66901,3095,2478,617,1648,830,2.42,2.34,2478,73,895,753
23536,66930,112,74,38,55,19,1.82,1.95,74,0,6,49
23537,66932,55,26,29,23,3,2.17,2.67,26,0,4,19
23538,66933,205,164,41,124,40,2.05,1.63,164,9,21,103
23539,66935,1303,1039,264,696,343,2.64,1.60,1039,81,260,436
23540,66936,208,140,68,112,28,2.12,3.21,140,18,18,94
23541,66937,420,330,90,281,49,3.17,1.90,330,45,117,164
23542,66938,576,491,85,401,90,2.52,2.76,491,27,151,250
23543,66939,253,180,73,128,52,2.34,2.54,180,5,56,72
23544,66940,274,164,110,136,28,2.02,1.11,164,0,26,110
23545,66941,102,58,44,52,6,1.38,1.83,58,10,3,49
23546,66942,126,88,38,70,18,3.29,2.33,88,7,21,49
23547,66943,236,204,32,134,70,2.68,1.77,204,6,55,79
23548,66944,157,111,46,109,2,3.49,1.50,111,2,57,52
23549,66945,402,360,42,326,34,2.51,2.24,360,7,151,175
23550,66946,103,96,7,73,23,1.68,-,96,0,0,73
23551,66948,221,185,36,167,18,2.32,2.17,185,0,56,111
23552,66949,289,229,60,184,45,2.49,2.07,229,13,64,120
23553,66951,451,345,106,293,52,2.47,2.27,345,6,116,177
23554,66952,281,195,86,174,21,2.10,1.43,195,7,40,134
23555,66953,296,253,43,188,65,2.55,1.85,253,2,54,134
23556,66955,48,33,15,33,0,2.12,-,33,0,9,24
23557,66956,621,469,152,411,58,2.42,2.55,469,15,112,299
23558,66958,158,120,38,86,34,2.20,1.35,120,2,41,45
23559,66959,123,100,23,93,7,1.91,3.14,100,9,15,78
23560,66960,53,47,6,38,9,2.18,3.11,47,0,12,26
23561,66961,24,11,13,11,0,1.36,-,11,0,0,11
23562,66962,114,104,10,82,22,2.05,3.59,104,1,21,61
23563,66963,136,104,32,61,43,2.90,2.00,104,0,23,38
23564,66964,140,87,53,83,4,1.82,2.00,87,29,10,73
23565,66966,344,288,56,192,96,2.31,2.18,288,5,77,115
23566,66967,1021,800,221,645,155,2.46,2.05,800,20,254,391
23567,66968,750,631,119,479,152,2.12,1.88,631,28,171,308
23568,66970,168,29,139,29,0,1.90,-,29,0,6,23
23569,67001,770,754,16,662,92,3.07,2.17,754,12,295,367
23570,67002,5717,5382,335,4169,1213,3.13,2.86,5382,124,3076,1093
23571,67003,1396,962,434,683,279,2.48,2.27,962,25,198,485
23572,67004,408,348,60,289,59,2.37,2.29,348,18,134,155
23573,67005,7300,6059,1241,4230,1829,2.51,2.21,6059,297,2148,2082
23574,67008,302,269,33,193,76,1.77,2.28,269,3,94,99
23575,67009,452,362,90,231,131,2.45,2.66,362,0,81,150
23576,67010,5993,5578,415,4310,1268,2.60,2.11,5578,268,2713,1597
23577,67012,6,6,0,6,0,2.00,-,6,0,0,6
23578,67013,1478,1346,132,1036,310,2.42,1.86,1346,47,585,451
23579,67016,179,160,19,131,29,2.48,4.72,160,7,81,50
23580,67017,744,681,63,592,89,2.62,3.02,681,20,265,327
23581,67018,79,53,26,36,17,2.31,-,53,0,6,30
23582,67019,392,333,59,280,53,2.79,2.51,333,0,120,160
23583,67020,629,510,119,417,93,2.85,2.06,510,9,232,185
23584,67021,18,10,8,10,0,2.20,-,10,0,6,4
23585,67022,829,657,172,484,173,2.08,2.15,657,26,157,327
23586,67023,116,75,41,62,13,2.23,1.69,75,0,18,44
23587,67024,642,464,178,350,114,2.41,2.01,464,37,61,289
23588,67025,1332,1261,71,1018,243,2.89,2.91,1261,77,561,457
23589,67026,1701,1655,46,1387,268,2.93,2.23,1655,48,883,504
23590,67028,149,99,50,98,1,1.90,-,99,0,26,72
23591,67029,585,491,94,333,158,2.21,1.60,491,21,97,236
23592,67030,886,875,11,754,121,3.29,2.64,875,10,460,294
23593,67031,929,873,56,670,203,2.58,3.04,873,38,360,310
23594,67035,447,358,89,287,71,2.23,3.18,358,10,67,220
23595,67036,67,59,8,45,14,2.49,-,59,0,19,26
23596,67037,12153,11389,764,8145,3244,2.64,2.35,11389,246,5013,3132
23597,67038,326,259,67,219,40,3.20,2.63,259,1,132,87
23598,67039,1165,1057,108,876,181,2.93,2.38,1057,15,593,283
23599,67041,94,87,7,84,3,3.42,2.00,87,3,58,26
23600,67042,7259,6421,838,4243,2178,2.34,2.07,6421,336,2419,1824
23601,67045,1824,1284,540,933,351,2.36,2.60,1284,87,400,533
23602,67047,721,310,411,245,65,2.29,2.75,310,51,77,168
23603,67049,28,20,8,20,0,4.75,-,20,0,6,14
23604,67050,736,724,12,598,126,3.31,2.58,724,0,410,188
23605,67051,187,155,32,152,3,2.41,1.00,155,2,67,85
23606,67052,2843,2654,189,2279,375,3.22,3.38,2654,41,1776,503
23607,67053,233,195,38,153,42,2.95,1.76,195,2,90,63
23608,67054,618,498,120,353,145,2.69,1.66,498,27,128,225
23609,67055,48,39,9,27,12,2.15,1.42,39,0,11,16
23610,67056,1294,1147,147,819,328,2.84,2.53,1147,42,427,392
23611,67057,176,125,51,81,44,2.19,1.66,125,1,28,53
23612,67058,992,738,254,544,194,2.47,2.43,738,30,249,295
23613,67059,362,299,63,238,61,2.78,1.90,299,1,79,159
23614,67060,5751,5230,521,4194,1036,2.74,2.85,5230,107,2515,1679
23615,67061,82,61,21,34,27,2.32,3.44,61,0,16,18
23616,67062,1796,1731,65,943,788,2.34,1.82,1731,132,510,433
23617,67063,1473,1285,188,1048,237,2.46,1.92,1285,40,565,483
23618,67065,187,119,68,111,8,1.96,3.00,119,0,27,84
23619,67066,173,165,8,92,73,2.45,1.14,165,0,42,50
23620,67067,807,795,12,607,188,2.88,3.01,795,4,425,182
23621,67068,2089,1885,204,1243,642,2.13,2.13,1885,83,412,831
23622,67070,562,391,171,285,106,2.25,2.13,391,30,84,201
23623,67071,55,55,0,55,0,3.98,-,55,0,0,55
23624,67072,200,175,25,97,78,2.76,1.22,175,86,30,67
23625,67073,137,118,19,104,14,3.26,3.50,118,1,50,54
23626,67074,694,539,155,464,75,2.30,2.00,539,18,171,293
23627,67101,2522,2522,0,1261,1261,2.42,2.25,2522,108,892,369
23628,67102,24,24,0,16,8,6.94,3.88,24,0,12,4
23629,67103,78,64,14,58,6,2.95,1.50,64,1,28,30
23630,67104,1162,788,374,588,200,2.35,2.08,788,80,220,368
23631,67105,112,69,43,60,9,2.73,1.89,69,5,12,48
23632,67106,211,171,40,109,62,3.02,3.26,171,6,59,50
23633,67107,1134,1081,53,800,281,2.52,1.65,1081,52,472,328
23634,67108,675,614,61,541,73,2.54,1.92,614,25,306,235
23635,67109,198,154,44,101,53,2.48,1.75,154,2,23,78
23636,67110,3303,3204,99,2700,504,2.74,2.01,3204,203,1681,1019
23637,67111,111,94,17,72,22,2.22,3.05,94,0,34,38
23638,67112,143,108,35,97,11,2.19,2.36,108,1,32,65
23639,67114,9070,8183,887,6102,2081,2.46,2.51,8183,337,3281,2821
23640,67117,862,816,46,495,321,2.23,1.43,816,56,303,192
23641,67118,322,299,23,242,57,2.46,2.49,299,3,109,133
23642,67119,597,549,48,359,190,2.74,1.50,549,62,167,192
23643,67120,477,328,149,313,15,2.35,1.93,328,0,183,130
23644,67122,144,85,59,60,25,3.88,1.04,85,0,8,52
23645,67123,365,343,22,317,26,2.44,3.15,343,3,158,159
23646,67124,3513,3038,475,2011,1027,2.66,2.08,3038,81,1112,899
23647,67127,389,313,76,270,43,2.17,1.84,313,4,130,140
23648,67131,139,112,27,94,18,2.30,2.72,112,0,54,40
23649,67132,105,105,0,83,22,3.42,2.18,105,6,72,11
23650,67133,2465,2364,101,2097,267,2.77,2.72,2364,56,1375,722
23651,67134,231,139,92,112,27,3.04,3.04,139,8,51,61
23652,67135,1369,1169,200,922,247,2.99,2.93,1169,7,663,259
23653,67137,280,169,111,146,23,2.10,3.04,169,2,23,123
23654,67138,219,202,17,186,16,2.28,2.88,202,0,136,50
23655,67140,448,393,55,330,63,2.80,2.08,393,5,134,196
23656,67142,206,127,79,110,17,2.94,1.71,127,6,48,62
23657,67143,68,61,7,32,29,1.91,3.34,61,1,3,29
23658,67144,1055,980,75,857,123,2.60,3.56,980,1,436,421
23659,67146,810,707,103,581,126,2.92,2.95,707,13,334,247
23660,67147,4191,3898,293,3028,870,2.85,2.55,3898,281,1664,1364
23661,67149,374,367,7,358,9,3.46,1.44,367,3,232,126
23662,67150,10,6,4,6,0,1.83,-,6,0,3,3
23663,67151,239,219,20,161,58,1.98,3.19,219,0,114,47
23664,67152,4024,3322,702,2117,1205,2.90,2.10,3322,155,1056,1061
23665,67154,679,651,28,559,92,3.59,2.48,651,24,315,244
23666,67155,82,44,38,34,10,2.12,2.80,44,0,5,29
23667,67156,6126,5132,994,3399,1733,2.69,2.25,5132,395,2031,1368
23668,67159,129,65,64,54,11,2.00,3.00,65,4,18,36
23669,67202,1597,1200,397,174,1026,1.64,1.31,1200,216,56,118
23670,67203,14535,12899,1636,6053,6846,2.48,2.09,12899,863,3402,2651
23671,67204,9270,8604,666,6326,2278,2.51,2.77,8604,195,3378,2948
23672,67205,7346,6825,521,5544,1281,3.17,2.38,6825,211,3807,1737
23673,67206,8248,7719,529,4717,3002,2.49,1.89,7719,304,2943,1774
23674,67207,12365,11072,1293,4933,6139,2.83,2.08,11072,890,3054,1879
23675,67208,8203,7213,990,3788,3425,2.55,2.24,7213,647,2825,963
23676,67209,5292,5085,207,3817,1268,2.77,2.36,5085,234,2525,1292
23677,67210,3701,3097,604,1283,1814,3.30,2.76,3097,307,714,569
23678,67211,9579,8022,1557,3360,4662,2.73,2.26,8022,685,2069,1291
23679,67212,19275,18369,906,11547,6822,2.48,2.24,18369,941,7211,4336
23680,67213,10292,8579,1713,3739,4840,2.54,2.37,8579,942,2198,1541
23681,67214,8370,6216,2154,2222,3994,2.85,2.48,6216,1375,830,1392
23682,67215,2078,2041,37,1844,197,2.83,2.78,2041,26,1199,645
23683,67216,9985,8516,1469,4605,3911,2.72,2.29,8516,706,2323,2282
23684,67217,13307,11926,1381,7944,3982,2.51,2.77,11926,586,4896,3048
23685,67218,11554,9915,1639,4867,5048,2.36,2.22,9915,1115,2972,1895
23686,67219,4892,4361,531,3027,1334,2.57,3.26,4361,224,2015,1012
23687,67220,5784,5422,362,3324,2098,2.73,2.14,5422,454,2342,982
23688,67221,0,0,0,0,0,-,-,0,0,0,0
23689,67223,188,188,0,188,0,3.16,-,188,0,113,75
23690,67226,8665,8241,424,4710,3531,2.94,2.16,8241,282,3128,1582
23691,67227,77,77,0,77,0,2.94,-,77,0,49,28
23692,67228,758,741,17,738,3,3.66,4.67,741,0,591,147
23693,67230,3993,3877,116,3623,254,2.91,3.36,3877,19,2417,1206
23694,67232,312,254,58,254,0,2.46,-,254,0,223,31
23695,67235,4944,4867,77,4625,242,3.08,2.79,4867,32,3228,1397
23696,67260,0,0,0,0,0,-,-,0,0,0,0
23697,67301,6250,5268,982,3733,1535,2.52,2.01,5268,334,1829,1904
23698,67330,615,561,54,429,132,2.85,2.53,561,4,199,230
23699,67332,54,54,0,47,7,3.00,3.71,54,0,27,20
23700,67333,1257,1031,226,784,247,2.48,1.55,1031,60,379,405
23701,67334,43,29,14,21,8,2.67,2.88,29,0,6,15
23702,67335,1535,1309,226,940,369,2.56,2.91,1309,37,407,533
23703,67336,767,561,206,444,117,2.48,2.30,561,45,114,330
23704,67337,5784,4491,1293,3030,1461,2.47,2.25,4491,509,1277,1753
23705,67340,178,152,26,136,16,2.73,1.19,152,2,53,83
23706,67341,209,185,24,185,0,2.36,-,185,0,125,60
23707,67342,434,350,84,307,43,2.04,2.21,350,12,97,210
23708,67344,402,257,145,219,38,2.95,3.71,257,15,78,141
23709,67345,119,56,63,49,7,1.96,-,56,7,5,44
23710,67346,191,129,62,104,25,2.47,4.28,129,2,32,72
23711,67347,239,174,65,173,1,2.97,-,174,1,108,65
23712,67349,537,391,146,310,81,2.08,1.91,391,34,104,206
23713,67351,157,154,3,106,48,2.21,1.33,154,7,37,69
23714,67352,333,227,106,180,47,2.86,2.55,227,16,62,118
23715,67353,278,187,91,156,31,2.56,1.71,187,19,27,129
23716,67354,310,242,68,194,48,2.87,1.67,242,10,58,136
23717,67355,71,66,5,61,5,2.98,5.20,66,2,13,48
23718,67356,1207,1046,161,763,283,2.81,2.28,1046,102,303,460
23719,67357,5940,4793,1147,3563,1230,2.36,2.69,4793,191,1578,1985
23720,67360,215,161,54,134,27,2.36,4.26,161,1,32,102
23721,67361,1048,646,402,535,111,2.23,3.27,646,24,189,346
23722,67363,76,56,20,56,0,2.66,-,56,0,27,29
23723,67364,119,105,14,102,3,1.85,1.33,105,1,77,25
23724,67401,22467,20683,1784,13461,7222,2.50,2.17,20683,1820,7606,5855
23725,67410,4925,4378,547,3317,1061,2.62,1.65,4378,237,1987,1330
23726,67416,398,373,25,318,55,2.32,2.75,373,20,163,155
23727,67417,66,60,6,30,30,2.33,2.00,60,0,13,17
23728,67418,100,62,38,35,27,2.06,2.93,62,1,4,31
23729,67420,2026,1652,374,1111,541,2.45,2.06,1652,69,455,656
23730,67422,574,511,63,451,60,2.46,1.88,511,3,207,244
23731,67423,114,87,27,70,17,3.14,3.71,87,1,36,34
23732,67425,271,205,66,171,34,3.05,4.32,205,0,95,76
23733,67427,224,179,45,160,19,2.09,2.79,179,4,68,92
23734,67428,547,514,33,384,130,2.51,3.05,514,30,203,181
23735,67430,349,259,90,194,65,1.88,3.38,259,14,39,155
23736,67431,852,809,43,628,181,2.34,1.77,809,23,384,244
23737,67432,2728,2525,203,1734,791,2.32,1.73,2525,205,850,884
23738,67436,276,218,58,157,61,2.22,2.95,218,3,49,108
23739,67437,521,416,105,320,96,2.04,1.42,416,14,130,190
23740,67438,105,87,18,74,13,2.88,1.92,87,6,4,70
23741,67439,1244,1094,150,845,249,2.50,1.73,1094,56,457,388
23742,67441,398,349,49,283,66,2.75,1.74,349,11,191,92
23743,67442,107,75,32,75,0,4.85,-,75,0,32,43
23744,67443,768,748,20,649,99,2.48,3.36,748,11,356,293
23745,67444,472,247,225,224,23,1.96,2.43,247,5,62,162
23746,67445,310,253,57,236,17,2.18,3.24,253,8,88,148
23747,67446,435,286,149,214,72,2.77,1.54,286,24,107,107
23748,67447,154,141,13,96,45,2.29,1.51,141,4,25,71
23749,67448,485,402,83,368,34,2.41,2.56,402,2,148,220
23750,67449,1719,1336,383,971,365,2.30,1.47,1336,58,340,631
23751,67450,308,241,67,199,42,2.20,2.14,241,5,93,106
23752,67451,454,400,54,285,115,2.70,2.45,400,10,109,176
23753,67452,180,115,65,115,0,3.17,-,115,0,62,53
23754,67454,381,334,47,299,35,2.10,3.66,334,9,135,164
23755,67455,1005,700,305,528,172,2.38,2.32,700,34,214,314
23756,67456,1871,1569,302,1186,383,2.64,2.01,1569,31,679,507
23757,67457,281,254,27,196,58,2.53,2.28,254,7,91,105
23758,67458,176,156,20,121,35,3.12,2.69,156,0,99,22
23759,67459,151,131,20,121,10,2.98,1.80,131,1,32,89
23760,67460,7315,6943,372,4794,2149,2.42,1.83,6943,341,2624,2170
23761,67464,737,476,261,411,65,2.17,2.06,476,4,182,229
23762,67466,419,309,110,224,85,2.66,2.34,309,4,74,150
23763,67467,1232,1118,114,803,315,2.39,1.82,1118,57,412,391
23764,67468,138,104,34,79,25,2.86,4.08,104,1,18,61
23765,67470,269,233,36,161,72,2.44,1.29,233,2,92,69
23766,67473,1010,822,188,593,229,2.22,2.09,822,31,208,385
23767,67474,139,95,44,94,1,2.65,5.00,95,2,24,70
23768,67475,85,52,33,46,6,2.13,3.33,52,4,6,40
23769,67476,14,14,0,14,0,-,-,14,8,0,14
23770,67478,57,43,14,37,6,1.86,2.17,43,0,21,16
23771,67480,662,613,49,528,85,2.70,3.20,613,62,311,217
23772,67481,422,309,113,272,37,2.27,2.54,309,6,83,189
23773,67482,42,42,0,31,11,3.32,-,42,0,22,9
23774,67483,181,165,16,121,44,3.26,5.11,165,2,46,75
23775,67484,449,389,60,346,43,2.71,1.72,389,14,119,227
23776,67485,221,180,41,127,53,2.12,-,180,2,42,85
23777,67487,591,549,42,426,123,2.26,1.91,549,3,271,155
23778,67490,502,385,117,318,67,2.56,2.93,385,6,131,187
23779,67491,131,126,5,95,31,2.12,2.74,126,0,53,42
23780,67492,84,78,6,62,16,2.63,2.13,78,2,28,34
23781,67501,10967,9336,1631,5649,3687,2.46,2.42,9336,450,3018,2631
23782,67502,10707,9929,778,7643,2286,2.48,1.86,9929,403,4604,3039
23783,67505,1460,1376,84,817,559,2.39,1.36,1376,117,491,326
23784,67510,139,105,34,89,16,2.46,1.25,105,0,17,72
23785,67511,129,96,33,90,6,2.20,1.67,96,4,39,51
23786,67512,136,102,34,93,9,2.61,3.67,102,0,18,75
23787,67513,83,50,33,41,9,2.41,-,50,0,24,17
23788,67514,381,342,39,241,101,2.32,2.22,342,4,61,180
23789,67515,23,23,0,20,3,1.85,2.00,23,4,4,16
23790,67516,277,199,78,170,29,2.08,3.97,199,1,18,152
23791,67518,17,13,4,10,3,2.40,4.00,13,0,0,10
23792,67519,111,86,25,72,14,1.56,1.71,86,1,2,70
23793,67520,174,119,55,116,3,2.29,2.00,119,0,52,64
23794,67521,151,63,88,41,22,2.29,2.18,63,0,23,18
23795,67522,799,727,72,564,163,2.81,1.72,727,16,282,282
23796,67523,209,149,60,109,40,2.95,2.53,149,0,32,77
23797,67524,291,241,50,181,60,2.03,2.68,241,10,68,113
23798,67525,489,382,107,336,46,2.63,1.89,382,0,124,212
23799,67526,1238,1002,236,766,236,2.80,2.08,1002,52,294,472
23800,67529,114,69,45,55,14,5.05,8.50,69,2,13,42
23801,67530,8628,7118,1510,4540,2578,2.45,2.50,7118,495,2010,2530
23802,67543,990,902,88,750,152,2.55,2.97,902,46,499,251
23803,67544,1533,1241,292,824,417,2.44,2.46,1241,71,384,440
23804,67545,125,78,47,72,6,2.47,3.17,78,0,30,42
23805,67546,1116,1022,94,819,203,2.91,2.00,1022,41,454,365
23806,67547,878,710,168,532,178,2.25,2.51,710,31,166,366
23807,67548,820,713,107,482,231,2.04,1.66,713,31,168,314
23808,67550,2600,2070,530,1225,845,2.35,1.82,2070,180,643,582
23809,67552,416,341,75,291,50,2.31,2.08,341,10,69,222
23810,67553,59,32,27,26,6,2.69,5.00,32,0,13,13
23811,67554,1983,1750,233,1237,513,2.42,1.88,1750,90,740,497
23812,67556,130,82,48,76,6,1.82,3.00,82,0,20,56
23813,67557,372,267,105,205,62,2.58,2.77,267,4,78,127
23814,67559,30,23,7,21,2,1.10,3.50,23,0,20,1
23815,67560,772,618,154,520,98,2.58,1.82,618,12,178,342
23816,67561,642,527,115,378,149,2.76,2.09,527,29,144,234
23817,67563,160,134,26,111,23,2.38,3.48,134,2,41,70
23818,67564,133,80,53,72,8,2.60,1.50,80,1,22,50
23819,67565,240,173,67,157,16,2.78,3.44,173,3,46,111
23820,67566,509,477,32,452,25,1.56,4.68,477,0,65,387
23821,67567,324,251,73,221,30,2.76,2.07,251,5,61,160
23822,67568,113,92,21,80,12,2.64,2.00,92,1,39,41
23823,67570,594,505,89,403,102,2.55,2.31,505,25,196,207
23824,67572,235,173,62,167,6,2.07,3.33,173,3,47,120
23825,67573,91,65,26,63,2,3.03,2.00,65,0,25,38
23826,67574,108,58,50,46,12,2.33,1.67,58,0,17,29
23827,67575,210,193,17,166,27,2.25,1.74,193,2,46,120
23828,67576,931,717,214,607,110,2.84,2.27,717,9,243,364
23829,67578,607,445,162,319,126,2.13,2.34,445,27,76,243
23830,67579,1197,1026,171,806,220,2.65,1.72,1026,30,374,432
23831,67581,212,148,64,140,8,2.29,1.63,148,1,55,85
23832,67583,635,421,214,325,96,2.22,1.91,421,9,52,273
23833,67584,134,87,47,75,12,1.41,1.17,87,2,8,67
23834,67601,11047,9960,1087,5896,4064,2.54,2.00,9960,502,3563,2333
23835,67621,193,121,72,108,13,2.50,1.54,121,4,32,76
23836,67622,364,298,66,196,102,2.45,1.74,298,3,81,115
23837,67623,108,76,32,61,15,2.57,2.67,76,4,7,54
23838,67625,202,132,70,114,18,1.49,1.83,132,7,14,100
23839,67626,135,123,12,97,26,1.55,1.35,123,2,76,21
23840,67627,35,35,0,35,0,3.14,-,35,0,11,24
23841,67628,72,55,17,51,4,2.86,2.00,55,0,8,43
23842,67629,91,53,38,51,2,1.90,4.50,53,0,4,47
23843,67631,83,49,34,48,1,2.31,2.00,49,0,23,25
23844,67632,162,125,37,85,40,2.14,1.68,125,4,39,46
23845,67634,140,83,57,77,6,2.57,2.33,83,0,35,42
23846,67635,60,47,13,40,7,3.48,1.86,47,0,9,31
23847,67637,1249,1118,131,858,260,2.71,1.59,1118,102,447,411
23848,67638,171,93,78,67,26,1.40,2.50,93,0,4,63
23849,67639,101,86,15,84,2,2.33,10.00,86,0,59,25
23850,67640,204,169,35,123,46,2.43,2.67,169,5,73,50
23851,67642,934,818,116,610,208,2.54,1.28,818,41,270,340
23852,67643,165,99,66,92,7,1.99,1.29,99,4,12,80
23853,67644,223,89,134,64,25,2.91,2.52,89,2,30,34
23854,67645,355,231,124,205,26,2.24,2.92,231,9,24,181
23855,67646,435,372,63,277,95,2.06,3.24,372,0,73,204
23856,67647,103,67,36,52,15,2.98,3.27,67,0,24,28
23857,67648,356,259,97,223,36,2.01,1.61,259,4,61,162
23858,67649,156,119,37,111,8,2.08,1.50,119,0,48,63
23859,67650,166,149,17,142,7,1.56,1.71,149,3,40,102
23860,67651,343,229,114,175,54,2.54,1.63,229,9,72,103
23861,67653,160,131,29,92,39,2.36,1.54,131,0,41,51
23862,67654,1704,1262,442,1011,251,2.73,2.10,1262,30,381,630
23863,67656,98,72,26,62,10,2.08,2.00,72,0,13,49
23864,67657,210,121,89,98,23,2.07,2.48,121,1,28,70
23865,67658,66,37,29,31,6,3.03,3.17,37,0,4,27
23866,67659,49,29,20,29,0,1.28,-,29,0,0,29
23867,67660,28,28,0,22,6,1.27,-,28,0,7,15
23868,67661,1602,1328,274,927,401,2.29,1.57,1328,76,409,518
23869,67663,1226,1016,210,720,296,2.61,2.19,1016,60,344,376
23870,67664,121,108,13,91,17,2.60,2.41,108,0,36,55
23871,67665,2589,2098,491,1658,440,2.31,2.49,2098,90,876,782
23872,67667,91,78,13,77,1,2.36,3.00,78,2,38,39
23873,67669,978,792,186,607,185,2.14,2.03,792,81,168,439
23874,67671,751,674,77,461,213,2.49,1.75,674,7,263,198
23875,67672,1295,1099,196,879,220,2.20,1.64,1099,23,315,564
23876,67673,65,43,22,20,23,1.65,1.57,43,0,1,19
23877,67674,27,27,0,27,0,3.19,-,27,0,26,1
23878,67675,122,83,39,80,3,2.33,2.00,83,0,2,78
23879,67701,2830,2511,319,1664,847,2.55,1.87,2511,84,896,768
23880,67730,872,796,76,517,279,2.29,2.16,796,48,215,302
23881,67731,382,334,48,220,114,2.45,2.49,334,16,62,158
23882,67732,242,201,41,160,41,3.34,2.51,201,2,96,64
23883,67733,33,33,0,19,14,3.16,6.07,33,0,6,13
23884,67734,109,109,0,77,32,2.79,3.53,109,12,34,43
23885,67735,2642,2003,639,1215,788,2.62,2.17,2003,72,680,535
23886,67736,81,69,12,54,15,1.85,3.47,69,0,9,45
23887,67737,274,244,30,172,72,1.81,1.89,244,2,58,114
23888,67738,214,182,32,167,15,2.84,1.80,182,2,68,99
23889,67739,144,115,29,100,15,1.90,-,115,9,32,68
23890,67740,823,689,134,537,152,2.42,2.30,689,35,147,390
23891,67741,270,190,80,172,18,2.60,3.83,190,8,47,125
23892,67743,67,60,7,60,0,2.23,-,60,3,36,24
23893,67744,81,44,37,32,12,2.66,1.25,44,0,7,25
23894,67745,213,185,28,131,54,1.97,2.48,185,4,33,98
23895,67747,81,75,6,57,18,3.09,2.17,75,0,18,39
23896,67748,1230,1045,185,692,353,2.37,2.07,1045,31,386,306
23897,67749,1232,987,245,732,255,2.11,2.02,987,40,267,465
23898,67751,125,105,20,93,12,2.02,1.58,105,4,36,57
23899,67752,706,654,52,485,169,2.68,1.77,654,8,236,249
23900,67753,278,232,46,178,54,2.05,2.20,232,0,68,110
23901,67756,1083,890,193,751,139,1.93,2.23,890,33,245,506
23902,67757,188,171,17,145,26,2.47,2.12,171,4,38,107
23903,67758,550,486,64,339,147,2.63,1.64,486,24,127,212
23904,67761,99,96,3,84,12,2.48,1.75,96,0,29,55
23905,67762,127,95,32,50,45,2.84,1.44,95,0,12,38
23906,67764,193,142,51,121,21,2.74,2.76,142,4,35,86
23907,67801,10810,10049,761,6608,3441,3.00,3.09,10049,493,3225,3383
23908,67831,560,443,117,323,120,2.22,2.35,443,20,127,196
23909,67834,464,432,32,333,99,1.98,3.20,432,8,190,143
23910,67835,1073,948,125,717,231,2.82,2.00,948,12,426,291
23911,67836,107,53,54,51,2,2.33,6.00,53,0,1,50
23912,67837,443,414,29,324,90,2.49,3.20,414,9,83,241
23913,67838,377,319,58,261,58,3.33,5.02,319,12,70,191
23914,67839,651,467,184,367,100,2.35,1.55,467,15,154,213
23915,67840,51,37,14,35,2,2.40,1.50,37,0,2,33
23916,67841,168,152,16,134,18,2.03,2.00,152,3,47,87
23917,67842,225,191,34,136,55,2.22,2.58,191,2,41,95
23918,67843,79,65,14,0,65,-,1.09,65,0,0,0
23919,67844,380,304,76,193,111,2.44,2.32,304,0,50,143
23920,67846,12899,11810,1089,7635,4175,2.96,2.76,11810,685,3961,3674
23921,67849,172,136,36,114,22,2.89,3.41,136,0,25,89
23922,67850,229,194,35,124,70,2.40,2.86,194,0,29,95
23923,67851,1013,974,39,864,110,3.28,3.04,974,19,532,332
23924,67853,331,286,45,241,45,3.13,3.87,286,1,112,129
23925,67854,580,486,94,395,91,2.32,1.96,486,0,123,272
23926,67855,874,729,145,548,181,2.23,3.02,729,13,182,366
23927,67857,69,42,27,10,32,8.50,2.13,42,0,0,10
23928,67859,306,255,51,214,41,2.52,2.41,255,0,77,137
23929,67860,1090,891,199,642,249,2.65,3.70,891,6,267,375
23930,67861,880,782,98,586,196,2.67,1.94,782,28,254,332
23931,67862,145,111,34,97,14,2.61,3.57,111,0,10,87
23932,67863,193,172,21,144,28,1.88,-,172,10,40,104
23933,67864,898,778,120,547,231,2.28,2.13,778,27,207,340
23934,67865,507,412,95,342,70,2.29,2.31,412,4,158,184
23935,67867,611,521,90,430,91,3.07,2.44,521,2,185,245
23936,67868,86,59,27,44,15,4.70,2.00,59,0,33,11
23937,67869,646,577,69,395,182,2.95,2.07,577,16,204,191
23938,67870,535,455,80,346,109,3.04,2.72,455,11,178,168
23939,67871,2254,2134,120,1197,937,2.71,2.01,2134,54,620,577
23940,67876,671,628,43,487,141,2.46,2.63,628,4,217,270
23941,67877,908,775,133,637,138,2.78,2.78,775,12,272,365
23942,67878,902,702,200,577,125,3.28,3.63,702,22,250,327
23943,67879,630,543,87,400,143,2.23,2.38,543,23,134,266
23944,67880,3003,2550,453,1741,809,3.24,2.33,2550,32,771,970
23945,67882,202,149,53,96,53,1.68,1.06,149,0,52,44
23946,67901,7825,6886,939,4333,2553,3.47,2.29,6886,477,1858,2475
23947,67950,874,616,258,411,205,2.64,3.00,616,0,77,334
23948,67951,1979,1595,384,1054,541,2.98,2.73,1595,112,452,602
23949,67952,263,176,87,117,59,3.30,2.86,176,0,63,54
23950,67953,60,42,18,29,13,2.38,1.23,42,11,0,29
23951,67954,435,293,142,206,87,2.93,3.70,293,7,89,117
23952,68001,23,16,7,16,0,3.00,-,16,0,8,8
23953,68002,1047,1008,39,789,219,2.31,2.60,1008,41,447,342
23954,68003,2357,1963,394,1460,503,2.59,1.94,1963,135,855,605
23955,68004,488,444,44,332,112,2.20,2.31,444,30,88,244
23956,68005,9746,8917,829,5049,3868,2.59,2.35,8917,546,3087,1962
23957,68007,5178,5004,174,4579,425,3.05,2.29,5004,106,3704,875
23958,68008,5052,4895,157,3873,1022,2.65,1.98,4895,128,2605,1268
23959,68010,39,15,24,1,14,-,3.21,15,0,0,1
23960,68014,166,141,25,102,39,3.04,2.10,141,2,45,57
23961,68015,527,462,65,418,44,2.58,3.23,462,9,199,219
23962,68016,390,165,225,153,12,2.44,2.17,165,4,101,52
23963,68017,805,793,12,699,94,2.50,2.55,793,10,309,390
23964,68018,171,163,8,147,16,3.48,3.00,163,0,74,73
23965,68019,219,195,24,173,22,2.09,1.59,195,6,92,81
23966,68020,464,322,142,259,63,2.02,2.06,322,23,52,207
23967,68022,11408,10849,559,8128,2721,3.18,1.85,10849,170,6579,1549
23968,68023,1115,1104,11,798,306,2.65,1.80,1104,66,529,269
23969,68025,13561,12214,1347,7605,4609,2.61,2.29,12214,829,4294,3311
23970,68028,5794,5625,169,4763,862,3.23,2.30,5625,211,3775,988
23971,68029,378,332,46,232,100,1.96,2.53,332,4,128,104
23972,68030,298,281,17,218,63,2.49,2.00,281,11,101,117
23973,68031,719,634,85,436,198,3.01,2.43,634,18,270,166
23974,68033,143,135,8,118,17,2.40,1.47,135,8,56,62
23975,68034,329,297,32,243,54,2.34,1.93,297,0,164,79
23976,68036,259,211,48,171,40,2.16,3.55,211,2,48,123
23977,68037,1069,993,76,804,189,3.01,1.89,993,36,489,315
23978,68038,643,566,77,426,140,2.27,1.61,566,44,150,276
23979,68039,311,268,43,81,187,5.28,4.59,268,30,15,66
23980,68040,233,142,91,111,31,2.14,3.55,142,0,51,60
23981,68041,466,427,39,360,67,2.31,2.54,427,10,149,211
23982,68042,36,24,12,24,0,2.75,-,24,2,13,11
23983,68044,270,255,15,226,29,2.48,4.07,255,7,73,153
23984,68045,838,774,64,593,181,2.88,1.90,774,28,264,329
23985,68046,11573,11159,414,8409,2750,2.99,2.24,11159,413,6209,2200
23986,68047,741,690,51,546,144,2.69,2.58,690,3,203,343
23987,68048,5578,5117,461,4137,980,2.59,2.67,5117,166,2698,1439
23988,68050,258,231,27,208,23,2.53,1.78,231,10,76,132
23989,68055,115,100,15,71,29,2.93,2.69,100,1,22,49
23990,68056,0,0,0,0,0,-,-,0,0,0,0
23991,68057,665,595,70,469,126,2.44,2.00,595,23,181,288
23992,68058,232,114,118,103,11,2.18,3.00,114,0,52,51
23993,68059,1345,1345,0,1199,146,2.47,1.79,1345,7,737,462
23994,68061,1115,908,207,714,194,2.65,2.47,908,31,403,311
23995,68062,138,113,25,92,21,2.63,2.43,113,4,26,66
23996,68063,182,102,80,75,27,2.12,2.59,102,3,32,43
23997,68064,2038,1764,274,1262,502,2.22,1.66,1764,72,645,617
23998,68065,535,507,28,461,46,2.36,2.07,507,3,201,260
23999,68066,2228,2093,135,1440,653,2.78,1.97,2093,98,1018,422
24000,68067,359,308,51,195,113,3.98,3.50,308,55,57,138
24001,68068,74,71,3,71,0,2.30,-,71,2,42,29
24002,68069,1456,1304,152,1135,169,2.32,2.46,1304,31,710,425
24003,68070,422,395,27,374,21,2.62,2.05,395,0,233,141
24004,68071,662,574,88,280,294,3.20,3.64,574,57,72,208
24005,68072,102,82,20,79,3,1.30,2.67,82,0,4,75
24006,68073,882,863,19,752,111,2.89,2.74,863,4,580,172
24007,68102,5579,4840,739,710,4130,1.60,1.34,4840,603,604,106
24008,68104,16524,15502,1022,9161,6341,2.47,2.25,15502,1411,6730,2431
24009,68105,10850,9863,987,4254,5609,2.50,2.07,9863,1180,2799,1455
24010,68106,10557,10117,440,5967,4150,2.10,1.95,10117,623,3679,2288
24011,68107,9845,9195,650,5939,3256,3.19,3.24,9195,841,3741,2198
24012,68108,5915,5400,515,2604,2796,2.65,2.77,5400,602,1239,1365
24013,68110,3559,3163,396,1492,1671,2.98,2.14,3163,355,781,711
24014,68111,9739,8490,1249,3400,5090,2.58,2.89,8490,1505,1786,1614
24015,68112,4577,4330,247,3018,1312,2.66,2.91,4330,242,1778,1240
24016,68113,257,232,25,0,232,-,2.66,232,0,0,0
24017,68114,8447,8054,393,4074,3980,2.43,1.89,8054,581,2422,1652
24018,68116,12756,12354,402,9791,2563,2.78,2.49,12354,411,7620,2171
24019,68117,3312,3082,230,2303,779,2.75,3.20,3082,163,1354,949
24020,68118,3491,3414,77,2809,605,2.99,1.79,3414,78,1978,831
24021,68122,4526,4380,146,3589,791,3.01,2.25,4380,87,2969,620
24022,68123,12506,11956,550,6792,5164,2.95,2.47,11956,287,4980,1812
24023,68124,6915,6590,325,4117,2473,2.54,1.93,6590,592,2615,1502
24024,68127,10092,9666,426,4321,5345,2.43,1.90,9666,457,2891,1430
24025,68128,8059,7812,247,4494,3318,2.72,2.03,7812,181,3317,1177
24026,68130,8163,7980,183,6236,1744,2.88,1.68,7980,131,4463,1773
24027,68131,7173,6109,1064,1564,4545,2.40,2.04,6109,754,985,579
24028,68132,6590,6063,527,3371,2692,2.68,1.96,6063,504,2260,1111
24029,68133,5132,5069,63,3964,1105,2.90,1.64,5069,181,3179,785
24030,68134,13791,12782,1009,6942,5840,2.57,2.10,12782,987,4853,2089
24031,68135,10433,10315,118,9313,1002,2.95,2.41,10315,95,7266,2047
24032,68136,6741,6573,168,5797,776,3.04,2.43,6573,104,4683,1114
24033,68137,10755,10337,418,6799,3538,2.49,2.14,10337,454,4651,2148
24034,68138,4675,4592,83,3473,1119,2.73,1.84,4592,86,2754,719
24035,68142,2100,1932,168,1842,90,2.42,3.48,1932,25,1273,569
24036,68144,11220,10564,656,7479,3085,2.68,1.87,10564,441,5210,2269
24037,68147,4418,4287,131,3409,878,2.83,2.43,4287,53,2311,1098
24038,68152,2911,2794,117,2144,650,2.71,1.91,2794,309,1474,670
24039,68154,10546,9918,628,5944,3974,2.57,1.92,9918,476,3636,2308
24040,68157,2118,2047,71,1401,646,2.64,2.74,2047,43,831,570
24041,68164,12628,12077,551,7763,4314,2.67,2.06,12077,308,5591,2172
24042,68178,207,180,27,0,180,-,1.04,180,20,0,0
24043,68182,0,0,0,0,0,-,-,0,0,0,0
24044,68183,0,0,0,0,0,-,-,0,0,0,0
24045,68301,712,646,66,550,96,2.49,1.99,646,10,280,270
24046,68303,194,126,68,111,15,2.09,2.40,126,0,11,100
24047,68304,159,122,37,116,6,2.62,2.33,122,4,67,49
24048,68305,2023,1731,292,1244,487,2.51,2.23,1731,59,765,479
24049,68307,197,156,41,128,28,2.76,2.75,156,0,70,58
24050,68309,53,47,6,42,5,2.64,3.20,47,0,5,37
24051,68310,6938,6160,778,3973,2187,2.39,1.97,6160,556,1870,2103
24052,68313,290,262,28,217,45,2.47,4.11,262,5,142,75
24053,68314,153,146,7,136,10,2.57,3.50,146,0,104,32
24054,68315,59,34,25,21,13,2.52,1.92,34,0,0,21
24055,68316,237,206,31,177,29,2.33,2.21,206,0,104,73
24056,68317,778,767,11,716,51,2.54,2.53,767,6,511,205
24057,68318,256,172,84,136,36,2.26,3.61,172,6,49,87
24058,68319,265,207,58,154,53,2.53,4.17,207,3,53,101
24059,68320,186,163,23,99,64,2.41,1.55,163,9,47,52
24060,68321,188,154,34,139,15,2.18,1.27,154,0,32,107
24061,68322,206,165,41,124,41,2.65,4.17,165,0,59,65
24062,68323,190,103,87,72,31,2.04,3.16,103,0,11,61
24063,68324,59,27,32,27,0,2.81,-,27,0,14,13
24064,68325,118,58,60,47,11,1.79,4.09,58,0,15,32
24065,68326,146,116,30,97,19,3.04,3.58,116,0,26,71
24066,68327,196,170,26,152,18,2.01,2.89,170,1,35,117
24067,68328,179,161,18,145,16,2.59,1.94,161,1,72,73
24068,68329,256,228,28,188,40,2.89,2.00,228,3,87,101
24069,68330,20,20,0,20,0,2.00,-,20,0,14,6
24070,68331,382,369,13,314,55,2.81,2.98,369,6,219,95
24071,68332,62,46,16,43,3,2.05,-,46,6,10,33
24072,68333,3176,3002,174,2081,921,2.92,2.08,3002,36,862,1219
24073,68335,253,215,38,174,41,2.28,4.15,215,0,45,129
24074,68336,292,263,29,221,42,2.96,2.64,263,1,131,90
24075,68337,190,156,34,141,15,1.96,3.60,156,0,57,84
24076,68338,115,106,9,91,15,2.15,1.80,106,0,20,71
24077,68339,464,457,7,424,33,2.27,2.12,457,0,246,178
24078,68340,404,354,50,264,90,2.84,2.42,354,13,103,161
24079,68341,506,398,108,317,81,2.16,3.15,398,0,77,240
24080,68342,293,280,13,192,88,2.42,2.02,280,2,76,116
24081,68343,454,375,79,307,68,2.30,2.18,375,10,149,158
24082,68344,217,201,16,182,19,2.82,1.21,201,0,111,71
24083,68345,115,82,33,68,14,1.78,1.86,82,0,24,44
24084,68346,207,198,9,165,33,2.48,1.76,198,5,83,82
24085,68347,932,896,36,875,21,2.62,1.90,896,3,647,228
24086,68348,140,120,20,105,15,2.05,2.27,120,5,35,70
24087,68349,493,465,28,421,44,2.52,1.95,465,12,272,149
24088,68350,138,100,38,90,10,2.62,2.20,100,0,17,73
24089,68351,405,364,41,288,76,2.10,1.84,364,15,127,161
24090,68352,2447,2071,376,1282,789,2.31,2.29,2071,174,566,716
24091,68354,477,442,35,364,78,2.07,1.58,442,13,127,237
24092,68355,2474,2285,189,1658,627,2.19,1.85,2285,192,663,995
24093,68357,168,147,21,133,14,2.47,1.57,147,4,61,72
24094,68358,522,512,10,467,45,3.11,1.84,512,0,351,116
24095,68359,665,604,61,500,104,2.58,2.09,604,5,319,181
24096,68360,209,206,3,186,20,2.34,1.80,206,13,117,69
24097,68361,1056,893,163,696,197,2.58,2.03,893,22,335,361
24098,68362,20,15,5,12,3,1.83,2.33,15,0,5,7
24099,68364,117,114,3,111,3,2.10,2.67,114,0,96,15
24100,68365,127,114,13,108,6,2.18,-,114,1,34,74
24101,68366,362,328,34,300,28,2.64,3.04,328,10,171,129
24102,68367,222,148,74,118,30,2.13,2.17,148,5,46,72
24103,68368,186,177,9,166,11,3.00,1.55,177,0,127,39
24104,68370,922,794,128,558,236,2.30,1.84,794,62,248,310
24105,68371,591,542,49,435,107,2.49,1.96,542,0,155,280
24106,68372,1346,1322,24,1205,117,3.23,2.26,1322,54,909,296
24107,68375,75,72,3,64,8,2.06,-,72,0,23,41
24108,68376,707,579,128,420,159,2.51,2.11,579,8,143,277
24109,68377,237,194,43,162,32,1.97,2.44,194,0,61,101
24110,68378,330,251,79,240,11,2.30,1.64,251,5,79,161
24111,68379,41,33,8,33,0,2.06,-,33,0,6,27
24112,68380,28,22,6,22,0,2.09,-,22,0,10,12
24113,68381,64,55,9,44,11,2.43,1.45,55,0,4,40
24114,68382,27,19,8,8,11,2.00,1.09,19,0,6,2
24115,68401,429,356,73,322,34,2.56,2.97,356,5,216,106
24116,68402,425,405,20,340,65,2.56,3.06,405,2,208,132
24117,68403,105,103,2,89,14,2.01,1.43,103,0,64,25
24118,68404,439,439,0,413,26,2.63,2.04,439,0,214,199
24119,68405,1392,1269,123,824,445,2.70,2.13,1269,38,382,442
24120,68406,267,191,76,169,22,2.07,2.45,191,4,57,112
24121,68407,360,339,21,290,49,2.96,1.65,339,0,178,112
24122,68409,299,294,5,238,56,2.54,2.23,294,11,129,109
24123,68410,3736,3367,369,2342,1025,2.53,2.68,3367,158,1237,1105
24124,68413,217,193,24,164,29,2.48,2.38,193,4,95,69
24125,68414,144,104,40,63,41,1.63,1.88,104,0,21,42
24126,68415,270,229,41,207,22,2.43,2.68,229,5,96,111
24127,68416,105,97,8,76,21,2.29,2.24,97,5,13,63
24128,68417,165,117,48,97,20,2.70,3.15,117,10,36,61
24129,68418,471,451,20,398,53,2.57,2.40,451,0,288,110
24130,68419,109,103,6,86,17,2.60,1.76,103,0,51,35
24131,68420,612,496,116,422,74,2.31,3.38,496,29,114,308
24132,68421,425,340,85,252,88,2.19,2.26,340,23,109,143
24133,68422,260,259,1,208,51,2.34,3.06,259,0,91,117
24134,68423,437,423,14,371,52,2.36,2.13,423,16,182,189
24135,68424,351,303,48,253,50,2.30,1.34,303,2,109,144
24136,68428,536,498,38,459,39,2.88,6.05,498,6,208,251
24137,68429,52,43,9,33,10,1.88,2.80,43,3,6,27
24138,68430,700,695,5,650,45,2.35,2.33,695,1,372,278
24139,68431,146,109,37,109,0,1.76,-,109,2,36,73
24140,68433,150,79,71,52,27,2.29,1.48,79,0,14,38
24141,68434,3424,3222,202,2169,1053,2.70,2.08,3222,209,1248,921
24142,68436,276,237,39,202,35,2.36,2.17,237,0,96,106
24143,68437,167,156,11,134,22,1.93,2.36,156,3,54,80
24144,68438,58,58,0,51,7,1.90,1.29,58,0,28,23
24145,68439,352,287,65,271,16,2.27,2.00,287,7,149,122
24146,68440,90,54,36,45,9,1.47,1.44,54,4,4,41
24147,68441,91,76,15,58,18,2.72,2.89,76,0,21,37
24148,68442,153,124,29,90,34,1.86,2.06,124,0,7,83
24149,68443,458,397,61,331,66,2.70,2.52,397,9,173,158
24150,68444,19,17,2,12,5,2.25,2.80,17,0,3,9
24151,68445,82,66,16,41,25,2.37,3.36,66,0,22,19
24152,68446,1266,1184,82,887,297,2.37,2.00,1184,76,426,461
24153,68447,332,251,81,213,38,2.52,1.66,251,61,108,105
24154,68448,173,149,24,130,19,2.12,4.63,149,0,33,97
24155,68450,1139,925,214,558,367,2.44,2.32,925,79,175,383
24156,68452,46,37,9,31,6,2.19,1.67,37,0,6,25
24157,68453,187,131,56,100,31,2.22,1.03,131,0,30,70
24158,68454,305,279,26,215,64,2.66,2.03,279,6,126,89
24159,68455,502,267,235,201,66,2.00,3.47,267,6,139,62
24160,68456,520,510,10,376,134,2.38,2.93,510,7,256,120
24161,68457,211,197,14,172,25,2.23,2.76,197,16,108,64
24162,68458,77,77,0,74,3,2.04,1.67,77,2,22,52
24163,68460,275,256,19,220,36,2.64,3.00,256,1,83,137
24164,68461,315,315,0,301,14,2.39,4.07,315,0,144,157
24165,68462,1660,1609,51,1299,310,3.00,2.07,1609,55,854,445
24166,68463,661,580,81,429,151,2.80,2.08,580,18,284,145
24167,68464,277,248,29,228,20,2.05,1.85,248,1,96,132
24168,68465,1002,877,125,622,255,3.10,2.36,877,21,352,270
24169,68466,879,678,201,517,161,2.70,2.76,678,33,239,278
24170,68467,4185,3819,366,2716,1103,2.44,1.94,3819,128,1572,1144
24171,68502,12363,11476,887,6029,5447,2.39,2.12,11476,486,4090,1939
24172,68503,6798,6311,487,2284,4027,2.48,2.34,6311,689,1302,982
24173,68504,8497,7843,654,2676,5167,2.30,1.89,7843,500,1620,1056
24174,68505,7703,7264,439,4189,3075,2.72,2.09,7264,445,2665,1524
24175,68506,13233,12703,530,8047,4656,2.47,1.68,12703,805,4809,3238
24176,68507,6850,6511,339,4500,2011,2.43,1.99,6511,291,3106,1394
24177,68508,6221,5580,641,536,5044,2.31,1.77,5580,1178,220,316
24178,68510,9663,9128,535,5389,3739,2.28,1.98,9128,708,3342,2047
24179,68512,5705,5630,75,3683,1947,2.73,1.93,5630,60,2664,1019
24180,68514,119,119,0,119,0,2.34,-,119,0,102,17
24181,68516,18907,18258,649,12534,5724,2.79,2.17,18258,480,7887,4647
24182,68517,201,201,0,182,19,2.73,3.00,201,0,122,60
24183,68520,784,766,18,658,108,2.27,2.19,766,0,434,224
24184,68521,15149,14582,567,8237,6345,2.82,2.22,14582,534,5565,2672
24185,68522,4401,4275,126,3112,1163,2.75,2.74,4275,59,2321,791
24186,68523,709,670,39,636,34,2.90,1.91,670,0,486,150
24187,68524,2177,2102,75,1270,832,2.92,2.91,2102,10,1040,230
24188,68526,2907,2860,47,2352,508,2.99,1.91,2860,48,1562,790
24189,68527,606,606,0,606,0,2.70,-,606,13,282,324
24190,68528,2575,2458,117,1542,916,2.72,2.28,2458,45,979,563
24191,68531,75,75,0,68,7,3.57,1.86,75,0,51,17
24192,68532,215,215,0,215,0,2.75,-,215,0,138,77
24193,68588,0,0,0,0,0,-,-,0,0,0,0
24194,68601,12552,11640,912,8333,3307,2.68,2.10,11640,761,4216,4117
24195,68620,1322,1169,153,868,301,2.55,1.92,1169,61,359,509
24196,68621,149,122,27,106,16,1.75,3.50,122,0,25,81
24197,68622,148,131,17,97,34,2.37,2.03,131,5,20,77
24198,68623,215,170,45,145,25,2.12,1.80,170,0,30,115
24199,68624,567,360,207,323,37,2.67,2.30,360,10,125,198
24200,68626,306,246,60,202,44,2.41,1.66,246,2,78,124
24201,68627,338,264,74,238,26,2.63,2.15,264,6,103,135
24202,68628,507,324,183,266,58,2.59,2.64,324,6,114,152
24203,68629,570,484,86,427,57,2.48,1.68,484,19,140,287
24204,68631,149,139,10,113,26,2.30,2.65,139,0,63,50
24205,68632,1684,1552,132,1115,437,2.44,1.97,1552,68,547,568
24206,68633,598,490,108,386,104,1.89,3.11,490,8,129,257
24207,68634,285,267,18,261,6,2.85,2.33,267,21,93,168
24208,68635,238,223,15,161,62,2.42,1.44,223,0,57,104
24209,68636,644,566,78,434,132,2.05,2.45,566,4,126,308
24210,68637,312,157,155,122,35,1.98,2.31,157,1,39,83
24211,68638,859,690,169,569,121,2.84,2.07,690,10,296,273
24212,68640,556,440,116,383,57,2.60,2.28,440,14,220,163
24213,68641,588,490,98,429,61,2.21,2.10,490,19,133,296
24214,68642,754,713,41,650,63,2.69,2.60,713,19,256,394
24215,68643,471,392,79,346,46,2.27,2.74,392,1,92,254
24216,68644,291,287,4,205,82,1.97,3.39,287,2,70,135
24217,68647,346,302,44,274,28,2.47,3.36,302,0,90,184
24218,68648,316,138,178,82,56,2.05,1.32,138,2,26,56
24219,68649,948,813,135,632,181,2.50,2.69,813,8,320,312
24220,68651,565,459,106,377,82,2.69,2.90,459,21,154,223
24221,68652,313,296,17,248,48,2.27,1.71,296,0,95,153
24222,68653,271,260,11,246,14,2.75,2.36,260,0,101,145
24223,68654,283,227,56,181,46,2.18,3.89,227,8,68,113
24224,68655,38,38,0,35,3,2.69,2.33,38,0,8,27
24225,68658,288,278,10,251,27,2.75,2.19,278,2,119,132
24226,68659,84,80,4,68,12,2.22,2.83,80,0,11,57
24227,68660,534,454,80,358,96,2.40,2.54,454,16,153,205
24228,68661,2410,2211,199,1567,644,3.48,2.99,2211,2,736,831
24229,68662,477,453,24,404,49,2.96,2.73,453,9,202,202
24230,68663,473,419,54,359,60,1.98,1.83,419,19,185,174
24231,68664,160,112,48,94,18,2.73,3.00,112,0,52,42
24232,68665,407,288,119,249,39,2.51,1.67,288,2,77,172
24233,68666,672,567,105,449,118,2.90,2.19,567,12,147,302
24234,68667,61,53,8,48,5,2.69,3.20,53,0,29,19
24235,68669,233,209,24,184,25,2.43,1.08,209,6,61,123
24236,68701,13573,12624,949,8420,4204,2.57,2.08,12624,730,4549,3871
24237,68710,335,290,45,231,59,2.78,1.64,290,8,102,129
24238,68711,61,44,17,23,21,1.26,1.57,44,0,0,23
24239,68713,1145,946,199,718,228,2.48,2.27,946,29,279,439
24240,68714,735,496,239,385,111,2.19,2.32,496,25,145,240
24241,68715,657,611,46,538,73,2.98,2.12,611,0,298,240
24242,68716,453,407,46,253,154,2.45,2.16,407,37,93,160
24243,68717,118,107,11,82,25,2.90,1.20,107,0,38,44
24244,68718,913,779,134,541,238,2.25,1.84,779,33,191,350
24245,68719,107,80,27,75,5,2.11,4.00,80,0,9,66
24246,68720,118,108,10,89,19,2.24,2.16,108,0,24,65
24247,68722,248,190,58,155,35,2.46,1.89,190,5,55,100
24248,68723,295,251,44,234,17,2.48,2.71,251,1,77,157
24249,68724,103,75,28,60,15,3.68,4.60,75,0,13,47
24250,68725,290,252,38,220,32,2.49,1.91,252,0,73,147
24251,68726,313,259,54,154,105,2.16,2.95,259,5,47,107
24252,68727,308,246,62,174,72,2.43,1.54,246,23,66,108
24253,68728,109,93,16,84,9,2.74,-,93,0,40,44
24254,68729,861,718,143,541,177,2.46,2.24,718,42,161,380
24255,68730,1078,795,283,672,123,2.62,2.43,795,15,262,410
24256,68731,1041,1010,31,833,177,3.73,3.11,1010,29,490,343
24257,68732,108,102,6,97,5,1.78,2.80,102,2,22,75
24258,68733,459,424,35,298,126,2.63,2.25,424,12,134,164
24259,68734,52,47,5,18,29,1.94,2.10,47,0,7,11
24260,68735,433,362,71,269,93,2.39,2.96,362,0,65,204
24261,68736,304,272,32,219,53,2.46,3.72,272,15,78,141
24262,68739,1259,1081,178,962,119,2.59,1.93,1081,47,446,516
24263,68740,337,327,10,283,44,2.69,2.55,327,0,175,108
24264,68741,308,271,37,209,62,2.51,3.97,271,11,101,108
24265,68742,131,93,38,80,13,3.19,2.54,93,2,15,65
24266,68743,235,195,40,160,35,3.09,2.26,195,16,89,71
24267,68745,747,606,141,478,128,2.68,1.91,606,9,217,261
24268,68746,348,184,164,166,18,1.89,1.50,184,2,40,126
24269,68747,83,56,27,48,8,2.96,2.13,56,6,21,27
24270,68748,915,839,76,637,202,2.84,2.39,839,19,241,396
24271,68749,29,24,5,21,3,2.00,2.00,24,0,3,18
24272,68751,30,25,5,21,4,3.05,-,25,0,11,10
24273,68752,350,303,47,268,35,2.21,2.94,303,1,95,173
24274,68753,44,33,11,25,8,2.40,-,33,0,9,16
24275,68755,186,149,37,116,33,2.19,4.15,149,3,3,113
24276,68756,966,749,217,533,216,2.52,2.26,749,44,211,322
24277,68757,353,309,44,261,48,2.38,4.00,309,4,62,199
24278,68758,551,484,67,346,138,2.99,2.01,484,9,129,217
24279,68759,170,117,53,102,15,3.09,5.07,117,0,36,66
24280,68760,922,467,455,306,161,2.60,3.04,467,14,86,220
24281,68761,235,181,54,157,24,2.41,2.29,181,14,40,117
24282,68763,2198,1814,384,1216,598,2.43,2.54,1814,111,456,760
24283,68764,371,309,62,244,65,2.71,2.71,309,11,100,144
24284,68765,555,463,92,380,83,2.56,2.36,463,18,126,254
24285,68766,215,151,64,116,35,2.53,5.46,151,0,69,47
24286,68767,1445,1362,83,1074,288,2.61,2.44,1362,32,564,510
24287,68768,283,266,17,168,98,2.43,2.21,266,3,36,132
24288,68769,778,713,65,502,211,2.51,2.05,713,61,214,288
24289,68770,758,625,133,457,168,2.27,1.60,625,20,186,271
24290,68771,591,561,30,408,153,2.50,2.96,561,19,199,209
24291,68773,118,88,30,68,20,1.88,1.75,88,0,19,49
24292,68774,159,118,41,106,12,2.96,1.42,118,1,22,84
24293,68776,5699,5300,399,3187,2113,2.97,2.64,5300,560,1645,1542
24294,68777,389,249,140,193,56,2.19,1.41,249,3,63,130
24295,68778,350,232,118,187,45,2.82,2.67,232,2,47,140
24296,68779,970,856,114,606,250,3.05,2.48,856,48,319,287
24297,68780,424,346,78,240,106,2.70,2.11,346,8,129,111
24298,68781,628,589,39,470,119,2.50,3.23,589,9,200,270
24299,68783,380,330,50,261,69,2.64,2.32,330,24,84,177
24300,68784,673,609,64,439,170,2.83,2.38,609,9,206,233
24301,68785,104,95,9,84,11,2.32,1.45,95,0,68,16
24302,68786,452,347,105,310,37,2.65,2.92,347,8,130,180
24303,68787,2697,2557,140,1686,871,2.32,1.87,2557,147,971,715
24304,68788,2119,1875,244,1288,587,2.37,2.45,1875,60,493,795
24305,68789,61,34,27,34,0,2.12,-,34,0,11,23
24306,68790,415,391,24,324,67,2.12,1.79,391,4,177,147
24307,68791,830,762,68,545,217,2.34,2.46,762,7,229,316
24308,68792,297,182,115,170,12,2.05,2.25,182,3,35,135
24309,68801,11596,10900,696,6464,4436,2.94,2.43,10900,488,3656,2808
24310,68803,10967,10484,483,6753,3731,2.61,2.11,10484,618,3516,3237
24311,68810,348,339,9,273,66,2.85,2.27,339,2,147,126
24312,68812,251,209,42,178,31,2.65,2.90,209,7,85,93
24313,68813,292,175,117,113,62,2.31,2.10,175,7,27,86
24314,68814,458,396,62,272,124,2.14,2.79,396,14,100,172
24315,68815,334,285,49,227,58,2.31,2.47,285,7,67,160
24316,68816,73,73,0,69,4,1.94,-,73,0,29,40
24317,68817,219,171,48,145,26,1.91,2.54,171,0,64,81
24318,68818,2522,2203,319,1661,542,2.71,2.27,2203,64,1069,592
24319,68820,158,136,22,112,24,2.07,1.25,136,8,27,85
24320,68821,61,43,18,34,9,1.94,1.11,43,0,22,12
24321,68822,2337,2021,316,1373,648,2.45,2.12,2021,155,731,642
24322,68823,1272,915,357,734,181,2.36,2.15,915,23,275,459
24323,68824,654,615,39,429,186,2.47,2.33,615,10,248,181
24324,68825,477,428,49,337,91,2.35,1.98,428,11,148,189
24325,68826,1580,1446,134,1025,421,2.60,2.71,1446,77,544,481
24326,68827,299,251,48,186,65,2.79,2.65,251,3,83,103
24327,68828,158,105,53,85,20,1.82,1.75,105,10,16,69
24328,68831,319,283,36,209,74,2.42,1.64,283,46,88,121
24329,68832,918,839,79,697,142,2.47,2.17,839,18,367,330
24330,68833,116,76,40,59,17,2.15,1.29,76,1,15,44
24331,68834,102,87,15,78,9,2.13,2.44,87,0,16,62
24332,68835,342,256,86,187,69,2.35,2.09,256,1,85,102
24333,68836,752,660,92,506,154,3.04,2.20,660,0,305,201
24334,68837,51,41,10,37,4,2.27,2.00,41,1,10,27
24335,68838,166,109,57,102,7,2.18,1.57,109,0,60,42
24336,68840,1261,1134,127,856,278,2.68,2.99,1134,39,447,409
24337,68841,249,224,25,185,39,2.91,2.15,224,1,95,90
24338,68842,327,241,86,174,67,2.80,1.58,241,15,83,91
24339,68843,323,292,31,245,47,2.51,2.45,292,1,127,118
24340,68844,107,107,0,101,6,2.49,-,107,4,46,55
24341,68845,8827,8128,699,4918,3210,2.74,2.18,8128,322,2969,1949
24342,68846,147,111,36,94,17,3.02,1.71,111,2,48,46
24343,68847,7544,7121,423,4740,2381,2.47,2.00,7121,400,2869,1871
24344,68849,0,0,0,0,0,-,-,0,0,0,0
24345,68850,4198,3927,271,2309,1618,3.28,2.74,3927,279,1027,1282
24346,68852,258,224,34,174,50,2.41,1.64,224,2,90,84
24347,68853,976,640,336,427,213,2.38,1.72,640,47,161,266
24348,68854,336,283,53,255,28,2.69,2.50,283,8,126,129
24349,68855,194,146,48,106,40,2.05,2.15,146,0,37,69
24350,68856,317,271,46,165,106,2.32,3.01,271,2,56,109
24351,68858,205,140,65,106,34,2.60,4.09,140,2,46,60
24352,68859,300,237,63,194,43,2.19,2.23,237,6,69,125
24353,68860,136,128,8,107,21,2.08,1.52,128,6,33,74
24354,68861,51,51,0,51,0,1.76,-,51,0,9,42
24355,68862,1448,1211,237,906,305,2.49,1.81,1211,47,471,435
24356,68863,570,551,19,333,218,2.66,2.09,551,3,175,158
24357,68864,491,418,73,360,58,2.60,2.64,418,1,178,182
24358,68865,418,371,47,320,51,2.58,1.45,371,5,184,136
24359,68866,431,420,11,327,93,2.63,2.86,420,4,199,128
24360,68869,1056,922,134,619,303,2.35,2.09,922,69,241,378
24361,68870,265,214,51,178,36,3.23,1.64,214,2,109,69
24362,68871,156,109,47,100,9,2.24,3.44,109,1,43,57
24363,68872,384,357,27,302,55,2.44,2.33,357,5,119,183
24364,68873,1456,1331,125,982,349,3.06,1.81,1331,37,552,430
24365,68874,427,309,118,231,78,2.26,2.63,309,5,59,172
24366,68875,278,226,52,197,29,2.33,3.55,226,3,84,113
24367,68876,720,691,29,517,174,3.01,2.27,691,25,307,210
24368,68878,202,178,24,121,57,2.79,3.04,178,0,60,61
24369,68879,229,155,74,110,45,2.46,2.91,155,2,49,61
24370,68881,30,23,7,23,0,5.00,-,23,0,0,23
24371,68882,258,198,60,144,54,2.39,1.93,198,0,50,94
24372,68883,1035,935,100,757,178,2.74,2.67,935,9,326,431
24373,68901,11645,10708,937,6956,3752,2.61,1.81,10708,747,3959,2997
24374,68920,738,607,131,505,102,2.59,2.08,607,15,256,249
24375,68922,604,465,139,369,96,2.50,1.85,465,32,185,184
24376,68923,51,33,18,33,0,3.03,-,33,0,25,8
24377,68924,611,560,51,467,93,2.70,3.02,560,16,303,164
24378,68925,222,198,24,177,21,2.41,3.43,198,1,51,126
24379,68926,356,230,126,184,46,2.46,2.26,230,2,57,127
24380,68927,596,505,91,417,88,2.25,3.26,505,2,217,200
24381,68928,176,143,33,136,7,2.65,1.86,143,1,33,103
24382,68929,115,77,38,69,8,2.26,1.25,77,1,21,48
24383,68930,644,570,74,452,118,2.44,1.76,570,11,184,268
24384,68932,209,140,69,126,14,2.80,2.21,140,6,26,100
24385,68933,436,377,59,327,50,2.48,1.80,377,13,155,172
24386,68934,92,69,23,46,23,2.70,-,69,0,23,23
24387,68935,329,275,54,164,111,2.43,2.50,275,6,48,116
24388,68936,131,101,30,78,23,2.01,2.39,101,0,19,59
24389,68937,1393,797,596,650,147,2.25,1.84,797,17,299,351
24390,68938,292,233,59,198,35,2.09,2.17,233,4,70,128
24391,68939,561,442,119,349,93,2.37,1.75,442,19,114,235
24392,68940,171,162,9,146,16,3.35,2.25,162,9,88,58
24393,68941,372,330,42,273,57,2.36,3.37,330,3,100,173
24394,68942,208,134,74,122,12,3.61,2.42,134,3,61,61
24395,68943,113,95,18,82,13,2.76,3.69,95,0,9,73
24396,68944,562,496,66,367,129,2.75,2.44,496,14,144,223
24397,68945,99,99,0,56,43,2.36,1.86,99,0,9,47
24398,68946,29,23,6,23,0,1.65,-,23,0,6,17
24399,68947,304,269,35,244,25,2.23,2.32,269,0,79,165
24400,68948,247,174,73,130,44,2.00,1.41,174,1,34,96
24401,68949,3081,2870,211,2026,844,2.36,1.86,2870,96,1014,1012
24402,68950,131,122,9,98,24,2.20,2.13,122,1,44,54
24403,68952,71,33,38,22,11,2.05,1.64,33,2,14,8
24404,68954,7,7,0,7,0,-,-,7,0,7,0
24405,68955,832,780,52,715,65,2.79,2.25,780,13,378,337
24406,68956,522,479,43,389,90,2.54,2.23,479,4,139,250
24407,68957,244,220,24,206,14,2.44,4.00,220,3,45,161
24408,68958,239,226,13,183,43,2.51,2.81,226,2,97,86
24409,68959,1704,1563,141,1203,360,2.39,2.40,1563,45,584,619
24410,68960,118,84,34,75,9,1.89,3.11,84,9,22,53
24411,68961,396,286,110,240,46,2.23,1.43,286,5,82,158
24412,68964,66,23,43,23,0,4.13,-,23,0,8,15
24413,68966,256,206,50,172,34,2.41,1.79,206,7,61,111
24414,68967,570,444,126,330,114,2.31,2.52,444,22,160,170
24415,68970,751,604,147,499,105,2.16,2.27,604,33,183,316
24416,68971,641,150,491,121,29,2.36,1.59,150,3,22,99
24417,68972,113,89,24,59,30,2.59,3.70,89,11,14,45
24418,68973,187,175,12,143,32,2.57,1.72,175,3,44,99
24419,68974,154,112,42,111,1,2.14,-,112,0,20,91
24420,68975,47,43,4,43,0,2.12,-,43,0,18,25
24421,68976,90,72,18,57,15,3.02,4.67,72,0,35,22
24422,68977,109,89,20,71,18,3.87,1.56,89,0,22,49
24423,68978,1290,994,296,767,227,2.29,2.20,994,69,177,590
24424,68979,816,719,97,613,106,2.45,1.82,719,7,252,361
24425,68980,167,161,6,126,35,2.96,2.51,161,0,74,52
24426,68981,148,104,44,81,23,2.27,2.22,104,0,33,48
24427,68982,295,249,46,162,87,2.57,2.86,249,0,69,93
24428,69001,4452,3702,750,2515,1187,2.41,2.02,3702,249,1222,1293
24429,69020,228,180,48,140,40,3.86,3.55,180,16,43,97
24430,69021,714,598,116,444,154,2.22,2.52,598,15,179,265
24431,69022,921,740,181,611,129,2.51,1.67,740,22,252,359
24432,69023,181,137,44,112,25,2.48,4.20,137,6,52,60
24433,69024,580,449,131,325,124,2.01,3.18,449,15,115,210
24434,69025,474,386,88,246,140,2.29,2.49,386,30,116,130
24435,69026,115,71,44,49,22,1.63,5.95,71,1,4,45
24436,69027,16,16,0,11,5,1.64,-,16,0,5,6
24437,69028,380,318,62,244,74,2.35,2.01,318,0,76,168
24438,69029,180,152,28,124,28,2.46,2.36,152,0,35,89
24439,69030,145,88,57,65,23,1.92,3.43,88,8,11,54
24440,69032,257,179,78,131,48,2.70,2.10,179,2,47,84
24441,69033,1232,1038,194,814,224,2.49,2.10,1038,30,361,453
24442,69034,361,325,36,268,57,3.38,2.89,325,1,79,189
24443,69036,50,26,24,17,9,3.35,-,26,2,5,12
24444,69037,87,81,6,81,0,2.41,-,81,5,34,47
24445,69038,269,201,68,139,62,2.50,2.18,201,1,63,76
24446,69039,80,50,30,26,24,2.27,2.63,50,0,5,21
24447,69040,314,266,48,218,48,2.35,2.15,266,14,81,137
24448,69041,54,28,26,21,7,1.24,1.57,28,0,4,17
24449,69042,1,1,0,1,0,-,-,1,0,0,1
24450,69043,260,215,45,185,30,2.34,2.03,215,5,41,144
24451,69044,583,283,300,178,105,2.70,2.13,283,15,36,142
24452,69045,502,403,99,273,130,2.22,2.19,403,6,76,197
24453,69046,145,104,41,95,9,1.24,1.67,104,5,12,83
24454,69101,13616,11901,1715,7882,4019,2.36,2.25,11901,690,4338,3544
24455,69120,473,452,21,337,115,2.58,2.28,452,20,180,157
24456,69121,179,128,51,95,33,2.18,2.64,128,0,17,78
24457,69122,348,282,66,209,73,2.51,2.22,282,3,76,133
24458,69123,454,340,114,289,51,2.79,2.27,340,5,160,129
24459,69125,164,118,46,71,47,1.99,1.49,118,2,19,52
24460,69127,567,334,233,282,52,2.40,1.63,334,5,107,175
24461,69128,241,161,80,102,59,2.33,3.27,161,12,30,72
24462,69129,699,553,146,474,79,2.38,1.81,553,10,170,304
24463,69130,2329,2133,196,1469,664,2.56,2.00,2133,164,733,736
24464,69131,382,331,51,260,71,2.33,2.35,331,1,101,159
24465,69132,52,41,11,21,20,2.90,2.40,41,0,2,19
24466,69133,195,174,21,155,19,2.50,1.68,174,1,80,75
24467,69134,184,158,26,134,24,2.47,2.79,158,4,24,110
24468,69135,4,4,0,4,0,2.00,-,4,0,0,4
24469,69138,1922,1650,272,1223,427,2.75,1.67,1650,73,743,480
24470,69140,803,691,112,536,155,2.65,1.92,691,38,258,278
24471,69141,215,193,22,158,35,2.46,2.20,193,7,57,101
24472,69142,68,51,17,30,21,2.90,2.19,51,0,6,24
24473,69143,732,681,51,593,88,2.52,1.73,681,17,315,278
24474,69144,68,55,13,40,15,2.13,2.20,55,0,6,34
24475,69145,1413,1158,255,790,368,2.47,2.05,1158,59,298,492
24476,69146,657,171,486,143,28,1.48,-,171,10,93,50
24477,69147,918,243,675,212,31,1.83,1.65,243,0,47,165
24478,69148,98,71,27,28,43,1.86,2.63,71,4,5,23
24479,69149,388,301,87,249,52,2.56,1.58,301,9,123,126
24480,69150,192,153,39,139,14,2.85,2.93,153,9,61,78
24481,69151,404,344,60,291,53,2.85,3.02,344,6,146,145
24482,69152,482,329,153,198,131,2.20,2.11,329,16,64,134
24483,69153,3075,2786,289,2078,708,2.22,1.94,2786,263,953,1125
24484,69154,654,516,138,433,83,2.01,1.69,516,18,175,258
24485,69155,463,397,66,302,95,2.88,2.64,397,14,115,187
24486,69156,336,282,54,246,36,2.35,1.86,282,13,98,148
24487,69157,83,54,29,44,10,1.98,1.80,54,0,2,42
24488,69161,85,44,41,36,8,1.47,-,44,0,6,30
24489,69162,3657,3244,413,1898,1346,2.49,1.72,3244,185,1064,834
24490,69163,427,358,69,276,82,2.70,2.79,358,7,118,158
24491,69165,830,701,129,552,149,2.84,2.14,701,12,296,256
24492,69166,315,260,55,135,125,2.01,2.42,260,12,44,91
24493,69167,195,154,41,111,43,2.46,2.26,154,2,45,66
24494,69168,103,77,26,68,9,2.69,2.22,77,0,12,56
24495,69169,281,235,46,136,99,2.36,1.36,235,0,58,78
24496,69170,128,116,12,85,31,2.13,2.48,116,0,35,50
24497,69171,0,0,0,0,0,-,-,0,0,0,0
24498,69201,2071,1510,561,870,640,2.64,2.44,1510,132,425,445
24499,69210,1301,925,376,741,184,2.27,1.90,925,27,303,438
24500,69211,213,159,54,103,56,2.37,2.46,159,2,43,60
24501,69212,185,157,28,47,110,1.43,2.83,157,29,13,34
24502,69214,120,85,35,45,40,4.82,4.68,85,0,15,30
24503,69216,113,91,22,53,38,2.36,2.03,91,0,2,51
24504,69217,266,161,105,157,4,2.26,2.50,161,0,20,137
24505,69218,191,164,27,117,47,2.16,2.28,164,3,8,109
24506,69219,36,22,14,20,2,3.05,2.00,22,0,2,18
24507,69220,41,17,24,9,8,1.56,3.13,17,0,5,4
24508,69221,60,39,21,20,19,1.60,2.68,39,0,12,8
24509,69301,4722,4096,626,3066,1030,2.37,2.18,4096,216,1498,1568
24510,69331,30,30,0,22,8,2.05,7.00,30,0,5,17
24511,69333,118,77,41,59,18,2.07,4.11,77,0,12,47
24512,69334,1035,846,189,743,103,2.52,1.80,846,29,299,444
24513,69335,38,19,19,16,3,3.50,2.00,19,0,10,6
24514,69336,1140,934,206,686,248,2.59,2.25,934,48,302,384
24515,69337,3075,2670,405,1574,1096,2.39,1.86,2670,91,839,735
24516,69339,795,555,240,443,112,2.42,2.18,555,66,151,292
24517,69340,53,20,33,14,6,2.21,4.83,20,0,0,14
24518,69341,4701,4245,456,3160,1085,2.58,2.20,4245,128,1953,1207
24519,69343,1215,974,241,610,364,2.28,2.67,974,43,198,412
24520,69345,240,152,88,96,56,3.13,2.11,152,1,24,72
24521,69346,341,206,135,136,70,1.92,2.76,206,10,36,100
24522,69347,725,552,173,427,125,2.35,2.11,552,25,226,201
24523,69348,609,516,93,384,132,2.40,2.16,516,35,138,246
24524,69350,258,177,81,119,58,1.86,2.22,177,0,29,90
24525,69351,107,73,34,49,24,2.16,2.25,73,12,2,47
24526,69352,331,276,55,206,70,2.43,1.64,276,10,80,126
24527,69353,40,32,8,27,5,1.81,3.00,32,0,4,23
24528,69354,89,63,26,32,31,1.53,-,63,0,17,15
24529,69355,65,61,4,50,11,1.94,2.27,61,2,23,27
24530,69356,1016,716,300,557,159,2.88,2.28,716,78,308,249
24531,69357,1666,1507,159,1182,325,2.40,1.74,1507,54,697,485
24532,69358,1119,940,179,692,248,2.12,2.20,940,54,319,373
24533,69360,665,529,136,338,191,2.57,2.40,529,32,98,240
24534,69361,7737,7170,567,4450,2720,2.46,2.23,7170,494,2574,1876
24535,69365,0,0,0,0,0,-,-,0,0,0,0
24536,69366,142,110,32,82,28,2.89,3.14,110,5,23,59
24537,69367,123,112,11,104,8,2.00,1.25,112,3,21,83
24538,70001,19145,17834,1311,9091,8743,2.32,2.22,17834,713,5026,4065
24539,70002,9344,8463,881,4432,4031,2.39,2.16,8463,737,2375,2057
24540,70003,17533,16232,1301,12659,3573,2.43,2.30,16232,785,6578,6081
24541,70005,12582,11479,1103,7630,3849,2.13,2.13,11479,567,3448,4182
24542,70006,6453,5814,639,3637,2177,2.42,3.03,5814,223,1867,1770
24543,70030,1666,1399,267,1250,149,2.78,3.05,1399,0,643,607
24544,70031,565,514,51,462,52,2.33,2.90,514,6,135,327
24545,70032,2003,1703,300,1200,503,2.43,2.30,1703,201,599,601
24546,70036,494,335,159,326,9,2.83,-,335,9,138,188
24547,70037,6164,5615,549,3622,1993,2.73,3.47,5615,220,1769,1853
24548,70038,34,13,21,13,0,-,-,13,13,0,13
24549,70039,939,806,133,583,223,2.56,3.13,806,51,345,238
24550,70040,659,567,92,522,45,1.95,2.49,567,51,190,332
24551,70041,1472,1062,410,929,133,2.33,2.24,1062,68,268,661
24552,70043,8559,7795,764,4659,3136,2.83,2.73,7795,605,2635,2024
24553,70047,5132,4784,348,3797,987,2.75,2.88,4784,158,2144,1653
24554,70049,779,507,272,494,13,2.48,4.92,507,0,128,366
24555,70050,23,14,9,0,14,-,-,14,0,0,0
24556,70051,718,602,116,542,60,3.20,3.77,602,0,205,337
24557,70052,1280,1056,224,886,170,3.21,1.83,1056,81,527,359
24558,70053,8371,7432,939,3502,3930,2.32,1.92,7432,1356,1614,1888
24559,70056,15003,14112,891,8136,5976,2.90,2.99,14112,1138,4737,3399
24560,70057,1692,1471,221,1183,288,3.26,1.76,1471,144,597,586
24561,70058,15864,14652,1212,9481,5171,2.79,2.69,14652,1099,6013,3468
24562,70062,6753,6152,601,3165,2987,2.84,2.77,6152,1029,1606,1559
24563,70065,22307,20207,2100,12658,7549,2.55,2.39,20207,919,6901,5757
24564,70067,1114,1003,111,878,125,3.11,3.34,1003,41,354,524
24565,70068,13432,11970,1462,9592,2378,2.73,3.00,11970,447,6239,3353
24566,70070,5175,4975,200,4181,794,2.82,2.86,4975,148,2562,1619
24567,70071,1385,1123,262,916,207,2.92,2.16,1123,140,191,725
24568,70072,22221,20586,1635,15243,5343,2.72,2.70,20586,1501,7778,7465
24569,70075,1874,1721,153,1583,138,3.04,2.17,1721,13,1051,532
24570,70076,96,49,47,49,0,1.35,-,49,0,32,17
24571,70079,1236,1128,108,745,383,2.39,2.72,1128,31,405,340
24572,70080,482,339,143,290,49,2.40,-,339,20,122,168
24573,70082,145,110,35,96,14,3.40,-,110,38,96,0
24574,70083,1029,753,276,622,131,3.29,2.12,753,127,258,364
24575,70084,2900,2220,680,1873,347,2.66,2.86,2220,125,736,1137
24576,70085,2113,1569,544,1315,254,2.99,3.16,1569,107,494,821
24577,70086,789,714,75,511,203,2.73,2.50,714,52,216,295
24578,70087,2923,2650,273,2008,642,3.18,1.87,2650,50,1184,824
24579,70090,3220,2797,423,2127,670,2.77,2.22,2797,302,846,1281
24580,70091,159,81,78,58,23,2.59,4.13,81,0,0,58
24581,70092,2804,2508,296,2018,490,2.87,3.80,2508,176,1201,817
24582,70094,13540,11995,1545,7383,4612,2.50,2.99,11995,1247,3569,3814
24583,70112,3565,2205,1360,219,1986,1.31,1.67,2205,668,32,187
24584,70113,5125,3748,1377,760,2988,2.54,2.12,3748,1509,400,360
24585,70114,11907,9622,2285,4198,5424,2.48,2.08,9622,2346,2260,1938
24586,70115,17975,14437,3538,7867,6570,2.59,2.03,14437,1450,4611,3256
24587,70116,9562,5730,3832,2250,3480,2.12,1.74,5730,1796,1116,1134
24588,70117,15628,12145,3483,5655,6490,2.33,2.10,12145,2822,2724,2931
24589,70118,15717,12880,2837,6379,6501,2.59,2.26,12880,2085,3286,3093
24590,70119,21102,16864,4238,6045,10819,2.19,1.89,16864,3886,3070,2975
24591,70121,6468,5625,843,3179,2446,2.03,2.01,5625,616,1947,1232
24592,70122,16993,14939,2054,8306,6633,2.59,2.12,14939,2116,4816,3490
24593,70123,14028,12619,1409,7614,5005,2.45,1.85,12619,591,3875,3739
24594,70124,8720,7867,853,5618,2249,2.65,2.07,7867,337,3771,1847
24595,70125,7912,6515,1397,2794,3721,2.65,2.68,6515,1441,1398,1396
24596,70126,12349,10691,1658,4929,5762,2.86,2.87,10691,1594,2282,2647
24597,70127,10816,9714,1102,4292,5422,2.99,2.27,9714,1770,2460,1832
24598,70128,8795,7917,878,4864,3053,2.87,2.71,7917,1074,2512,2352
24599,70129,3483,3067,416,2109,958,3.27,3.95,3067,303,715,1394
24600,70130,10936,7268,3668,2542,4726,1.87,1.81,7268,1662,1506,1036
24601,70131,12452,10847,1605,6401,4446,2.69,2.13,10847,938,4204,2197
24602,70139,0,0,0,0,0,-,-,0,0,0,0
24603,70148,339,130,209,0,130,-,1.65,130,40,0,0
24604,70163,0,0,0,0,0,-,-,0,0,0,0
24605,70301,19337,17614,1723,13298,4316,2.63,2.31,17614,1308,6868,6430
24606,70310,0,0,0,0,0,-,-,0,0,0,0
24607,70339,2892,2119,773,1858,261,2.29,1.46,2119,96,439,1419
24608,70340,46,46,0,46,0,3.04,-,46,0,0,46
24609,70341,1629,1458,171,1079,379,2.76,2.35,1458,258,261,818
24610,70342,1943,1775,168,1389,386,2.75,2.69,1775,77,634,755
24611,70343,2013,1839,174,1624,215,2.74,1.49,1839,47,884,740
24612,70344,2782,2138,644,1755,383,2.68,2.86,2138,204,686,1069
24613,70345,3951,3661,290,2813,848,2.51,2.58,3661,194,1227,1586
24614,70346,4275,3720,555,2422,1298,2.46,2.71,3720,620,789,1633
24615,70352,116,116,0,72,44,2.50,5.25,116,0,38,34
24616,70353,565,346,219,325,21,2.28,3.43,346,53,0,325
24617,70354,1973,1761,212,1361,400,2.09,2.86,1761,41,465,896
24618,70355,528,422,106,396,26,2.94,2.04,422,0,202,194
24619,70356,823,730,93,515,215,2.33,1.96,730,46,199,316
24620,70357,1484,1088,396,809,279,2.65,2.24,1088,194,407,402
24621,70358,2035,414,1621,254,160,2.02,2.03,414,40,99,155
24622,70359,3998,3598,400,2925,673,2.73,2.53,3598,380,1334,1591
24623,70360,11903,11213,690,8064,3149,2.94,1.64,11213,1019,4867,3197
24624,70363,10476,9433,1043,6628,2805,2.74,2.50,9433,1034,2662,3966
24625,70364,12309,10680,1629,7451,3229,2.89,2.34,10680,758,4632,2819
24626,70372,1134,954,180,844,110,2.16,2.05,954,35,376,468
24627,70373,2794,2368,426,1809,559,2.70,2.80,2368,185,854,955
24628,70374,2822,2494,328,1893,601,2.62,2.76,2494,170,913,980
24629,70375,51,51,0,51,0,2.84,-,51,0,34,17
24630,70377,1559,1353,206,1092,261,2.84,2.84,1353,177,249,843
24631,70380,10096,8251,1845,5290,2961,2.53,2.53,8251,702,1794,3496
24632,70390,3132,2628,504,1865,763,2.70,2.91,2628,361,771,1094
24633,70391,92,92,0,38,54,4.63,1.54,92,0,38,0
24634,70392,3393,2909,484,1920,989,2.96,2.84,2909,374,867,1053
24635,70393,63,38,25,38,0,3.63,-,38,6,30,8
24636,70394,6165,5620,545,4457,1163,2.65,2.38,5620,621,1956,2501
24637,70395,1843,1641,202,1333,308,2.43,2.48,1641,63,684,649
24638,70397,501,323,178,276,47,2.96,-,323,23,114,162
24639,70401,9066,7632,1434,3695,3937,2.57,2.47,7632,657,2146,1549
24640,70402,0,0,0,0,0,-,-,0,0,0,0
24641,70403,12851,11266,1585,7615,3651,2.64,2.74,11266,886,4372,3243
24642,70420,3107,2933,174,2364,569,2.78,3.16,2933,57,1548,816
24643,70422,5780,4787,993,3275,1512,2.40,2.39,4787,204,1174,2101
24644,70426,2861,2140,721,1485,655,2.39,2.26,2140,163,433,1052
24645,70427,8474,6910,1564,4047,2863,2.68,2.45,6910,951,1555,2492
24646,70431,2193,2028,165,1955,73,2.48,3.00,2028,15,828,1127
24647,70433,17469,15989,1480,11388,4601,2.59,2.00,15989,881,7007,4381
24648,70435,8406,7525,881,6688,837,2.60,2.73,7525,277,4248,2440
24649,70436,205,175,30,152,23,2.28,5.26,175,28,57,95
24650,70437,3408,3057,351,2819,238,2.55,2.53,3057,129,1522,1297
24651,70438,9170,7698,1472,5703,1995,2.53,2.50,7698,631,2315,3388
24652,70441,2992,2187,805,1601,586,2.70,3.25,2187,338,371,1230
24653,70442,109,109,0,109,0,3.53,-,109,0,46,63
24654,70443,3310,2724,586,2109,615,3.01,3.06,2724,230,946,1163
24655,70444,4664,3835,829,3034,801,2.60,3.10,3835,331,1031,2003
24656,70445,4628,3977,651,3352,625,2.49,2.75,3977,98,1661,1691
24657,70446,2651,2354,297,2146,208,3.17,2.92,2354,92,1480,666
24658,70447,5861,5557,304,5203,354,3.11,2.73,5557,11,3939,1264
24659,70448,10324,9590,734,7658,1932,2.73,2.78,9590,210,5459,2199
24660,70449,1772,1233,539,1091,142,2.13,2.93,1233,59,514,577
24661,70450,1485,1117,368,831,286,2.55,1.86,1117,116,200,631
24662,70451,107,79,28,0,79,-,-,79,0,0,0
24663,70452,5413,4788,625,4131,657,2.78,2.22,4788,144,2554,1577
24664,70453,407,318,89,290,28,1.95,3.68,318,0,240,50
24665,70454,13382,12167,1215,9912,2255,2.50,2.67,12167,397,5790,4122
24666,70455,986,699,287,699,0,2.76,-,699,68,468,231
24667,70456,1181,946,235,835,111,2.73,6.61,946,20,355,480
24668,70457,0,0,0,0,0,-,-,0,0,0,0
24669,70458,16579,15246,1333,10887,4359,2.53,2.49,15246,766,6612,4275
24670,70460,8804,7896,908,6039,1857,2.79,2.60,7896,337,3621,2418
24671,70461,12810,11795,1015,8750,3045,2.82,2.38,11795,539,6010,2740
24672,70462,3021,1969,1052,1763,206,2.40,2.40,1969,91,799,964
24673,70463,65,57,8,37,20,2.43,1.45,57,4,10,27
24674,70464,89,68,21,48,20,3.83,3.25,68,18,48,0
24675,70465,233,152,81,111,41,3.43,3.95,152,23,56,55
24676,70466,4120,3453,667,2384,1069,2.94,3.42,3453,59,1298,1086
24677,70471,9492,8630,862,6582,2048,2.72,1.91,8630,313,4324,2258
24678,70501,12734,11037,1697,4910,6127,2.45,2.29,11037,2156,2481,2429
24679,70503,12984,11730,1254,8095,3635,2.47,2.16,11730,291,4643,3452
24680,70506,20064,17938,2126,9497,8441,2.25,2.20,17938,1592,4952,4545
24681,70507,7747,6964,783,4944,2020,2.65,2.58,6964,510,2626,2318
24682,70508,18380,16263,2117,10392,5871,2.64,2.08,16263,703,7004,3388
24683,70510,11526,9606,1920,6815,2791,2.53,2.56,9606,1162,2734,4081
24684,70512,4135,3801,334,2981,820,2.68,2.54,3801,182,1338,1643
24685,70513,126,68,58,26,42,2.00,1.81,68,0,26,0
24686,70514,999,751,248,350,401,2.74,2.07,751,240,88,262
24687,70515,1379,1080,299,806,274,3.10,2.88,1080,128,370,436
24688,70516,435,388,47,345,43,3.29,1.65,388,0,177,168
24689,70517,11747,9638,2109,7338,2300,2.74,2.86,9638,866,3399,3939
24690,70518,6358,5733,625,4566,1167,2.67,2.83,5733,334,2933,1633
24691,70519,67,67,0,67,0,1.27,-,67,48,19,48
24692,70520,8778,7765,1013,6369,1396,2.55,2.85,7765,447,3912,2457
24693,70522,74,74,0,74,0,9.57,-,74,0,74,0
24694,70523,244,217,27,148,69,2.86,2.62,217,7,35,113
24695,70524,166,114,52,62,52,2.00,1.46,114,13,7,55
24696,70525,5800,5222,578,3792,1430,2.96,2.49,5222,260,1676,2116
24697,70526,8074,6737,1337,4085,2652,2.42,2.60,6737,783,1495,2590
24698,70528,1035,900,135,723,177,2.81,2.86,900,42,353,370
24699,70529,6038,5520,518,4357,1163,2.43,2.45,5520,151,2285,2072
24700,70531,883,770,113,643,127,2.68,2.59,770,14,512,131
24701,70532,1277,1088,189,817,271,2.80,1.51,1088,120,194,623
24702,70533,2910,2565,345,2014,551,2.93,2.31,2565,197,919,1095
24703,70534,264,214,50,139,75,2.78,2.80,214,8,58,81
24704,70535,7361,6356,1005,4042,2314,2.52,2.76,6356,610,1768,2274
24705,70537,241,174,67,139,35,1.76,5.03,174,0,63,76
24706,70538,6280,4887,1393,3451,1436,2.73,2.49,4887,494,1296,2155
24707,70541,475,387,88,123,264,2.60,1.75,387,53,31,92
24708,70542,1612,1186,426,1024,162,2.91,1.59,1186,34,219,805
24709,70543,1670,1498,172,1171,327,2.58,2.63,1498,135,439,732
24710,70544,4677,3865,812,2958,907,2.88,2.04,3865,352,1253,1705
24711,70546,7508,6126,1382,4221,1905,2.80,2.21,6126,443,1805,2416
24712,70548,4516,3548,968,2750,798,2.66,2.41,3548,368,1135,1615
24713,70549,1589,1215,374,841,374,2.74,2.92,1215,116,334,507
24714,70550,28,0,28,0,0,-,-,0,0,0,0
24715,70551,222,197,25,180,17,3.91,1.59,197,2,41,139
24716,70552,427,367,60,234,133,2.94,2.53,367,26,56,178
24717,70554,2445,2084,361,1313,771,2.71,2.27,2084,194,671,642
24718,70555,3206,2867,339,2367,500,2.75,3.12,2867,46,1255,1112
24719,70556,414,358,56,291,67,2.06,3.04,358,29,47,244
24720,70558,62,24,38,0,24,-,-,24,0,0,0
24721,70559,1085,897,188,597,300,3.22,3.26,897,39,208,389
24722,70560,16683,14261,2422,8192,6069,2.68,2.53,14261,1931,3307,4885
24723,70563,8701,7852,849,6151,1701,2.48,2.80,7852,354,3473,2678
24724,70570,16971,14304,2667,10003,4301,2.56,2.77,14304,1372,4699,5304
24725,70575,0,0,0,0,0,-,-,0,0,0,0
24726,70576,434,351,83,206,145,2.66,2.88,351,27,77,129
24727,70577,2309,1570,739,1180,390,2.69,2.47,1570,72,484,696
24728,70578,7015,6200,815,4782,1418,2.75,2.61,6200,395,2343,2439
24729,70580,115,85,30,38,47,3.29,-,85,0,38,0
24730,70581,267,267,0,210,57,4.02,-,267,8,60,150
24731,70582,8906,7609,1297,5948,1661,2.73,2.15,7609,534,2484,3464
24732,70583,4531,3926,605,2908,1018,2.50,2.35,3926,392,1540,1368
24733,70584,2871,2473,398,1927,546,2.95,3.35,2473,252,825,1102
24734,70585,140,123,17,98,25,2.46,2.04,123,9,20,78
24735,70586,8873,7333,1540,4672,2661,2.63,2.57,7333,940,1676,2996
24736,70589,1455,1120,335,833,287,2.78,2.70,1120,71,266,567
24737,70591,2053,1658,395,1435,223,3.02,4.42,1658,58,531,904
24738,70592,9800,9161,639,7975,1186,2.96,3.18,9161,212,5854,2121
24739,70601,16624,13469,3155,7516,5953,2.52,2.52,13469,1352,3933,3583
24740,70605,17788,15508,2280,11677,3831,2.71,2.28,15508,679,6921,4756
24741,70607,13013,10538,2475,6220,4318,2.78,2.75,10538,753,3072,3148
24742,70609,0,0,0,0,0,-,-,0,0,0,0
24743,70611,8645,7700,945,6373,1327,2.79,1.99,7700,125,3940,2433
24744,70615,5564,4418,1146,2494,1924,2.67,2.96,4418,399,1227,1267
24745,70629,0,0,0,0,0,-,-,0,0,0,0
24746,70630,784,668,116,615,53,2.97,2.60,668,0,349,266
24747,70631,341,126,215,126,0,2.21,-,126,7,30,96
24748,70632,316,199,117,199,0,1.46,-,199,0,23,176
24749,70633,2961,2344,617,1915,429,3.10,4.78,2344,51,946,969
24750,70634,11290,9727,1563,7472,2255,2.69,2.47,9727,703,3548,3924
24751,70637,421,388,33,337,51,2.72,-,388,33,27,310
24752,70638,311,277,34,194,83,2.91,5.47,277,4,66,128
24753,70639,167,126,41,120,6,2.43,9.50,126,5,26,94
24754,70640,124,116,8,83,33,1.53,1.79,116,5,63,20
24755,70643,296,123,173,90,33,1.49,2.55,123,0,0,90
24756,70644,261,221,40,207,14,2.56,-,221,0,34,173
24757,70645,771,353,418,315,38,2.65,3.55,353,9,46,269
24758,70646,114,114,0,62,52,2.97,4.08,114,0,52,10
24759,70647,4567,3772,795,3101,671,3.07,2.85,3772,96,1857,1244
24760,70648,2860,2550,310,1912,638,2.49,2.05,2550,173,790,1122
24761,70650,66,66,0,10,56,-,1.93,66,0,0,10
24762,70651,86,62,24,39,23,-,8.30,62,23,0,39
24763,70652,741,551,190,470,81,2.92,1.88,551,43,139,331
24764,70653,1678,1320,358,1126,194,2.75,2.57,1320,100,367,759
24765,70654,36,36,0,36,0,3.75,-,36,0,0,36
24766,70655,1106,945,161,754,191,2.76,2.40,945,44,223,531
24767,70656,1761,1250,511,1070,180,2.44,3.06,1250,65,362,708
24768,70657,1905,1744,161,1652,92,2.81,4.28,1744,90,750,902
24769,70658,443,239,204,216,23,3.21,2.17,239,8,121,95
24770,70659,666,529,137,316,213,2.73,2.42,529,16,182,134
24771,70660,820,652,168,542,110,3.60,1.33,652,0,147,395
24772,70661,769,572,197,471,101,2.92,1.53,572,88,87,384
24773,70662,187,126,61,114,12,3.20,1.92,126,0,64,50
24774,70663,12812,10891,1921,8243,2648,2.85,2.69,10891,452,4143,4100
24775,70665,5205,4203,1002,3608,595,3.11,2.13,4203,118,1790,1818
24776,70668,2765,2188,577,1614,574,2.86,3.28,2188,78,555,1059
24777,70669,4472,3573,899,3012,561,2.67,2.52,3573,141,1249,1763
24778,70706,8149,7349,800,6324,1025,3.13,3.12,7349,133,4625,1699
24779,70710,2519,2228,291,1820,408,3.02,2.46,2228,121,1351,469
24780,70711,2159,1815,344,1452,363,2.94,2.83,1815,50,744,708
24781,70712,142,131,11,17,114,2.06,4.73,131,15,0,17
24782,70714,7594,6369,1225,4868,1501,2.80,3.04,6369,200,2892,1976
24783,70715,673,401,272,366,35,3.10,2.69,401,50,121,245
24784,70719,1509,1340,169,1118,222,2.60,2.95,1340,5,650,468
24785,70721,320,212,108,175,37,1.86,3.08,212,15,40,135
24786,70722,2569,2075,494,1673,402,2.36,2.15,2075,197,657,1016
24787,70723,564,398,166,338,60,2.53,2.75,398,52,136,202
24788,70725,687,616,71,578,38,2.47,2.03,616,0,220,358
24789,70726,23540,20141,3399,15425,4716,3.05,2.46,20141,905,9871,5554
24790,70729,302,241,61,224,17,3.59,2.71,241,0,52,172
24791,70730,1528,1309,219,1169,140,2.62,2.50,1309,32,457,712
24792,70732,564,413,151,364,49,2.90,2.53,413,23,108,256
24793,70733,858,480,378,356,124,2.47,2.09,480,8,141,215
24794,70734,2975,2954,21,2320,634,3.39,3.03,2954,90,1815,505
24795,70736,258,215,43,204,11,2.91,2.00,215,0,55,149
24796,70737,19258,17603,1655,13442,4161,2.66,2.20,17603,503,8131,5311
24797,70739,5134,4710,424,4454,256,2.82,3.40,4710,81,2914,1540
24798,70740,576,403,173,292,111,2.49,1.41,403,14,155,137
24799,70743,199,190,9,190,0,3.22,-,190,5,161,29
24800,70744,2278,1924,354,1810,114,3.22,2.54,1924,118,1073,737
24801,70747,281,172,109,50,122,2.38,1.86,172,12,11,39
24802,70748,2043,1682,361,1221,461,2.54,1.97,1682,144,505,716
24803,70749,918,613,305,422,191,2.12,1.77,613,0,188,234
24804,70750,696,540,156,404,136,2.43,2.45,540,23,131,273
24805,70752,308,263,45,211,52,3.00,1.54,263,37,131,80
24806,70753,354,270,84,247,23,2.10,10.39,270,34,46,201
24807,70754,4891,4484,407,3552,932,2.75,2.28,4484,280,2142,1410
24808,70755,655,604,51,505,99,2.63,1.56,604,15,191,314
24809,70756,188,188,0,158,30,4.54,4.73,188,0,14,144
24810,70757,1391,1240,151,898,342,2.03,1.44,1240,114,446,452
24811,70759,841,622,219,525,97,2.48,1.62,622,9,213,312
24812,70760,3375,2621,754,1781,840,2.55,2.30,2621,260,748,1033
24813,70761,415,240,175,188,52,1.93,3.04,240,40,70,118
24814,70762,474,294,180,267,27,2.79,-,294,0,132,135
24815,70763,1740,1658,82,1491,167,2.75,2.28,1658,18,788,703
24816,70764,7349,5923,1426,4653,1270,2.49,2.89,5923,426,1923,2730
24817,70767,6951,5984,967,4246,1738,2.37,2.99,5984,300,1771,2475
24818,70769,17079,16270,809,14818,1452,2.98,1.92,16270,160,10945,3873
24819,70770,1579,1387,192,1206,181,2.76,1.42,1387,34,369,837
24820,70772,500,411,89,401,10,2.80,-,411,33,270,131
24821,70773,105,73,32,16,57,2.44,2.70,73,0,0,16
24822,70774,4552,3589,963,3091,498,2.97,2.54,3589,92,1763,1328
24823,70775,4729,3560,1169,2661,899,3.03,2.88,3560,126,1319,1342
24824,70776,1540,1403,137,904,499,2.20,2.54,1403,31,571,333
24825,70777,1837,1583,254,1226,357,2.94,2.14,1583,48,660,566
24826,70778,1307,1181,126,1061,120,2.75,2.72,1181,41,690,371
24827,70780,403,403,0,356,47,2.96,1.91,403,22,207,149
24828,70782,48,48,0,32,16,3.53,2.38,48,8,2,30
24829,70783,1370,956,414,822,134,2.32,3.07,956,53,539,283
24830,70785,8450,7731,719,6693,1038,2.90,3.05,7731,247,4132,2561
24831,70786,0,0,0,0,0,-,-,0,0,0,0
24832,70787,126,113,13,64,49,2.73,1.73,113,30,0,64
24833,70788,1689,1486,203,863,623,2.68,2.88,1486,278,313,550
24834,70789,441,323,118,261,62,2.53,1.71,323,106,149,112
24835,70791,11767,10815,952,8859,1956,2.87,2.43,10815,421,6095,2764
24836,70801,231,189,42,0,189,-,1.21,189,7,0,0
24837,70802,14144,10088,4056,3392,6696,2.58,2.31,10088,2205,1078,2314
24838,70803,14,0,14,0,0,-,-,0,0,0,0
24839,70805,11415,8955,2460,4040,4915,3.04,2.70,8955,2195,2033,2007
24840,70806,14864,12499,2365,5598,6901,2.56,2.24,12499,1978,3638,1960
24841,70807,6478,5348,1130,2466,2882,2.74,2.86,5348,871,763,1703
24842,70808,17933,15472,2461,8292,7180,2.46,1.95,15472,925,4452,3840
24843,70809,13715,11832,1883,6485,5347,2.29,2.06,11832,628,4111,2374
24844,70810,19054,16214,2840,11634,4580,2.74,2.45,16214,760,7845,3789
24845,70811,5126,4615,511,2834,1781,3.33,2.97,4615,478,1740,1094
24846,70812,4677,3697,980,2672,1025,3.19,3.63,3697,229,1586,1086
24847,70813,0,0,0,0,0,-,-,0,0,0,0
24848,70814,5356,4360,996,2964,1396,2.70,2.52,4360,236,2100,864
24849,70815,11892,10540,1352,6919,3621,2.80,2.91,10540,850,4491,2428
24850,70816,20552,17452,3100,9089,8363,2.58,2.31,17452,676,6092,2997
24851,70817,13971,13399,572,10762,2637,2.62,2.55,13399,98,6530,4232
24852,70818,3857,3324,533,2732,592,2.81,3.93,3324,73,1698,1034
24853,70819,1587,1335,252,1123,212,2.82,3.01,1335,102,828,295
24854,70820,10686,7816,2870,2381,5435,2.59,2.52,7816,727,1683,698
24855,70825,0,0,0,0,0,-,-,0,0,0,0
24856,70836,408,241,167,0,241,-,1.67,241,15,0,0
24857,71001,2186,1756,430,1193,563,2.03,2.68,1756,235,343,850
24858,71002,133,92,41,69,23,2.55,1.57,92,0,11,58
24859,71003,569,437,132,345,92,2.29,2.51,437,31,137,208
24860,71004,272,202,70,150,52,2.81,2.27,202,16,76,74
24861,71006,5898,5403,495,4803,600,2.86,2.85,5403,45,2929,1874
24862,71007,770,527,243,481,46,2.28,4.48,527,0,193,288
24863,71008,402,207,195,153,54,2.93,1.39,207,14,53,100
24864,71009,91,44,47,44,0,1.95,-,44,0,21,23
24865,71016,730,626,104,491,135,2.34,3.60,626,45,136,355
24866,71018,735,470,265,344,126,2.85,2.33,470,50,94,250
24867,71019,3448,2672,776,1961,711,2.97,2.57,2672,183,756,1205
24868,71021,378,264,114,163,101,2.12,2.25,264,69,37,126
24869,71023,1871,1255,616,1100,155,2.46,2.19,1255,14,531,569
24870,71024,601,497,104,453,44,2.68,2.66,497,1,97,356
24871,71027,615,524,91,378,146,1.99,2.58,524,110,138,240
24872,71028,813,555,258,423,132,2.48,2.72,555,67,159,264
24873,71029,95,63,32,56,7,2.13,-,63,1,14,42
24874,71030,614,394,220,382,12,2.95,3.50,394,0,106,276
24875,71031,497,311,186,245,66,2.38,3.18,311,6,39,206
24876,71032,1075,883,192,743,140,2.99,2.64,883,9,290,453
24877,71033,1749,1642,107,1471,171,2.17,1.71,1642,12,833,638
24878,71034,152,105,47,93,12,2.71,4.17,105,0,53,40
24879,71037,8420,7622,798,6299,1323,2.81,3.10,7622,184,3652,2647
24880,71038,2094,1651,443,1102,549,2.18,2.84,1651,245,274,828
24881,71039,792,593,199,513,80,3.02,3.00,593,4,226,287
24882,71040,3278,2274,1004,1533,741,2.49,2.57,2274,235,528,1005
24883,71043,249,184,65,170,14,2.45,1.93,184,10,47,123
24884,71044,376,307,69,264,43,2.24,1.35,307,7,94,170
24885,71045,447,240,207,182,58,2.79,1.36,240,2,108,74
24886,71046,501,372,129,321,51,2.55,2.86,372,40,100,221
24887,71047,4308,3849,459,3370,479,3.02,2.21,3849,105,1457,1913
24888,71048,123,84,39,73,11,1.29,2.55,84,0,5,68
24889,71049,1773,1363,410,1003,360,2.40,3.38,1363,90,336,667
24890,71051,1468,996,472,858,138,2.10,2.75,996,0,362,496
24891,71052,4609,3603,1006,2140,1463,2.46,2.45,3603,752,769,1371
24892,71055,8563,7359,1204,4360,2999,2.31,2.49,7359,673,1720,2640
24893,71060,1395,1049,346,851,198,2.30,2.98,1049,178,392,459
24894,71061,876,716,160,405,311,2.35,2.32,716,60,156,249
24895,71063,387,309,78,247,62,2.41,1.76,309,21,106,141
24896,71064,1848,1249,599,1029,220,2.08,3.58,1249,209,191,838
24897,71065,510,402,108,287,115,2.26,2.41,402,74,39,248
24898,71066,25,13,12,5,8,7.60,-,13,0,0,5
24899,71067,1318,1089,229,626,463,3.49,2.81,1089,99,271,355
24900,71068,2035,1569,466,1209,360,2.09,3.03,1569,131,279,930
24901,71069,286,235,51,145,90,2.43,1.78,235,34,57,88
24902,71070,772,454,318,365,89,2.76,1.87,454,13,134,231
24903,71071,1084,946,138,706,240,2.33,2.53,946,163,270,436
24904,71072,822,605,217,530,75,2.46,2.25,605,7,281,249
24905,71073,959,906,53,638,268,2.83,2.18,906,58,278,360
24906,71075,3093,2330,763,1223,1107,2.30,2.69,2330,269,418,805
24907,71078,2730,2621,109,2227,394,2.74,2.98,2621,18,1444,783
24908,71079,35,35,0,29,6,-,-,35,6,0,29
24909,71082,2246,1922,324,1373,549,2.02,2.13,1922,270,332,1041
24910,71101,4760,3338,1422,915,2423,1.86,1.81,3338,1259,376,539
24911,71103,3184,2225,959,953,1272,2.24,2.71,2225,650,245,708
24912,71104,7293,5768,1525,2747,3021,2.46,2.05,5768,443,1773,974
24913,71105,11006,9643,1363,5105,4538,2.44,1.81,9643,525,3085,2020
24914,71106,15006,12373,2633,8012,4361,2.73,2.59,12373,1016,4667,3345
24915,71107,13687,12007,1680,7585,4422,2.55,3.14,12007,1057,3972,3613
24916,71108,8231,7093,1138,3179,3914,2.78,2.83,7093,972,1913,1266
24917,71109,9244,7149,2095,3149,4000,2.76,2.45,7149,1323,965,2184
24918,71110,1318,1042,276,0,1042,-,2.50,1042,5,0,0
24919,71111,18958,16339,2619,9391,6948,2.67,2.41,16339,1398,6204,3187
24920,71112,13926,12362,1564,7736,4626,2.78,2.45,12362,576,5187,2549
24921,71115,7543,6568,975,4007,2561,2.37,1.68,6568,450,2540,1467
24922,71118,10017,8920,1097,5493,3427,2.77,2.40,8920,608,3992,1501
24923,71119,4983,4500,483,3321,1179,2.28,2.62,4500,266,1620,1701
24924,71129,6696,5654,1042,3353,2301,2.64,1.98,5654,237,2310,1043
24925,71201,10051,8900,1151,4872,4028,2.62,2.11,8900,962,2707,2165
24926,71202,11170,8838,2332,4078,4760,2.32,3.05,8838,1788,1288,2790
24927,71203,16589,14326,2263,7817,6509,2.87,2.52,14326,1127,4805,3012
24928,71209,0,0,0,0,0,-,-,0,0,0,0
24929,71212,0,0,0,0,0,-,-,0,0,0,0
24930,71218,0,0,0,0,0,-,-,0,0,0,0
24931,71219,450,388,62,309,79,2.63,2.29,388,2,80,229
24932,71220,9397,7421,1976,4966,2455,2.93,2.50,7421,852,2100,2866
24933,71222,1586,1144,442,790,354,2.53,1.76,1144,105,292,498
24934,71223,225,147,78,86,61,3.07,2.56,147,9,20,66
24935,71225,3602,2721,881,2348,373,2.59,2.31,2721,66,1371,977
24936,71226,1166,721,445,496,225,2.58,3.09,721,105,139,357
24937,71227,1804,1553,251,1209,344,2.60,3.17,1553,34,499,710
24938,71229,725,540,185,431,109,2.01,1.36,540,82,131,300
24939,71230,0,0,0,0,0,-,-,0,0,0,0
24940,71232,2702,2166,536,1397,769,2.68,2.45,2166,163,473,924
24941,71233,96,56,40,30,26,3.23,3.85,56,0,6,24
24942,71234,1773,1310,463,1236,74,3.44,5.64,1310,12,486,750
24943,71235,1999,1691,308,1221,470,2.41,1.84,1691,91,583,638
24944,71237,520,420,100,278,142,2.51,2.23,420,4,65,213
24945,71238,1270,929,341,799,130,2.91,1.42,929,14,320,479
24946,71241,4130,2998,1132,2435,563,2.63,3.19,2998,183,919,1516
24947,71242,10,6,4,0,6,-,5.83,6,0,0,0
24948,71243,149,68,81,68,0,2.96,-,68,5,22,46
24949,71245,2130,1644,486,697,947,1.65,3.03,1644,225,196,501
24950,71247,675,470,205,300,170,2.39,3.11,470,45,53,247
24951,71250,104,22,82,17,5,2.24,-,22,0,0,17
24952,71251,3501,2634,867,1574,1060,2.66,2.48,2634,405,524,1050
24953,71253,224,198,26,136,62,1.93,1.53,198,9,18,118
24954,71254,2879,2040,839,1137,903,2.12,2.56,2040,321,237,900
24955,71256,337,275,62,234,41,3.57,4.61,275,19,43,191
24956,71259,859,769,90,651,118,2.30,3.37,769,10,222,429
24957,71260,1540,1144,396,934,210,2.55,1.99,1144,115,78,856
24958,71261,953,636,317,435,201,2.08,2.08,636,43,116,319
24959,71263,3217,2521,696,2053,468,2.57,2.91,2521,89,750,1303
24960,71264,588,456,132,364,92,2.04,6.07,456,0,109,255
24961,71266,792,600,192,466,134,2.65,3.37,600,21,172,294
24962,71268,1276,1070,206,954,116,2.38,3.53,1070,33,271,683
24963,71269,5059,4261,798,2598,1663,2.63,2.92,4261,276,1212,1386
24964,71270,13225,11984,1241,5733,6251,2.81,2.53,11984,1166,2981,2752
24965,71272,21,0,21,0,0,-,-,0,0,0,0
24966,71275,1566,1252,314,854,398,2.51,1.71,1252,100,245,609
24967,71276,81,26,55,20,6,2.00,4.83,26,0,7,13
24968,71277,896,665,231,461,204,2.65,3.02,665,26,166,295
24969,71279,56,56,0,0,56,-,-,56,0,0,0
24970,71280,2128,1704,424,1201,503,3.13,2.56,1704,60,629,572
24971,71282,4023,2826,1197,1662,1164,2.65,3.02,2826,392,573,1089
24972,71286,173,131,42,131,0,2.27,-,131,0,35,96
24973,71291,15753,13793,1960,9183,4610,2.61,2.45,13793,701,5030,4153
24974,71292,9889,7899,1990,5390,2509,2.74,2.55,7899,512,2320,3070
24975,71295,6066,5062,1004,3674,1388,2.41,3.07,5062,267,1323,2351
24976,71301,9797,7572,2225,3594,3978,2.68,2.49,7572,1231,1916,1678
24977,71302,6283,5171,1112,3074,2097,2.60,2.67,5171,836,1181,1893
24978,71303,9901,8709,1192,5069,3640,2.50,2.40,8709,521,2976,2093
24979,71316,60,29,31,29,0,2.55,-,29,0,12,17
24980,71320,165,79,86,71,8,1.28,-,79,0,10,61
24981,71322,2992,2209,783,1339,870,2.15,2.52,2209,303,335,1004
24982,71323,420,312,108,275,37,2.55,5.46,312,6,63,212
24983,71325,754,655,99,465,190,2.67,3.23,655,35,108,357
24984,71326,479,305,174,249,56,2.33,2.70,305,15,93,156
24985,71327,1614,1344,270,981,363,2.85,2.96,1344,53,609,372
24986,71328,3246,2886,360,2606,280,2.48,2.80,2886,184,1161,1445
24987,71330,29,29,0,29,0,1.34,-,29,0,9,20
24988,71331,422,395,27,368,27,2.43,4.48,395,8,192,176
24989,71333,371,239,132,189,50,2.06,2.28,239,4,93,96
24990,71334,4191,3032,1159,2136,896,2.73,3.26,3032,539,634,1502
24991,71336,852,653,199,496,157,2.01,2.45,653,13,148,348
24992,71339,7,7,0,7,0,2.00,-,7,0,0,7
24993,71340,562,391,171,321,70,2.43,1.67,391,19,61,260
24994,71341,1334,1077,257,689,388,3.62,2.28,1077,14,357,332
24995,71342,3377,2467,910,2052,415,2.63,2.60,2467,121,863,1189
24996,71343,3436,2391,1045,1886,505,2.60,2.65,2391,255,582,1304
24997,71345,55,55,0,0,55,-,4.05,55,28,0,0
24998,71346,1119,878,241,658,220,2.52,1.41,878,53,376,282
24999,71350,1871,1565,306,1138,427,2.41,2.37,1565,123,489,649
25000,71351,5736,4578,1158,3062,1516,2.50,2.31,4578,575,1303,1759
25001,71353,836,597,239,524,73,2.59,1.82,597,76,96,428
25002,71354,739,469,270,441,28,3.31,2.71,469,35,221,220
25003,71355,1311,987,324,809,178,2.54,2.13,987,44,338,471
25004,71356,260,236,24,191,45,3.20,-,236,37,72,119
25005,71357,1115,596,519,400,196,2.85,3.04,596,47,64,336
25006,71358,575,449,126,304,145,2.40,2.39,449,37,80,224
25007,71359,0,0,0,0,0,-,-,0,0,0,0
25008,71360,15367,13519,1848,8811,4708,2.58,2.63,13519,1096,4838,3973
25009,71362,943,774,169,568,206,2.68,2.02,774,114,226,342
25010,71366,1175,640,535,464,176,1.94,2.91,640,46,162,302
25011,71367,681,647,34,549,98,2.49,1.59,647,0,250,299
25012,71368,742,426,316,291,135,2.88,3.05,426,15,126,165
25013,71369,1170,935,235,682,253,2.17,2.30,935,142,287,395
25014,71371,973,682,291,600,82,3.71,3.66,682,5,392,208
25015,71373,3163,2217,946,1571,646,2.40,2.88,2217,131,781,790
25016,71375,536,266,270,166,100,4.85,3.00,266,37,24,142
25017,71378,1156,866,290,581,285,2.27,2.96,866,40,220,361
25018,71401,17,17,0,17,0,1.59,-,17,0,17,0
25019,71403,2175,1494,681,1199,295,2.69,2.78,1494,93,483,716
25020,71404,344,223,121,164,59,2.79,2.07,223,31,78,86
25021,71405,2368,2067,301,1703,364,2.86,2.65,2067,100,943,760
25022,71406,29,29,0,13,16,6.46,4.50,29,0,0,13
25023,71407,474,375,99,339,36,2.42,5.11,375,10,65,274
25024,71409,2709,1986,723,1403,583,2.27,3.30,1986,124,671,732
25025,71410,41,25,16,18,7,4.61,2.43,25,0,8,10
25026,71411,1735,1312,423,617,695,2.87,2.01,1312,116,142,475
25027,71414,129,98,31,19,79,3.42,2.10,98,2,9,10
25028,71415,144,122,22,66,56,1.45,3.88,122,7,25,41
25029,71416,477,313,164,151,162,2.60,2.84,313,8,23,128
25030,71417,2303,1790,513,1260,530,2.85,2.78,1790,266,631,629
25031,71418,2915,1911,1004,1259,652,2.54,3.04,1911,117,446,813
25032,71419,991,629,362,538,91,2.79,3.97,629,9,255,283
25033,71422,764,598,166,507,91,2.78,2.55,598,6,167,340
25034,71423,1922,1413,509,1147,266,2.96,3.23,1413,111,512,635
25035,71424,550,468,82,447,21,2.86,3.52,468,51,193,254
25036,71425,81,10,71,0,10,-,2.00,10,0,0,0
25037,71426,58,42,16,27,15,3.30,5.00,42,11,10,17
25038,71427,141,93,48,70,23,2.84,2.48,93,0,9,61
25039,71428,0,0,0,0,0,-,-,0,0,0,0
25040,71429,1987,1262,725,897,365,2.48,2.25,1262,80,314,583
25041,71430,1147,1066,81,761,305,2.85,3.10,1066,216,276,485
25042,71432,553,404,149,345,59,2.55,2.71,404,36,85,260
25043,71433,1869,1371,498,1065,306,2.67,2.42,1371,60,307,758
25044,71434,39,8,31,8,0,4.63,-,8,0,6,2
25045,71435,1598,1312,286,984,328,2.74,2.21,1312,167,450,534
25046,71438,649,519,130,444,75,2.33,2.53,519,17,222,222
25047,71439,831,667,164,534,133,3.27,2.71,667,54,152,382
25048,71441,420,341,79,278,63,2.54,1.41,341,42,0,278
25049,71446,10572,8259,2313,5328,2931,2.65,2.45,8259,859,2607,2721
25050,71447,807,493,314,309,184,2.98,2.03,493,33,69,240
25051,71449,5703,3199,2504,2066,1133,2.78,2.14,3199,304,811,1255
25052,71450,640,420,220,301,119,2.24,1.47,420,16,18,283
25053,71452,185,93,92,14,79,2.93,1.62,93,0,4,10
25054,71454,1347,839,508,614,225,2.81,2.11,839,70,187,427
25055,71455,127,82,45,36,46,3.00,4.59,82,15,0,36
25056,71456,682,464,218,284,180,1.71,2.15,464,58,153,131
25057,71457,11490,9119,2371,4611,4508,2.97,2.58,9119,899,2258,2353
25058,71459,3686,3189,497,5,3184,3.40,2.78,3189,77,5,0
25059,71461,1165,995,170,473,522,2.37,2.41,995,113,294,179
25060,71462,1006,674,332,535,139,2.91,2.08,674,38,193,342
25061,71463,3842,2862,980,2019,843,2.24,2.87,2862,242,885,1134
25062,71465,1372,1050,322,828,222,3.25,3.56,1050,70,302,526
25063,71466,244,244,0,194,50,2.05,6.10,244,0,70,124
25064,71467,2447,1840,607,1433,407,2.96,3.25,1840,86,719,714
25065,71468,389,306,83,215,91,1.88,2.29,306,3,119,96
25066,71469,1375,836,539,495,341,3.22,2.20,836,58,140,355
25067,71472,82,82,0,82,0,4.29,-,82,0,46,36
25068,71473,285,158,127,145,13,2.72,-,158,0,83,62
25069,71474,224,147,77,117,30,2.65,4.03,147,10,63,54
25070,71475,2,2,0,2,0,4.50,-,2,0,2,0
25071,71479,328,243,85,182,61,2.37,4.84,243,7,72,110
25072,71480,274,224,50,199,25,2.44,3.92,224,11,37,162
25073,71483,4496,3235,1261,2062,1173,2.55,2.39,3235,336,723,1339
25074,71485,1123,1000,123,823,177,2.82,3.58,1000,37,422,401
25075,71486,2846,1907,939,1399,508,2.88,2.46,1907,129,523,876
25076,71497,501,230,271,4,226,3.75,2.45,230,117,0,4
25077,71601,6630,4859,1771,2535,2324,2.32,2.81,4859,687,928,1607
25078,71602,7303,5711,1592,3564,2147,2.65,2.80,5711,160,1823,1741
25079,71603,13984,11659,2325,7874,3785,2.53,2.30,11659,995,4012,3862
25080,71630,260,189,71,149,40,2.28,2.80,189,13,31,118
25081,71631,461,238,223,202,36,2.90,1.17,238,31,66,136
25082,71635,5464,4184,1280,2935,1249,2.71,2.30,4184,374,1145,1790
25083,71638,1440,1143,297,804,339,2.23,2.62,1143,103,191,613
25084,71639,2821,2318,503,1475,843,2.23,2.77,2318,307,535,940
25085,71640,1462,1175,287,747,428,1.86,3.30,1175,251,205,542
25086,71642,382,271,111,223,48,3.28,1.17,271,31,61,162
25087,71643,652,478,174,343,135,2.26,1.87,478,78,60,283
25088,71644,370,223,147,180,43,1.71,1.84,223,21,103,77
25089,71646,2783,2319,464,1800,519,3.03,1.95,2319,138,614,1186
25090,71647,1042,647,395,476,171,3.06,2.08,647,39,132,344
25091,71651,71,28,43,28,0,1.25,-,28,0,0,28
25092,71652,515,356,159,288,68,2.98,3.63,356,19,91,197
25093,71653,2280,1745,535,1267,478,2.47,2.64,1745,184,570,697
25094,71654,2131,1813,318,1115,698,2.58,2.46,1813,307,579,536
25095,71655,6796,5716,1080,3642,2074,2.38,2.27,5716,547,1937,1705
25096,71658,309,208,101,153,55,2.60,2.96,208,18,34,119
25097,71659,11,11,0,11,0,-,-,11,0,11,0
25098,71660,413,343,70,262,81,2.55,2.49,343,0,85,177
25099,71661,176,98,78,58,40,3.41,2.23,98,5,15,43
25100,71662,79,24,55,0,24,-,3.63,24,0,0,0
25101,71663,328,231,97,194,37,2.48,3.41,231,18,96,98
25102,71665,2466,1871,595,1486,385,2.83,2.37,1871,200,567,919
25103,71666,8,8,0,0,8,-,-,8,0,0,0
25104,71667,3272,2523,749,2052,471,2.57,2.61,2523,63,931,1121
25105,71670,620,507,113,378,129,1.86,2.19,507,22,80,298
25106,71671,3712,2912,800,1823,1089,3.31,2.16,2912,244,797,1026
25107,71674,350,243,107,193,50,2.50,1.62,243,18,37,156
25108,71675,931,768,163,684,84,2.30,2.76,768,29,185,499
25109,71676,353,196,157,150,46,2.91,1.98,196,32,46,104
25110,71677,69,51,18,45,6,1.93,2.17,51,7,8,37
25111,71678,0,0,0,0,0,-,-,0,0,0,0
25112,71701,8686,6560,2126,4548,2012,2.75,2.42,6560,735,2221,2327
25113,71720,1150,883,267,596,287,2.39,2.05,883,107,230,366
25114,71721,0,0,0,0,0,-,-,0,0,0,0
25115,71722,31,25,6,19,6,1.63,-,25,4,0,19
25116,71724,213,137,76,97,40,2.59,2.80,137,13,30,67
25117,71725,336,140,196,111,29,2.00,1.79,140,9,42,69
25118,71726,969,500,469,449,51,1.90,3.45,500,39,80,369
25119,71728,24,24,0,24,0,2.46,-,24,0,24,0
25120,71730,13490,11034,2456,7752,3282,2.60,2.67,11034,633,3680,4072
25121,71740,684,417,267,326,91,3.33,4.68,417,4,186,140
25122,71742,2248,1501,747,1043,458,2.77,2.58,1501,130,367,676
25123,71743,1692,1284,408,851,433,2.75,2.30,1284,73,264,587
25124,71744,1684,1054,630,858,196,2.84,3.06,1054,72,238,620
25125,71745,83,47,36,45,2,4.07,4.00,47,0,21,24
25126,71747,730,365,365,346,19,3.37,2.16,365,9,92,254
25127,71748,69,31,38,31,0,2.42,-,31,0,22,9
25128,71749,1674,1312,362,1135,177,2.65,2.03,1312,67,309,826
25129,71751,435,327,108,307,20,2.47,6.95,327,0,86,221
25130,71752,493,303,190,224,79,2.02,2.77,303,20,69,155
25131,71753,7470,5540,1930,3698,1842,2.73,2.62,5540,244,1673,2025
25132,71758,190,59,131,59,0,3.10,-,59,0,0,59
25133,71759,225,165,60,164,1,2.49,6.00,165,3,24,140
25134,71762,1427,1112,315,862,250,2.69,2.26,1112,145,363,499
25135,71763,862,577,285,472,105,2.92,3.09,577,61,189,283
25136,71764,956,520,436,461,59,3.27,2.61,520,15,163,298
25137,71765,1273,941,332,849,92,2.44,1.17,941,33,333,516
25138,71766,330,180,150,167,13,3.18,7.15,180,5,38,129
25139,71770,1878,1188,690,1048,140,2.59,2.44,1188,55,244,804
25140,71772,10,7,3,7,0,2.43,-,7,0,0,7
25141,71801,7037,5740,1297,3622,2118,2.68,2.80,5740,609,1721,1901
25142,71820,44,38,6,38,0,3.39,-,38,0,32,6
25143,71822,3894,3154,740,2518,636,2.39,2.74,3154,222,1128,1390
25144,71823,24,18,6,16,2,3.88,2.00,18,0,12,4
25145,71825,176,125,51,105,20,3.11,4.40,125,0,46,59
25146,71826,547,395,152,301,94,2.37,2.98,395,57,54,247
25147,71827,400,350,50,297,53,2.93,1.06,350,21,66,231
25148,71831,28,21,7,21,0,3.62,-,21,0,0,21
25149,71832,4054,3521,533,2066,1455,3.06,2.89,3521,146,984,1082
25150,71833,997,806,191,670,136,2.18,2.02,806,31,247,423
25151,71834,728,555,173,555,0,2.73,-,555,0,89,466
25152,71835,517,355,162,324,31,2.87,3.03,355,8,98,226
25153,71836,1416,1071,345,901,170,2.76,2.81,1071,81,360,541
25154,71837,1855,1541,314,1266,275,2.84,4.20,1541,35,445,821
25155,71838,654,446,208,356,90,2.21,2.43,446,17,107,249
25156,71839,303,226,77,135,91,2.34,1.40,226,55,26,109
25157,71841,535,288,247,260,28,2.75,2.75,288,45,102,158
25158,71842,988,781,207,562,219,2.46,3.30,781,49,272,290
25159,71845,1116,697,419,480,217,2.63,2.86,697,39,221,259
25160,71846,1203,904,299,644,260,2.86,2.72,904,28,206,438
25161,71847,306,165,141,155,10,2.08,3.10,165,50,26,129
25162,71851,1034,843,191,610,233,2.48,2.29,843,46,273,337
25163,71852,4535,3935,600,2691,1244,2.59,2.45,3935,125,1152,1539
25164,71853,177,144,33,113,31,1.50,2.39,144,4,51,62
25165,71854,16860,13918,2942,8596,5322,2.57,2.40,13918,1343,4088,4508
25166,71855,266,138,128,119,19,1.96,2.63,138,0,25,94
25167,71857,2721,1895,826,1119,776,2.86,2.34,1895,143,324,795
25168,71858,865,699,166,587,112,2.73,2.26,699,27,207,380
25169,71859,275,195,80,145,50,1.59,2.32,195,12,35,110
25170,71860,1291,822,469,673,149,2.34,2.74,822,85,230,443
25171,71861,1398,717,681,572,145,2.69,2.11,717,10,200,372
25172,71862,384,290,94,236,54,1.89,3.41,290,0,59,177
25173,71864,29,23,6,21,2,2.29,5.00,23,0,7,14
25174,71865,145,114,31,81,33,1.83,4.42,114,8,29,52
25175,71866,413,232,181,188,44,2.69,1.66,232,11,134,54
25176,71901,14666,11829,2837,7331,4498,2.57,2.00,11829,1264,4095,3236
25177,71909,10638,9027,1611,7660,1367,1.93,2.28,9027,420,3249,4411
25178,71913,24774,19744,5030,12674,7070,2.32,2.44,19744,1230,7019,5655
25179,71921,1599,1165,434,914,251,3.29,2.61,1165,25,456,458
25180,71922,82,67,15,31,36,3.06,2.47,67,0,12,19
25181,71923,7103,5887,1216,3324,2563,2.47,2.01,5887,295,1766,1558
25182,71929,2020,1715,305,1609,106,2.52,3.15,1715,73,1055,554
25183,71933,615,507,108,353,154,2.31,2.03,507,0,149,204
25184,71935,392,279,113,268,11,2.06,1.27,279,0,61,207
25185,71937,1050,862,188,662,200,2.58,2.84,862,41,241,421
25186,71940,773,639,134,530,109,2.43,2.28,639,30,98,432
25187,71941,970,808,162,647,161,2.38,3.66,808,44,272,375
25188,71942,62,51,11,45,6,3.22,-,51,0,28,17
25189,71943,1837,1625,212,1109,516,2.40,2.29,1625,108,574,535
25190,71944,336,263,73,212,51,3.02,3.20,263,17,78,134
25191,71945,703,621,82,467,154,2.09,2.08,621,20,58,409
25192,71949,822,477,345,352,125,1.87,1.91,477,0,82,270
25193,71950,478,249,229,179,70,2.03,3.51,249,5,57,122
25194,71952,17,17,0,17,0,2.47,-,17,0,0,17
25195,71953,6798,5377,1421,4232,1145,2.34,2.70,5377,268,1838,2394
25196,71956,815,632,183,477,155,2.19,2.38,632,49,166,311
25197,71957,2249,1312,937,996,316,2.20,2.13,1312,53,416,580
25198,71958,1486,991,495,765,226,2.35,2.24,991,17,324,441
25199,71959,296,203,93,175,28,3.58,2.25,203,20,56,119
25200,71960,741,539,202,443,96,2.31,2.14,539,39,78,365
25201,71961,619,446,173,363,83,2.59,2.55,446,8,117,246
25202,71962,448,321,127,274,47,2.92,2.40,321,19,100,174
25203,71964,2087,2002,85,1732,270,2.42,2.34,2002,70,962,770
25204,71965,172,116,56,55,61,1.96,2.05,116,21,14,41
25205,71968,2477,1998,479,1734,264,2.75,2.66,1998,29,937,797
25206,71969,194,147,47,121,26,1.82,2.12,147,0,59,62
25207,71970,433,244,189,244,0,2.43,-,244,0,134,110
25208,71971,286,221,65,144,77,1.93,1.64,221,11,35,109
25209,71972,141,122,19,90,32,4.00,1.75,122,4,58,32
25210,71973,713,570,143,362,208,3.29,2.70,570,63,135,227
25211,71998,26,0,26,0,0,-,-,0,0,0,0
25212,71999,0,0,0,0,0,-,-,0,0,0,0
25213,72001,338,292,46,224,68,2.15,1.90,292,13,55,169
25214,72002,7732,7044,688,6128,916,2.71,3.03,7044,273,4203,1925
25215,72003,335,286,49,246,40,2.95,2.80,286,13,118,128
25216,72004,396,297,99,212,85,2.75,2.19,297,21,71,141
25217,72005,64,43,21,40,3,2.50,-,43,0,24,16
25218,72006,1249,969,280,702,267,2.09,2.82,969,60,249,453
25219,72007,3535,3207,328,2666,541,2.81,2.76,3207,36,1894,772
25220,72010,2706,2222,484,1527,695,2.64,2.31,2222,171,626,901
25221,72011,1766,1649,117,1392,257,2.74,3.35,1649,0,702,690
25222,72012,5692,4800,892,3393,1407,2.81,2.50,4800,74,2032,1361
25223,72013,1061,860,201,581,279,2.52,1.89,860,12,308,273
25224,72014,27,16,11,15,1,2.87,2.00,16,0,10,5
25225,72015,11881,10815,1066,7573,3242,2.45,2.52,10815,608,5215,2358
25226,72016,1213,979,234,761,218,2.53,3.41,979,30,451,310
25227,72017,289,214,75,139,75,1.92,2.12,214,4,29,110
25228,72019,11447,10743,704,8295,2448,2.72,2.43,10743,200,5293,3002
25229,72020,1602,1252,350,1029,223,2.90,2.36,1252,69,310,719
25230,72021,1850,1476,374,894,582,2.27,2.70,1476,178,303,591
25231,72022,7351,7135,216,4934,2201,2.60,1.93,7135,325,3331,1603
25232,72023,14562,13635,927,9623,4012,2.68,2.60,13635,420,6484,3139
25233,72024,1826,1567,259,1312,255,2.63,2.62,1567,77,645,667
25234,72025,371,310,61,282,28,2.35,2.46,310,7,60,222
25235,72026,161,65,96,44,21,2.64,5.33,65,0,11,33
25236,72027,629,587,42,476,111,2.63,1.55,587,81,154,322
25237,72028,0,0,0,0,0,-,-,0,0,0,0
25238,72029,873,639,234,390,249,3.21,2.01,639,129,115,275
25239,72030,403,396,7,339,57,2.07,2.91,396,0,137,202
25240,72031,3636,2662,974,1892,770,2.62,1.87,2662,306,783,1109
25241,72032,14340,12940,1400,7789,5151,2.56,2.41,12940,642,5057,2732
25242,72034,21230,19259,1971,9445,9814,2.64,2.18,19259,958,6588,2857
25243,72035,0,0,0,0,0,-,-,0,0,0,0
25244,72036,438,269,169,170,99,2.40,1.89,269,38,21,149
25245,72038,82,53,29,47,6,2.00,-,53,0,17,30
25246,72039,968,835,133,713,122,3.01,2.50,835,49,364,349
25247,72040,1192,993,199,641,352,2.31,2.00,993,30,288,353
25248,72041,709,525,184,402,123,2.17,2.96,525,33,85,317
25249,72042,2531,2059,472,1498,561,2.33,2.44,2059,155,501,997
25250,72044,785,440,345,398,42,3.08,2.02,440,0,205,193
25251,72045,660,509,151,446,63,2.21,3.30,509,13,205,241
25252,72046,1937,1636,301,1040,596,2.49,2.45,1636,66,428,612
25253,72047,414,323,91,280,43,2.79,1.35,323,34,129,151
25254,72048,60,18,42,18,0,4.28,-,18,0,6,12
25255,72051,280,151,129,108,43,4.28,1.53,151,43,36,72
25256,72052,50,38,12,28,10,2.50,4.40,38,6,19,9
25257,72053,87,62,25,24,38,2.63,3.29,62,38,0,24
25258,72055,388,261,127,206,55,2.27,3.35,261,3,68,138
25259,72057,565,479,86,438,41,2.65,3.78,479,0,82,356
25260,72058,7074,6484,590,5073,1411,2.93,2.71,6484,274,3378,1695
25261,72059,67,27,40,27,0,1.70,-,27,15,12,15
25262,72060,335,257,78,231,26,2.28,2.15,257,8,55,176
25263,72061,56,37,19,37,0,2.08,-,37,0,13,24
25264,72063,804,714,90,592,122,2.37,3.00,714,41,183,409
25265,72064,1203,1018,185,768,250,2.70,2.64,1018,18,426,342
25266,72065,2360,1963,397,1622,341,2.83,2.80,1963,78,1089,533
25267,72066,52,52,0,29,23,4.48,2.87,52,0,0,29
25268,72067,2878,1253,1625,964,289,1.97,2.21,1253,61,407,557
25269,72068,347,307,40,183,124,2.77,3.68,307,5,86,97
25270,72069,834,484,350,321,163,2.09,2.11,484,60,73,248
25271,72070,1020,713,307,586,127,2.49,3.59,713,132,213,373
25272,72072,183,140,43,126,14,2.32,2.00,140,7,47,79
25273,72073,531,294,237,197,97,2.80,2.91,294,21,105,92
25274,72074,62,39,23,35,4,3.40,-,39,4,22,13
25275,72075,3,1,2,1,0,3.00,-,1,0,0,1
25276,72076,18076,15490,2586,8216,7274,2.67,2.33,15490,1078,5042,3174
25277,72079,211,165,46,165,0,3.15,-,165,0,82,83
25278,72080,266,199,67,194,5,2.24,-,199,0,83,111
25279,72081,3091,2822,269,1857,965,2.68,2.63,2822,160,891,966
25280,72082,938,821,117,400,421,3.38,2.08,821,78,127,273
25281,72083,111,87,24,60,27,2.45,2.48,87,5,20,40
25282,72084,512,373,139,302,71,3.42,3.31,373,10,84,218
25283,72085,117,113,4,61,52,2.03,2.90,113,18,21,40
25284,72086,4753,4348,405,3236,1112,2.67,2.68,4348,463,1826,1410
25285,72087,726,639,87,613,26,2.54,2.69,639,155,223,390
25286,72088,2261,1383,878,1218,165,1.66,1.13,1383,63,469,749
25287,72099,0,0,0,0,0,-,-,0,0,0,0
25288,72101,1421,1249,172,866,383,2.63,2.09,1249,106,407,459
25289,72102,1237,1130,107,952,178,2.51,2.26,1130,55,532,420
25290,72103,5929,5248,681,4174,1074,2.70,2.94,5248,191,2193,1981
25291,72104,9721,8223,1498,6022,2201,2.64,2.53,8223,412,3144,2878
25292,72106,2582,2120,462,1645,475,2.83,2.71,2120,107,950,695
25293,72107,43,21,22,21,0,2.19,-,21,0,13,8
25294,72108,21,0,21,0,0,-,-,0,0,0,0
25295,72110,5282,4684,598,2535,2149,2.57,2.29,4684,491,1275,1260
25296,72111,553,464,89,416,48,2.70,2.46,464,15,266,150
25297,72112,4404,3771,633,2379,1392,2.42,2.12,3771,315,1021,1358
25298,72113,12097,11348,749,6625,4723,2.65,2.04,11348,251,4516,2109
25299,72114,6529,4849,1680,1310,3539,2.28,2.04,4849,1142,516,794
25300,72116,10177,9388,789,6376,3012,2.31,1.94,9388,524,3913,2463
25301,72117,6621,5465,1156,3447,2018,2.62,2.62,5465,494,2459,988
25302,72118,10166,8992,1174,5260,3732,2.42,2.44,8992,578,3185,2075
25303,72119,0,0,0,0,0,-,-,0,0,0,0
25304,72120,14995,13654,1341,9672,3982,2.51,2.27,13654,272,6759,2913
25305,72121,1516,1201,315,898,303,2.58,2.66,1201,96,547,351
25306,72122,440,440,0,410,30,2.50,2.57,440,0,123,287
25307,72123,173,129,44,85,44,2.64,2.00,129,21,37,48
25308,72125,376,306,70,240,66,2.65,2.41,306,14,97,143
25309,72126,1815,1330,485,990,340,3.00,2.33,1330,68,491,499
25310,72127,1118,950,168,801,149,2.25,2.77,950,20,389,412
25311,72128,326,274,52,205,69,2.97,2.26,274,4,115,90
25312,72129,541,457,84,416,41,2.87,1.41,457,2,103,313
25313,72130,171,140,31,99,41,3.58,1.46,140,12,17,82
25314,72131,2452,1831,621,1505,326,2.23,2.90,1831,30,573,932
25315,72132,1459,1256,203,964,292,2.67,3.13,1256,28,427,537
25316,72133,64,12,52,0,12,-,-,12,0,0,0
25317,72134,305,238,67,200,38,1.72,4.45,238,0,113,87
25318,72135,1469,1376,93,1178,198,2.51,2.00,1376,0,663,515
25319,72136,769,769,0,636,133,2.73,4.77,769,14,154,482
25320,72137,920,799,121,679,120,2.69,3.45,799,42,285,394
25321,72139,131,118,13,56,62,2.00,2.84,118,11,23,33
25322,72140,192,106,86,86,20,2.90,3.85,106,0,35,51
25323,72141,269,171,98,116,55,3.09,2.84,171,0,55,61
25324,72142,1160,933,227,838,95,2.38,3.47,933,15,419,419
25325,72143,14689,12595,2094,7997,4598,2.54,2.27,12595,951,4662,3335
25326,72150,5356,4767,589,3492,1275,2.51,2.67,4767,171,1821,1671
25327,72152,316,264,52,164,100,1.51,2.39,264,23,99,65
25328,72153,1731,1280,451,1118,162,3.01,1.88,1280,34,709,409
25329,72156,241,230,11,213,17,2.38,-,230,0,166,47
25330,72157,585,478,107,383,95,2.37,2.72,478,18,144,239
25331,72160,4548,3546,1002,2114,1432,2.86,2.31,3546,394,1147,967
25332,72165,28,28,0,16,12,2.06,4.33,28,0,0,16
25333,72166,238,73,165,69,4,2.58,-,73,0,14,55
25334,72167,639,566,73,503,63,2.47,2.38,566,52,290,213
25335,72168,167,72,95,61,11,4.15,2.73,72,2,18,43
25336,72169,44,34,10,29,5,2.41,2.00,34,2,1,28
25337,72170,142,135,7,125,10,2.01,1.90,135,0,78,47
25338,72173,3816,3522,294,3075,447,2.74,2.85,3522,55,1704,1371
25339,72175,214,148,66,92,56,2.46,3.75,148,2,20,72
25340,72176,3505,3183,322,2125,1058,2.91,2.99,3183,91,1659,466
25341,72178,20,17,3,17,0,1.82,-,17,0,2,15
25342,72179,217,140,77,117,23,2.70,-,140,0,50,67
25343,72180,20,20,0,20,0,4.65,-,20,0,8,12
25344,72181,6,6,0,6,0,-,-,6,0,0,6
25345,72182,163,81,82,57,24,1.40,-,81,0,19,38
25346,72183,0,0,0,0,0,-,-,0,0,0,0
25347,72199,0,0,0,0,0,-,-,0,0,0,0
25348,72201,627,553,74,136,417,1.57,1.59,553,93,92,44
25349,72202,7188,5219,1969,1559,3660,2.15,1.60,5219,722,849,710
25350,72204,14527,12219,2308,7146,5073,2.36,2.47,12219,1570,4130,3016
25351,72205,12290,10422,1868,5001,5421,2.10,1.86,10422,873,3363,1638
25352,72206,10373,8300,2073,5454,2846,2.65,2.51,8300,1122,2569,2885
25353,72207,5994,5329,665,3771,1558,2.22,1.94,5329,143,2369,1402
25354,72209,13639,11739,1900,5365,6374,2.76,2.93,11739,1167,3518,1847
25355,72210,6782,6197,585,3818,2379,2.48,2.24,6197,304,2290,1528
25356,72211,12088,10803,1285,5686,5117,2.35,1.95,10803,470,3987,1699
25357,72212,5285,5111,174,4418,693,2.48,2.69,5111,157,2773,1645
25358,72223,11562,10790,772,6643,4147,2.63,1.97,10790,224,4588,2055
25359,72227,5700,5032,668,3305,1727,2.56,2.03,5032,329,2311,994
25360,72301,11108,9796,1312,4569,5227,2.40,2.55,9796,1406,2727,1842
25361,72311,56,36,20,31,5,1.84,1.40,36,2,15,16
25362,72313,0,0,0,0,0,-,-,0,0,0,0
25363,72315,10204,7927,2277,4638,3289,2.64,2.46,7927,751,2447,2191
25364,72320,93,30,63,30,0,2.83,-,30,0,5,25
25365,72322,22,17,5,17,0,2.71,-,17,0,4,13
25366,72324,1133,878,255,629,249,2.51,2.46,878,61,271,358
25367,72325,3,3,0,1,2,4.00,4.00,3,0,1,0
25368,72326,1051,946,105,597,349,2.42,2.17,946,58,244,353
25369,72327,663,561,102,434,127,2.76,1.72,561,55,186,248
25370,72328,31,16,15,0,16,-,2.75,16,0,0,0
25371,72329,0,0,0,0,0,-,-,0,0,0,0
25372,72330,239,172,67,135,37,3.60,3.32,172,16,45,90
25373,72331,1264,929,335,507,422,2.50,2.67,929,208,204,303
25374,72332,46,46,0,7,39,1.43,3.38,46,20,5,2
25375,72333,208,165,43,116,49,2.05,2.10,165,29,33,83
25376,72335,6499,5424,1075,2568,2856,2.45,2.69,5424,854,1077,1491
25377,72338,14,14,0,5,9,-,-,14,0,0,5
25378,72339,80,74,6,62,12,2.27,1.33,74,6,8,54
25379,72340,67,42,25,42,0,2.14,-,42,0,0,42
25380,72341,117,92,25,41,51,2.22,2.18,92,2,2,39
25381,72342,2396,1626,770,558,1068,2.60,2.25,1626,470,261,297
25382,72346,243,209,34,180,29,2.90,3.07,209,16,44,136
25383,72347,361,319,42,198,121,2.47,3.12,319,4,82,116
25384,72348,1473,1007,466,644,363,2.40,1.76,1007,129,406,238
25385,72350,462,405,57,230,175,2.29,2.64,405,54,97,133
25386,72351,433,300,133,166,134,2.32,2.64,300,10,49,117
25387,72352,8,5,3,5,0,1.20,-,5,0,5,0
25388,72353,35,13,22,13,0,1.46,-,13,0,0,13
25389,72354,1060,866,194,574,292,2.51,3.13,866,63,248,326
25390,72355,978,816,162,583,233,2.45,2.09,816,74,147,436
25391,72358,608,487,121,309,178,2.92,2.74,487,67,67,242
25392,72359,196,153,43,91,62,1.47,2.42,153,23,49,42
25393,72360,2711,1975,736,1099,876,2.31,3.11,1975,481,324,775
25394,72364,6355,5792,563,4008,1784,2.81,2.67,5792,109,2882,1126
25395,72365,1204,996,208,655,341,2.40,2.26,996,122,227,428
25396,72366,1121,849,272,566,283,2.59,2.74,849,49,127,439
25397,72367,7,0,7,0,0,-,-,0,0,0,0
25398,72368,557,441,116,345,96,2.63,3.45,441,43,124,221
25399,72369,0,0,0,0,0,-,-,0,0,0,0
25400,72370,3443,2829,614,1332,1497,2.61,2.54,2829,522,593,739
25401,72372,721,668,53,495,173,2.70,2.23,668,75,179,316
25402,72373,554,368,186,200,168,2.43,2.55,368,90,46,154
25403,72374,278,260,18,196,64,2.09,3.38,260,0,87,109
25404,72376,659,584,75,502,82,2.65,1.50,584,10,141,361
25405,72377,23,23,0,0,23,-,-,23,23,0,0
25406,72379,28,6,22,6,0,1.83,-,6,0,0,6
25407,72383,44,44,0,44,0,1.59,-,44,0,0,44
25408,72384,352,277,75,165,112,3.34,2.41,277,33,80,85
25409,72386,788,616,172,443,173,2.56,2.67,616,35,178,265
25410,72387,0,0,0,0,0,-,-,0,0,0,0
25411,72389,203,190,13,110,80,1.95,3.96,190,47,20,90
25412,72390,3427,2473,954,1225,1248,2.70,3.27,2473,339,442,783
25413,72391,18,18,0,18,0,2.78,-,18,0,18,0
25414,72392,197,171,26,141,30,3.33,3.53,171,31,17,124
25415,72394,219,104,115,78,26,2.78,5.00,104,3,28,50
25416,72395,588,515,73,316,199,2.23,2.90,515,43,231,85
25417,72396,5527,4748,779,3115,1633,2.72,2.47,4748,362,1682,1433
25418,72401,18717,16785,1932,7756,9029,2.59,2.27,16785,1646,4097,3659
25419,72404,12323,11396,927,7645,3751,2.64,2.53,11396,429,5304,2341
25420,72405,6479,5950,529,3884,2066,2.74,2.68,5950,156,2450,1434
25421,72410,189,135,54,85,50,2.41,2.50,135,0,37,48
25422,72411,1169,1058,111,594,464,2.87,2.83,1058,14,245,349
25423,72412,236,204,32,196,8,2.41,-,204,0,41,155
25424,72413,360,245,115,190,55,1.98,2.89,245,13,55,135
25425,72414,158,142,16,83,59,2.40,1.98,142,3,40,43
25426,72415,498,398,100,335,63,3.29,2.84,398,17,145,190
25427,72416,2289,1973,316,1464,509,2.70,2.22,1973,19,843,621
25428,72417,2153,2018,135,1304,714,2.98,2.28,2018,48,822,482
25429,72419,766,690,76,499,191,2.72,2.19,690,64,173,326
25430,72421,209,143,66,69,74,3.57,3.41,143,7,35,34
25431,72422,2416,1799,617,1189,610,2.26,2.90,1799,190,488,701
25432,72424,38,34,4,25,9,2.04,4.78,34,0,11,14
25433,72425,144,132,12,128,4,2.59,3.50,132,4,49,79
25434,72426,68,68,0,48,20,2.48,1.10,68,4,16,32
25435,72427,33,22,11,17,5,1.59,3.40,22,0,10,7
25436,72428,56,53,3,20,33,3.85,1.15,53,0,16,4
25437,72429,204,122,82,71,51,2.18,1.24,122,1,15,56
25438,72430,217,182,35,134,48,2.54,2.52,182,2,23,111
25439,72431,219,167,52,114,53,2.66,2.13,167,4,20,94
25440,72432,2551,2290,261,1656,634,2.88,2.62,2290,189,657,999
25441,72433,1216,1053,163,665,388,2.55,2.19,1053,72,226,439
25442,72434,871,847,24,746,101,2.57,2.18,847,20,230,516
25443,72435,198,161,37,148,13,1.66,1.77,161,11,68,80
25444,72436,368,342,26,298,44,2.60,5.27,342,6,97,201
25445,72437,1493,1313,180,972,341,2.37,2.41,1313,43,490,482
25446,72438,1052,930,122,590,340,2.66,2.86,930,26,195,395
25447,72440,110,80,30,67,13,2.00,2.31,80,6,30,37
25448,72441,28,16,12,16,0,1.25,-,16,0,0,16
25449,72442,1856,1702,154,1118,584,2.81,2.28,1702,85,565,553
25450,72443,1490,1323,167,884,439,2.36,2.70,1323,51,452,432
25451,72444,826,656,170,541,115,2.51,2.05,656,23,236,305
25452,72445,21,17,4,13,4,2.00,2.00,17,0,7,6
25453,72447,842,737,105,505,232,2.50,2.43,737,34,204,301
25454,72449,86,64,22,44,20,2.57,2.05,64,5,22,22
25455,72450,16307,15127,1180,9656,5471,2.60,2.49,15127,777,5648,4008
25456,72453,141,66,75,66,0,1.76,-,66,1,8,58
25457,72454,2386,2039,347,1403,636,2.16,2.48,2039,72,635,768
25458,72455,5813,5178,635,3700,1478,2.54,2.65,5178,319,1591,2109
25459,72456,288,218,70,192,26,2.07,1.88,218,2,65,127
25460,72457,114,99,15,92,7,2.48,1.57,99,2,65,27
25461,72458,288,195,93,186,9,2.83,5.78,195,0,89,97
25462,72459,938,596,342,486,110,2.28,1.68,596,26,152,334
25463,72460,439,331,108,236,95,1.98,1.89,331,4,75,161
25464,72461,1700,1508,192,1086,422,2.49,2.44,1508,113,393,693
25465,72462,222,163,59,73,90,3.04,2.13,163,12,27,46
25466,72464,11,7,4,5,2,1.40,4.50,7,0,2,3
25467,72466,539,402,137,326,76,3.08,3.08,402,0,98,228
25468,72467,106,41,65,0,41,-,1.98,41,0,0,0
25469,72469,571,470,101,385,85,2.43,2.92,470,24,129,256
25470,72470,122,102,20,82,20,2.29,2.10,102,3,15,67
25471,72471,426,390,36,279,111,2.87,4.36,390,6,115,164
25472,72472,4177,3799,378,2283,1516,2.40,2.41,3799,344,1014,1269
25473,72473,1100,908,192,699,209,2.47,2.57,908,37,339,360
25474,72476,3350,2821,529,1694,1127,2.42,2.43,2821,198,779,915
25475,72478,101,101,0,101,0,1.90,-,101,0,54,47
25476,72479,683,506,177,307,199,2.51,2.65,506,9,123,184
25477,72482,846,511,335,428,83,2.67,3.20,511,64,161,267
25478,72501,11179,9852,1327,6532,3320,2.71,2.41,9852,746,3981,2551
25479,72512,1121,873,248,692,181,2.61,3.28,873,30,354,338
25480,72513,1319,1103,216,836,267,2.27,2.04,1103,64,337,499
25481,72515,0,0,0,0,0,-,-,0,0,0,0
25482,72517,145,102,43,102,0,2.56,-,102,0,55,47
25483,72519,1420,936,484,749,187,2.46,2.49,936,42,323,426
25484,72520,284,263,21,263,0,1.28,-,263,0,71,192
25485,72521,2250,1904,346,1301,603,2.82,2.78,1904,125,504,797
25486,72522,194,194,0,140,54,1.58,3.15,194,0,60,80
25487,72523,595,426,169,366,60,2.37,1.58,426,47,93,273
25488,72524,238,177,61,93,84,1.20,3.35,177,0,0,93
25489,72526,44,34,10,25,9,1.40,2.67,34,0,0,25
25490,72527,261,201,60,169,32,2.72,2.63,201,0,122,47
25491,72528,166,153,13,130,23,1.81,-,153,23,42,88
25492,72529,2992,2002,990,1684,318,2.29,3.61,2002,45,748,936
25493,72530,1097,622,475,581,41,1.94,2.37,622,19,287,294
25494,72531,843,271,572,256,15,2.46,5.33,271,0,88,168
25495,72532,689,426,263,360,66,2.54,1.59,426,6,113,247
25496,72533,191,133,58,112,21,1.89,2.71,133,4,15,97
25497,72534,676,594,82,561,33,2.50,2.00,594,0,244,317
25498,72536,163,118,45,102,16,2.00,8.06,118,1,49,53
25499,72537,620,355,265,281,74,2.04,2.34,355,57,106,175
25500,72538,349,327,22,307,20,3.02,4.00,327,0,109,198
25501,72539,129,129,0,129,0,2.64,-,129,0,70,59
25502,72540,74,35,39,21,14,3.29,2.64,35,0,9,12
25503,72542,2284,1558,726,1414,144,2.34,2.22,1558,92,716,698
25504,72543,6629,5329,1300,3813,1516,2.28,2.58,5329,98,1633,2180
25505,72544,740,384,356,324,60,1.62,2.25,384,45,128,196
25506,72546,44,32,12,32,0,1.63,-,32,0,22,10
25507,72550,337,296,41,293,3,2.29,-,296,0,33,260
25508,72553,78,76,2,67,9,3.28,2.00,76,0,60,7
25509,72554,1616,1035,581,896,139,2.90,2.72,1035,54,416,480
25510,72555,202,138,64,105,33,1.63,2.00,138,0,49,56
25511,72556,1914,1296,618,906,390,3.06,2.28,1296,209,469,437
25512,72560,4710,3175,1535,2168,1007,2.73,1.88,3175,284,817,1351
25513,72561,328,208,120,182,26,3.45,2.08,208,15,95,87
25514,72562,1155,957,198,643,314,2.18,2.94,957,89,326,317
25515,72564,264,139,125,116,23,2.73,2.39,139,5,74,42
25516,72565,416,306,110,263,43,3.15,2.40,306,6,164,99
25517,72566,316,199,117,188,11,2.47,4.64,199,0,61,127
25518,72567,103,88,15,73,15,3.42,2.67,88,0,28,45
25519,72568,596,432,164,353,79,2.70,4.03,432,8,138,215
25520,72569,309,210,99,181,29,2.78,3.14,210,0,89,92
25521,72571,234,193,41,193,0,1.93,-,193,0,151,42
25522,72572,152,147,5,94,53,2.47,2.17,147,4,14,80
25523,72573,157,133,24,111,22,3.50,2.27,133,0,53,58
25524,72576,1731,1333,398,891,442,2.27,2.28,1333,109,478,413
25525,72577,494,339,155,221,118,3.21,1.79,339,1,112,109
25526,72578,80,80,0,80,0,2.03,-,80,0,0,80
25527,72579,649,549,100,401,148,2.29,2.69,549,15,226,175
25528,72581,887,585,302,535,50,1.87,1.96,585,0,339,196
25529,72583,733,595,138,480,115,3.15,3.77,595,25,300,180
25530,72584,190,92,98,92,0,3.29,-,92,0,71,21
25531,72585,160,100,60,100,0,1.99,-,100,0,34,66
25532,72587,67,6,61,6,0,2.00,-,6,0,0,6
25533,72601,13638,12270,1368,8381,3889,2.46,2.24,12270,722,4398,3983
25534,72611,765,641,124,515,126,2.77,3.08,641,9,144,371
25535,72615,20,13,7,9,4,4.11,1.75,13,0,6,3
25536,72616,4408,3831,577,2923,908,2.59,2.89,3831,193,1428,1495
25537,72617,174,80,94,79,1,5.44,2.00,80,12,52,27
25538,72619,1153,766,387,558,208,2.51,1.43,766,63,283,275
25539,72623,306,295,11,295,0,2.94,-,295,6,193,102
25540,72624,185,123,62,107,16,3.40,3.38,123,0,38,69
25541,72626,949,749,200,619,130,2.17,1.58,749,30,251,368
25542,72628,486,405,81,356,49,2.31,2.49,405,27,139,217
25543,72629,267,215,52,201,14,2.06,1.50,215,0,34,167
25544,72630,76,55,21,44,11,1.93,2.45,55,0,24,20
25545,72631,2988,2025,963,1675,350,2.25,1.49,2025,19,748,927
25546,72632,2714,2070,644,1551,519,2.10,2.24,2070,152,834,717
25547,72633,979,790,189,744,46,2.56,3.63,790,40,293,451
25548,72634,2238,1724,514,1324,400,2.23,2.90,1724,73,669,655
25549,72635,1595,1415,180,1014,401,2.37,2.80,1415,11,537,477
25550,72636,19,5,14,5,0,1.00,-,5,0,1,4
25551,72638,3064,2588,476,1758,830,2.98,2.43,2588,136,766,992
25552,72639,340,233,107,167,66,3.02,3.55,233,38,28,139
25553,72640,263,237,26,237,0,2.95,-,237,0,120,117
25554,72641,1188,831,357,563,268,2.92,1.88,831,27,301,262
25555,72642,1118,1011,107,869,142,1.89,2.09,1011,27,503,366
25556,72644,1321,1028,293,901,127,2.68,1.72,1028,8,373,528
25557,72645,1033,652,381,462,190,2.43,2.63,652,62,135,327
25558,72648,239,114,125,80,34,3.31,4.68,114,9,66,14
25559,72650,2505,1683,822,1253,430,2.59,2.24,1683,93,325,928
25560,72651,655,571,84,413,158,2.01,3.53,571,0,207,206
25561,72653,14898,13065,1833,9543,3522,2.14,2.15,13065,614,4440,5103
25562,72655,283,191,92,158,33,1.86,1.94,191,0,20,138
25563,72658,835,575,260,477,98,2.08,2.84,575,28,181,296
25564,72660,286,273,13,264,9,2.31,4.22,273,2,147,117
25565,72661,508,377,131,341,36,2.46,-,377,0,111,230
25566,72662,1392,1042,350,691,351,2.81,2.31,1042,99,228,463
25567,72663,98,98,0,75,23,2.92,1.09,98,0,41,34
25568,72666,217,64,153,64,0,1.83,-,64,0,18,46
25569,72668,231,109,122,109,0,2.55,-,109,0,65,44
25570,72669,65,42,23,40,2,2.90,2.50,42,3,9,31
25571,72670,101,49,52,38,11,2.95,6.45,49,0,8,30
25572,72672,205,108,97,88,20,2.67,2.40,108,0,38,50
25573,72675,1006,559,447,409,150,2.47,3.01,559,42,118,291
25574,72677,295,254,41,209,45,2.62,3.82,254,8,66,143
25575,72679,43,9,34,0,9,-,-,9,0,0,0
25576,72680,490,341,149,257,84,2.42,3.42,341,23,48,209
25577,72682,133,53,80,48,5,2.71,2.40,53,0,32,16
25578,72683,200,146,54,61,85,2.92,2.67,146,0,19,42
25579,72685,570,468,102,400,68,2.65,3.07,468,8,193,207
25580,72686,142,73,69,73,0,3.10,-,73,0,9,64
25581,72687,3647,2933,714,2305,628,2.36,2.68,2933,113,874,1431
25582,72701,19203,17206,1997,7352,9854,2.56,2.20,17206,1079,4818,2534
25583,72703,16770,15642,1128,6188,9454,2.52,1.94,15642,1199,3922,2266
25584,72704,12901,11967,934,7141,4826,2.45,2.12,11967,303,4599,2542
25585,72712,15400,13964,1436,7951,6013,2.95,2.26,13964,680,5768,2183
25586,72713,8717,8231,486,4375,3856,2.94,2.43,8231,120,3437,938
25587,72714,5828,5486,342,4765,721,2.62,2.15,5486,56,3395,1370
25588,72715,8039,7067,972,6233,834,2.28,2.23,7067,138,3422,2811
25589,72717,495,495,0,358,137,2.36,2.85,495,0,60,298
25590,72718,1727,1601,126,1511,90,2.99,2.60,1601,0,1103,408
25591,72719,6101,5780,321,3930,1850,2.87,2.76,5780,158,3138,792
25592,72721,236,236,0,215,21,2.35,2.10,236,0,59,156
25593,72722,1188,1034,154,644,390,2.53,2.83,1034,57,327,317
25594,72727,2771,2541,230,2066,475,2.60,2.53,2541,32,1088,978
25595,72729,108,98,10,98,0,1.06,-,98,0,71,27
25596,72730,3821,3597,224,2923,674,2.99,2.04,3597,103,2098,825
25597,72732,2825,2043,782,1856,187,2.64,2.40,2043,34,853,1003
25598,72734,3625,3398,227,2414,984,2.48,3.45,3398,100,1397,1017
25599,72736,2747,2493,254,2028,465,3.18,3.30,2493,103,1185,843
25600,72738,1000,779,221,696,83,2.97,4.58,779,11,334,362
25601,72739,296,215,81,117,98,2.63,2.03,215,7,49,68
25602,72740,4162,3257,905,2617,640,2.83,3.26,3257,199,1035,1582
25603,72742,344,265,79,252,13,1.70,1.08,265,12,219,33
25604,72744,2025,1783,242,1197,586,2.69,2.54,1783,57,596,601
25605,72745,4905,4640,265,3122,1518,2.98,2.74,4640,41,2122,1000
25606,72747,46,46,0,46,0,1.83,-,46,0,0,46
25607,72749,65,65,0,26,39,9.23,5.33,65,0,26,0
25608,72751,3128,3052,76,2227,825,2.90,2.87,3052,151,1464,763
25609,72752,173,119,54,75,44,1.43,-,119,27,50,25
25610,72753,4023,3640,383,2631,1009,2.68,2.71,3640,108,1611,1020
25611,72756,17104,15360,1744,9613,5747,2.77,2.45,15360,457,5652,3961
25612,72758,16424,15243,1181,9138,6105,3.05,2.55,15243,367,6497,2641
25613,72760,127,108,19,94,14,3.27,2.29,108,1,52,42
25614,72761,8377,7562,815,4778,2784,2.68,2.66,7562,258,3012,1766
25615,72762,15521,14821,700,10489,4332,3.03,2.72,14821,413,6642,3847
25616,72764,20707,19337,1370,8758,10579,3.08,2.91,19337,801,5566,3192
25617,72768,554,450,104,310,140,2.37,3.66,450,24,146,164
25618,72769,533,440,93,345,95,3.23,2.54,440,7,162,183
25619,72773,663,530,133,426,104,2.92,2.09,530,13,230,196
25620,72774,2867,2584,283,2098,486,2.76,2.82,2584,93,1297,801
25621,72776,359,322,37,301,21,2.36,1.86,322,0,122,179
25622,72801,7302,6222,1080,2778,3444,2.63,2.44,6222,690,1591,1187
25623,72802,9700,8726,974,7337,1389,2.59,2.88,8726,243,4119,3218
25624,72821,796,675,121,442,233,2.73,2.99,675,39,155,287
25625,72823,2653,2299,354,1687,612,2.54,2.51,2299,51,907,780
25626,72824,905,676,229,367,309,3.37,2.74,676,61,154,213
25627,72826,7,1,6,1,0,4.00,-,1,0,0,1
25628,72827,85,75,10,46,29,2.35,-,75,0,27,19
25629,72828,65,65,0,6,59,2.33,1.37,65,0,6,0
25630,72829,20,0,20,0,0,-,-,0,0,0,0
25631,72830,6944,6147,797,3836,2311,2.78,2.23,6147,315,2020,1816
25632,72832,361,325,36,214,111,2.72,1.69,325,44,95,119
25633,72833,1488,1225,263,774,451,2.67,3.45,1225,71,371,403
25634,72834,4101,3593,508,2540,1053,2.81,2.40,3593,277,1286,1254
25635,72835,342,316,26,281,35,2.56,2.51,316,9,107,174
25636,72837,3781,3145,636,2454,691,2.43,2.62,3145,115,1261,1193
25637,72838,102,102,0,102,0,2.30,-,102,0,40,62
25638,72839,286,192,94,160,32,2.29,3.28,192,8,42,118
25639,72840,929,801,128,638,163,2.47,3.07,801,100,253,385
25640,72841,93,93,0,59,34,3.29,1.94,93,0,0,59
25641,72842,644,411,233,334,77,2.72,2.52,411,7,89,245
25642,72843,1053,843,210,725,118,2.71,2.61,843,3,304,421
25643,72845,426,357,69,333,24,2.09,2.96,357,7,162,171
25644,72846,1623,1422,201,1199,223,2.65,1.98,1422,28,653,546
25645,72847,1245,1121,124,1020,101,2.79,3.01,1121,3,403,617
25646,72851,417,300,117,282,18,2.07,1.44,300,7,69,213
25647,72852,163,65,98,57,8,1.81,5.63,65,0,0,57
25648,72853,1162,950,212,668,282,2.61,2.21,950,42,230,438
25649,72854,414,238,176,200,38,2.45,3.47,238,0,42,158
25650,72855,2796,2433,363,1746,687,2.54,2.16,2433,130,877,869
25651,72856,206,104,102,104,0,3.08,-,104,0,28,76
25652,72857,849,619,230,470,149,2.26,1.74,619,28,261,209
25653,72858,1317,1188,129,1006,182,2.56,2.84,1188,14,698,308
25654,72860,149,49,100,42,7,1.55,-,49,0,0,42
25655,72863,710,619,91,534,85,2.92,1.54,619,16,252,282
25656,72865,532,481,51,417,64,2.50,1.94,481,1,185,232
25657,72901,10297,9046,1251,3927,5119,2.40,2.23,9046,1223,1911,2016
25658,72903,12034,11024,1010,5588,5436,2.45,2.10,11024,879,3086,2502
25659,72904,8484,7848,636,3985,3863,2.92,2.81,7848,421,2234,1751
25660,72905,0,0,0,0,0,-,-,0,0,0,0
25661,72908,6266,5875,391,3804,2071,2.30,2.22,5875,362,2231,1573
25662,72916,4636,4292,344,3008,1284,2.63,2.55,4292,9,1602,1406
25663,72921,5197,4586,611,3404,1182,2.62,3.31,4586,165,2099,1305
25664,72923,2290,2048,242,1324,724,2.15,2.49,2048,0,897,427
25665,72926,280,260,20,190,70,3.72,1.60,260,10,77,113
25666,72927,3647,3067,580,1884,1183,2.57,2.78,3067,274,908,976
25667,72928,377,340,37,274,66,2.36,1.41,340,22,55,219
25668,72930,215,112,103,98,14,1.73,3.21,112,0,32,66
25669,72932,730,647,83,621,26,2.36,3.04,647,6,391,230
25670,72933,2272,2029,243,1593,436,2.57,2.18,2029,119,798,795
25671,72934,523,507,16,496,11,2.31,1.82,507,32,98,398
25672,72935,274,231,43,153,78,2.26,2.32,231,12,36,117
25673,72936,5989,5547,442,4326,1221,2.56,2.14,5547,152,2547,1779
25674,72937,1584,1405,179,1108,297,2.21,2.69,1405,46,466,642
25675,72938,620,504,116,416,88,2.44,2.92,504,16,115,301
25676,72940,744,584,160,490,94,2.54,3.43,584,17,209,281
25677,72941,2024,1875,149,1548,327,2.76,2.35,1875,57,884,664
25678,72943,1212,992,220,761,231,2.51,2.87,992,50,407,354
25679,72944,1305,1072,233,840,232,2.49,2.73,1072,78,414,426
25680,72945,190,174,16,71,103,2.27,1.59,174,6,27,44
25681,72946,1524,1249,275,1173,76,2.67,1.61,1249,26,706,467
25682,72947,1581,1293,288,1128,165,2.47,2.32,1293,51,494,634
25683,72948,208,64,144,64,0,2.36,-,64,0,32,32
25684,72949,4580,3953,627,2702,1251,2.50,2.45,3953,199,1385,1317
25685,72950,328,275,53,196,79,2.01,2.34,275,0,132,64
25686,72951,397,317,80,259,58,2.08,3.05,317,14,119,140
25687,72952,1055,943,112,908,35,2.21,2.11,943,31,338,570
25688,72955,186,132,54,122,10,7.13,2.40,132,0,107,15
25689,72956,14341,13296,1045,9443,3853,2.67,2.47,13296,569,5291,4152
25690,72958,3457,2699,758,1965,734,2.50,2.31,2699,241,824,1141
25691,72959,1495,1172,323,1088,84,2.46,3.02,1172,24,315,773
25692,73001,37,20,17,11,9,2.36,2.67,20,3,0,11
25693,73002,452,381,71,335,46,2.96,2.72,381,6,107,228
25694,73003,9791,9176,615,5424,3752,2.48,2.57,9176,368,3801,1623
25695,73004,394,326,68,269,57,2.45,3.28,326,2,143,126
25696,73005,3708,2958,750,1921,1037,2.77,3.14,2958,336,750,1171
25697,73006,1418,1068,350,829,239,2.69,2.11,1068,66,251,578
25698,73007,1146,1074,72,958,116,2.44,1.69,1074,14,524,434
25699,73008,8996,8023,973,4421,3602,2.50,2.69,8023,453,2432,1989
25700,73009,485,380,105,297,83,2.34,2.05,380,14,76,221
25701,73010,7027,6640,387,5678,962,2.97,2.86,6640,93,3738,1940
25702,73011,284,232,52,216,16,2.69,2.00,232,9,74,142
25703,73012,15093,14450,643,11598,2852,2.91,2.88,14450,231,8938,2660
25704,73013,22329,20754,1575,16022,4732,2.67,2.65,20754,617,10995,5027
25705,73014,511,434,77,351,83,3.06,3.06,434,12,157,194
25706,73015,1290,937,353,689,248,2.67,2.96,937,110,230,459
25707,73016,764,702,62,619,83,3.34,2.95,702,0,419,200
25708,73017,640,498,142,380,118,2.75,3.13,498,30,93,287
25709,73018,9330,7782,1548,4749,3033,2.39,2.55,7782,582,2363,2386
25710,73019,0,0,0,0,0,-,-,0,0,0,0
25711,73020,9457,8983,474,7800,1183,2.75,3.12,8983,298,4614,3186
25712,73021,160,107,53,88,19,2.24,1.68,107,0,25,63
25713,73022,0,0,0,0,0,-,-,0,0,0,0
25714,73024,278,220,58,182,38,2.66,2.39,220,3,78,104
25715,73025,5243,5068,175,4920,148,3.18,2.07,5068,100,3560,1360
25716,73026,4411,4165,246,3827,338,2.63,2.69,4165,43,2188,1639
25717,73027,801,560,241,421,139,1.92,3.93,560,18,124,297
25718,73028,1740,1537,203,1162,375,2.40,2.84,1537,68,520,642
25719,73029,678,518,160,426,92,2.84,4.15,518,10,198,228
25720,73030,1967,1566,401,1000,566,2.81,2.71,1566,64,481,519
25721,73031,21,21,0,18,3,1.11,2.00,21,0,4,14
25722,73032,97,78,19,50,28,3.08,1.64,78,5,14,36
25723,73033,171,140,31,93,47,4.49,3.28,140,4,29,64
25724,73034,17903,16712,1191,12163,4549,2.80,2.31,16712,522,8034,4129
25725,73036,7968,7107,861,4276,2831,2.63,2.56,7107,411,2080,2196
25726,73038,1033,642,391,544,98,2.57,2.46,642,32,193,351
25727,73040,790,623,167,410,213,1.99,1.98,623,33,234,176
25728,73041,205,135,70,117,18,2.72,1.39,135,0,41,76
25729,73042,510,381,129,291,90,2.59,3.07,381,17,83,208
25730,73043,80,72,8,67,5,2.04,3.80,72,0,7,60
25731,73044,9851,8739,1112,7044,1695,2.72,2.36,8739,380,3819,3225
25732,73045,4478,3962,516,3174,788,2.72,2.72,3962,114,1719,1455
25733,73047,1750,1292,458,923,369,2.88,2.76,1292,60,418,505
25734,73048,1134,961,173,752,209,2.50,2.67,961,15,249,503
25735,73049,2515,2256,259,1805,451,2.78,2.73,2256,44,1035,770
25736,73050,153,89,64,35,54,2.83,4.43,89,5,4,31
25737,73051,3232,2795,437,2152,643,2.51,2.71,2795,67,1045,1107
25738,73052,2882,2378,504,1722,656,2.56,2.78,2378,62,611,1111
25739,73053,295,237,58,187,50,3.01,2.86,237,11,60,127
25740,73054,1890,1736,154,1568,168,2.48,3.68,1736,5,676,892
25741,73055,4406,3760,646,3006,754,2.51,2.97,3760,113,1325,1681
25742,73056,240,210,30,205,5,2.45,3.80,210,11,59,146
25743,73057,1092,911,181,705,206,2.39,2.82,911,23,246,459
25744,73058,120,60,60,58,2,3.14,-,60,0,15,43
25745,73059,1297,1135,162,801,334,2.62,1.98,1135,39,353,448
25746,73061,811,683,128,574,109,2.57,2.38,683,9,290,284
25747,73062,725,533,192,411,122,2.28,1.97,533,18,128,283
25748,73063,339,316,23,291,25,2.20,1.68,316,40,96,195
25749,73064,9886,9504,382,7652,1852,2.75,2.52,9504,254,5495,2157
25750,73065,3845,3598,247,3009,589,2.83,2.05,3598,45,2136,873
25751,73066,61,48,13,26,22,1.92,5.59,48,0,0,26
25752,73067,868,684,184,609,75,2.74,3.11,684,10,272,337
25753,73068,4912,4476,436,3434,1042,2.69,2.78,4476,88,1901,1533
25754,73069,12125,10946,1179,5371,5575,2.56,2.18,10946,847,3464,1907
25755,73070,0,0,0,0,0,-,-,0,0,0,0
25756,73071,19023,17735,1288,8339,9396,2.48,2.39,17735,1240,5534,2805
25757,73072,20404,18817,1587,10423,8394,2.45,1.98,18817,741,5936,4487
25758,73073,384,316,68,286,30,1.69,2.03,316,5,190,96
25759,73074,501,427,74,296,131,2.88,2.99,427,15,150,146
25760,73075,4514,3687,827,2330,1357,2.59,2.42,3687,213,957,1373
25761,73077,2872,2312,560,1791,521,2.53,3.31,2312,27,931,860
25762,73078,4310,4184,126,3946,238,2.77,2.94,4184,58,2551,1395
25763,73079,260,192,68,153,39,2.50,2.92,192,5,65,88
25764,73080,3978,3676,302,2537,1139,2.76,2.52,3676,57,1351,1186
25765,73082,1370,1141,229,876,265,2.54,2.51,1141,29,311,565
25766,73084,3211,2741,470,1913,828,2.34,2.23,2741,280,870,1043
25767,73086,4154,2999,1155,2274,725,2.66,3.06,2999,92,971,1303
25768,73089,4952,4727,225,4202,525,2.91,3.19,4727,17,2680,1522
25769,73090,289,223,66,155,68,2.76,2.37,223,0,67,88
25770,73092,365,304,61,227,77,2.59,2.99,304,9,80,147
25771,73093,1397,1240,157,1022,218,2.86,2.92,1240,24,612,410
25772,73095,925,796,129,653,143,2.51,3.04,796,14,299,354
25773,73096,5909,5188,721,2881,2307,2.70,2.22,5188,108,1700,1181
25774,73097,49,49,0,49,0,2.06,-,49,0,0,49
25775,73098,1707,1340,367,943,397,2.69,2.60,1340,42,351,592
25776,73099,30985,29538,1447,22366,7172,2.72,2.71,29538,981,15575,6791
25777,73102,1239,1103,136,114,989,1.55,1.51,1103,268,52,62
25778,73103,3500,3110,390,997,2113,2.60,1.29,3110,353,730,267
25779,73104,2275,2018,257,351,1667,1.97,1.53,2018,172,206,145
25780,73105,3401,2933,468,1127,1806,1.97,1.97,2933,382,581,546
25781,73106,5626,4766,860,1739,3027,2.63,1.97,4766,550,1114,625
25782,73107,12479,11013,1466,6504,4509,2.12,2.48,11013,654,3615,2889
25783,73108,5969,5118,851,2087,3031,2.96,2.49,5118,461,651,1436
25784,73109,8090,7095,995,3458,3637,3.19,2.56,7095,1028,1534,1924
25785,73110,15495,14143,1352,6220,7923,2.18,2.42,14143,1168,3369,2851
25786,73111,5725,4693,1032,2639,2054,2.29,2.54,4693,616,1225,1414
25787,73112,16939,15276,1663,7959,7317,2.22,2.05,15276,811,4708,3251
25788,73114,9318,8164,1154,3006,5158,2.26,2.25,8164,635,1800,1206
25789,73115,9357,8383,974,4777,3606,2.27,2.67,8383,654,2588,2189
25790,73116,4874,4411,463,3196,1215,2.28,1.95,4411,97,1861,1335
25791,73117,3254,2801,453,1223,1578,2.38,2.00,2801,628,717,506
25792,73118,7996,7079,917,3892,3187,2.11,1.92,7079,239,2345,1547
25793,73119,11958,10254,1704,5050,5204,2.97,2.90,10254,883,2382,2668
25794,73120,20284,17948,2336,9450,8498,1.98,1.92,17948,1327,5066,4384
25795,73121,1409,1237,172,946,291,2.29,3.13,1237,64,411,535
25796,73122,6235,5435,800,3219,2216,2.38,2.21,5435,636,1968,1251
25797,73127,10722,8928,1794,4144,4784,2.78,2.86,8928,1318,2151,1993
25798,73128,3141,2713,428,1790,923,2.41,2.56,2713,39,1059,731
25799,73129,7674,6646,1028,3401,3245,3.20,3.02,6646,485,1316,2085
25800,73130,8895,8238,657,6152,2086,2.40,2.89,8238,154,3856,2296
25801,73131,1392,1337,55,1277,60,2.18,3.78,1337,0,679,598
25802,73132,12416,11070,1346,5914,5156,2.66,2.34,11070,504,3587,2327
25803,73134,4273,3610,663,606,3004,2.13,1.77,3610,63,410,196
25804,73135,9143,8210,933,4924,3286,2.71,2.47,8210,351,3165,1759
25805,73139,8785,7898,887,3457,4441,2.61,2.08,7898,770,1960,1497
25806,73141,1054,909,145,708,201,2.47,2.94,909,78,428,280
25807,73142,7417,6799,618,4126,2673,2.25,2.03,6799,237,2571,1555
25808,73145,767,607,160,5,602,2.20,3.51,607,0,0,5
25809,73149,2121,1818,303,950,868,3.13,3.09,1818,101,333,617
25810,73150,2073,1937,136,1613,324,2.96,1.64,1937,35,978,635
25811,73151,689,669,20,661,8,3.42,4.38,669,8,434,227
25812,73159,13611,12553,1058,7419,5134,2.62,2.50,12553,466,4675,2744
25813,73160,24365,23146,1219,15243,7903,2.66,2.60,23146,711,10311,4932
25814,73162,12689,11754,935,8799,2955,2.57,1.97,11754,190,5476,3323
25815,73165,2762,2620,142,2540,80,3.18,2.50,2620,16,1739,801
25816,73169,1095,996,99,734,262,3.80,2.83,996,43,496,238
25817,73170,16260,15710,550,12732,2978,2.67,2.25,15710,547,8489,4243
25818,73173,1360,1278,82,1215,63,3.13,2.94,1278,20,972,243
25819,73179,2305,2220,85,1866,354,2.57,2.98,2220,40,1386,480
25820,73401,16169,13870,2299,8748,5122,2.63,2.41,13870,762,4471,4277
25821,73425,104,83,21,78,5,1.50,3.40,83,0,0,78
25822,73430,749,526,223,485,41,2.58,4.00,526,11,204,281
25823,73432,439,383,56,279,104,2.64,2.75,383,5,127,152
25824,73433,1177,959,218,724,235,2.65,2.31,959,23,297,427
25825,73434,263,204,59,157,47,2.90,2.45,204,0,46,111
25826,73435,40,26,14,17,9,1.71,3.89,26,2,2,15
25827,73436,53,44,9,23,21,4.04,2.81,44,2,7,16
25828,73437,43,28,15,21,7,2.14,5.00,28,7,0,21
25829,73438,1615,1262,353,1000,262,1.98,2.92,1262,56,256,744
25830,73439,5188,2543,2645,2035,508,2.40,2.93,2543,50,649,1386
25831,73440,133,88,45,62,26,2.06,2.65,88,0,22,40
25832,73441,94,71,23,59,12,2.73,1.58,71,2,7,52
25833,73442,188,150,38,140,10,2.59,1.10,150,0,21,119
25834,73443,1211,1116,95,784,332,2.95,3.08,1116,26,466,318
25835,73444,90,83,7,83,0,2.27,-,83,3,31,52
25836,73446,3571,3001,570,2174,827,2.92,2.81,3001,138,911,1263
25837,73447,509,416,93,331,85,2.66,3.12,416,18,138,193
25838,73448,2665,2088,577,1410,678,2.98,2.62,2088,121,633,777
25839,73449,1767,1302,465,1012,290,2.33,2.39,1302,19,351,661
25840,73450,635,522,113,445,77,2.50,2.73,522,18,155,290
25841,73453,320,242,78,183,59,2.39,2.14,242,5,129,54
25842,73455,270,236,34,180,56,2.56,2.48,236,12,61,119
25843,73456,880,648,232,535,113,2.48,2.95,648,17,195,340
25844,73458,374,345,29,245,100,2.80,3.41,345,12,124,121
25845,73459,601,457,144,307,150,2.66,2.78,457,16,94,213
25846,73460,1948,1641,307,1087,554,2.52,2.40,1641,118,451,636
25847,73461,344,233,111,170,63,2.75,4.13,233,16,57,113
25848,73463,1673,1431,242,1252,179,2.51,3.49,1431,18,370,882
25849,73481,394,333,61,296,37,3.01,2.73,333,8,96,200
25850,73487,92,56,36,38,18,3.55,1.89,56,11,3,35
25851,73488,6,6,0,3,3,2.00,3.33,6,0,0,3
25852,73491,370,306,64,233,73,2.16,3.37,306,7,72,161
25853,73501,9445,7635,1810,3350,4285,2.34,2.17,7635,1157,1904,1446
25854,73503,1784,1701,83,0,1701,-,3.77,1701,7,0,0
25855,73505,22040,18718,3322,9503,9215,2.76,2.39,18718,1569,5881,3622
25856,73507,10547,8494,2053,4718,3776,2.48,2.42,8494,932,2993,1725
25857,73520,53,44,9,38,6,2.37,3.17,44,0,17,21
25858,73521,9726,7935,1791,4719,3216,2.54,2.47,7935,533,2693,2026
25859,73523,0,0,0,0,0,-,-,0,0,0,0
25860,73526,943,765,178,573,192,2.78,2.39,765,9,294,279
25861,73527,1974,1719,255,1401,318,2.67,2.41,1719,23,899,502
25862,73528,228,187,41,143,44,2.82,3.52,187,9,60,83
25863,73529,2296,1774,522,1364,410,2.73,2.33,1774,16,643,721
25864,73530,250,172,78,147,25,2.37,2.96,172,3,40,107
25865,73531,135,120,15,109,11,2.70,7.55,120,0,46,63
25866,73532,346,216,130,124,92,2.93,1.65,216,6,39,85
25867,73533,13099,10704,2395,7687,3017,2.53,2.57,10704,893,3736,3951
25868,73537,355,237,118,208,29,2.68,2.55,237,22,62,146
25869,73538,2378,2212,166,1649,563,3.17,2.13,2212,122,1052,597
25870,73539,84,78,6,71,7,1.80,2.00,78,0,34,37
25871,73540,193,128,65,93,35,2.75,1.66,128,3,49,44
25872,73541,1642,1490,152,1249,241,2.39,2.66,1490,31,574,675
25873,73542,2240,1511,729,1045,466,2.73,2.52,1511,175,358,687
25874,73543,910,793,117,629,164,2.52,1.85,793,16,309,320
25875,73544,164,105,59,92,13,3.04,1.62,105,0,23,69
25876,73546,661,494,167,331,163,2.03,2.85,494,24,52,279
25877,73547,722,546,176,402,144,1.86,1.74,546,38,157,245
25878,73548,224,147,77,133,14,2.47,4.50,147,18,78,55
25879,73549,176,117,59,95,22,2.79,2.05,117,0,50,45
25880,73550,1083,795,288,532,263,2.69,2.19,795,58,145,387
25881,73551,27,14,13,14,0,3.14,-,14,0,0,14
25882,73552,593,475,118,420,55,2.90,3.33,475,27,169,251
25883,73553,4,4,0,3,1,1.33,5.00,4,0,0,3
25884,73554,1652,1320,332,891,429,2.58,2.13,1320,126,286,605
25885,73555,83,55,28,46,9,2.04,4.33,55,0,0,46
25886,73556,80,46,34,35,11,3.11,2.91,46,4,26,9
25887,73557,177,111,66,91,20,1.73,1.80,111,0,56,35
25888,73559,283,187,96,127,60,2.74,1.98,187,29,13,114
25889,73560,408,320,88,139,181,2.76,2.31,320,6,43,96
25890,73562,297,206,91,176,30,3.11,2.10,206,4,67,109
25891,73564,303,188,115,164,24,2.62,2.75,188,2,32,132
25892,73565,503,329,174,244,85,2.13,3.78,329,22,87,157
25893,73566,680,507,173,386,121,2.49,2.79,507,27,170,216
25894,73567,375,329,46,237,92,2.62,2.24,329,9,111,126
25895,73568,631,378,253,298,80,2.13,3.01,378,29,57,241
25896,73569,287,196,91,137,59,2.67,1.95,196,4,25,112
25897,73570,552,370,182,293,77,2.38,2.47,370,23,115,178
25898,73571,70,31,39,20,11,2.25,6.36,31,0,20,0
25899,73572,1526,1184,342,916,268,2.95,2.45,1184,122,407,509
25900,73573,1121,869,252,596,273,2.36,3.21,869,92,204,392
25901,73601,4839,4025,814,3145,880,2.32,2.16,4025,85,1522,1623
25902,73620,604,492,112,331,161,3.69,2.31,492,18,137,194
25903,73622,130,121,9,99,22,2.43,4.23,121,1,33,66
25904,73624,890,707,183,321,386,2.69,3.55,707,24,113,208
25905,73625,241,190,51,158,32,2.36,2.53,190,14,61,97
25906,73626,479,342,137,283,59,3.03,3.46,342,19,105,178
25907,73627,245,187,58,172,15,2.54,3.93,187,3,47,125
25908,73628,819,642,177,477,165,2.49,2.79,642,1,187,290
25909,73632,1521,1174,347,899,275,2.74,1.81,1174,76,314,585
25910,73638,50,44,6,37,7,3.00,-,44,0,12,25
25911,73639,361,287,74,176,111,2.39,3.79,287,27,99,77
25912,73641,298,202,96,156,46,2.13,2.37,202,22,41,115
25913,73642,109,61,48,46,15,1.91,1.13,61,0,3,43
25914,73644,7176,5779,1397,3751,2028,2.53,2.14,5779,456,1813,1938
25915,73645,729,445,284,307,138,2.50,2.34,445,28,131,176
25916,73646,227,157,70,155,2,2.26,3.00,157,10,30,125
25917,73647,362,220,142,179,41,2.80,1.90,220,2,46,133
25918,73650,407,331,76,316,15,2.74,4.00,331,7,126,190
25919,73651,2114,1513,601,1069,444,2.58,2.76,1513,116,337,732
25920,73654,423,287,136,254,33,2.43,4.30,287,4,123,131
25921,73655,571,311,260,236,75,2.46,3.29,311,9,92,144
25922,73658,132,108,24,92,16,2.99,1.69,108,14,10,82
25923,73659,101,55,46,42,13,3.31,10.54,55,0,3,39
25924,73660,227,139,88,104,35,2.61,2.20,139,7,28,76
25925,73661,216,187,29,160,27,3.99,1.96,187,7,67,93
25926,73662,2024,1595,429,1093,502,2.64,2.50,1595,72,467,626
25927,73663,541,399,142,318,81,3.43,2.74,399,3,132,186
25928,73664,626,548,78,430,118,2.00,2.20,548,26,270,160
25929,73666,206,157,49,117,40,1.85,1.83,157,0,36,81
25930,73667,235,180,55,131,49,2.56,2.33,180,7,55,76
25931,73668,23,17,6,4,13,-,1.23,17,0,0,4
25932,73669,698,562,136,454,108,3.02,2.44,562,16,205,249
25933,73673,255,195,60,137,58,1.96,1.09,195,9,33,104
25934,73701,11009,9060,1949,5112,3948,2.69,2.79,9060,603,2364,2748
25935,73703,13145,11696,1449,7934,3762,2.55,2.33,11696,266,4071,3863
25936,73705,21,21,0,0,21,-,-,21,0,0,0
25937,73716,248,213,35,177,36,2.40,2.42,213,7,64,113
25938,73717,3281,2550,731,1736,814,2.43,2.41,2550,218,993,743
25939,73718,283,231,52,217,14,2.22,1.86,231,4,87,130
25940,73719,45,27,18,24,3,3.21,5.00,27,0,10,14
25941,73720,122,86,36,74,12,1.51,2.83,86,0,13,61
25942,73722,115,85,30,65,20,4.68,3.30,85,4,26,39
25943,73724,565,318,247,242,76,2.24,3.42,318,3,105,137
25944,73726,271,180,91,139,41,2.19,2.80,180,13,27,112
25945,73727,71,52,19,52,0,1.50,-,52,0,25,27
25946,73728,1063,778,285,586,192,2.54,3.03,778,21,248,338
25947,73729,288,229,59,208,21,2.73,2.43,229,1,81,127
25948,73730,339,307,32,266,41,2.07,3.22,307,2,172,94
25949,73731,143,80,63,68,12,1.76,1.42,80,1,10,58
25950,73733,86,67,19,54,13,2.78,2.62,67,1,21,33
25951,73734,429,320,109,252,68,1.70,2.00,320,0,103,149
25952,73735,298,274,24,254,20,2.32,4.80,274,5,114,140
25953,73736,258,247,11,221,26,2.77,1.42,247,0,103,118
25954,73737,1789,1512,277,1196,316,2.35,2.57,1512,70,528,668
25955,73738,478,382,96,318,64,2.36,2.11,382,11,93,225
25956,73739,222,177,45,170,7,2.01,1.71,177,0,77,93
25957,73741,248,173,75,144,29,2.60,2.10,173,1,47,97
25958,73742,1691,1347,344,966,381,3.06,2.45,1347,11,399,567
25959,73743,54,36,18,29,7,2.62,3.43,36,0,12,17
25960,73744,83,37,46,35,2,2.00,-,37,0,6,29
25961,73746,25,11,14,6,5,5.67,-,11,0,0,6
25962,73747,100,100,0,46,54,1.52,2.93,100,0,14,32
25963,73749,356,229,127,196,33,2.29,2.27,229,2,67,129
25964,73750,2880,2565,315,1961,604,2.72,2.85,2565,119,899,1062
25965,73753,266,231,35,206,25,2.38,2.56,231,1,119,87
25966,73754,542,467,75,378,89,2.58,2.38,467,3,133,245
25967,73755,477,274,203,226,48,2.57,1.27,274,0,72,154
25968,73756,158,138,20,112,26,2.63,2.46,138,0,39,73
25969,73757,70,62,8,44,18,2.59,2.33,62,0,17,27
25970,73758,160,73,87,66,7,2.47,-,73,0,4,62
25971,73759,677,483,194,379,104,2.30,2.18,483,7,69,310
25972,73760,161,151,10,131,20,2.15,2.90,151,4,45,86
25973,73761,194,119,75,110,9,2.33,7.78,119,2,15,95
25974,73762,891,720,171,585,135,2.59,3.36,720,12,264,321
25975,73763,766,621,145,359,262,2.19,2.26,621,0,138,221
25976,73764,133,125,8,108,17,1.70,2.65,125,16,15,93
25977,73766,534,415,119,290,125,2.99,2.94,415,3,118,172
25978,73768,668,599,69,493,106,2.58,2.01,599,11,171,322
25979,73770,0,0,0,0,0,-,-,0,0,0,0
25980,73771,275,154,121,125,29,2.23,3.55,154,2,48,77
25981,73772,1687,1339,348,922,417,2.30,1.77,1339,36,278,644
25982,73773,924,856,68,578,278,2.49,1.65,856,41,294,284
25983,73801,7224,6293,931,3958,2335,2.47,2.33,6293,301,2119,1839
25984,73832,636,473,163,421,52,2.04,2.69,473,22,119,302
25985,73834,839,606,233,537,69,2.68,1.99,606,21,154,383
25986,73835,163,103,60,73,30,3.00,2.20,103,0,22,51
25987,73838,282,227,55,209,18,2.42,2.33,227,0,89,120
25988,73840,288,199,89,165,34,2.95,3.44,199,7,52,113
25989,73841,235,186,49,142,44,2.61,2.39,186,2,54,88
25990,73842,290,234,56,205,29,2.12,2.24,234,6,56,149
25991,73843,454,305,149,212,93,2.35,2.84,305,4,49,163
25992,73844,177,114,63,98,16,2.69,2.88,114,0,3,95
25993,73848,892,565,327,413,152,3.08,2.22,565,3,233,180
25994,73851,90,65,25,58,7,2.64,1.43,65,6,4,54
25995,73852,943,720,223,616,104,2.86,1.90,720,16,373,243
25996,73853,252,193,59,160,33,3.11,2.36,193,0,75,85
25997,73855,84,55,29,31,24,3.74,2.13,55,0,12,19
25998,73857,430,357,73,314,43,2.45,3.26,357,2,122,192
25999,73858,854,553,301,389,164,2.44,3.73,553,28,99,290
26000,73859,663,492,171,351,141,2.75,2.62,492,10,110,241
26001,73860,736,468,268,368,100,2.44,2.40,468,4,136,232
26002,73901,107,77,30,43,34,3.09,3.82,77,0,20,23
26003,73931,311,254,57,190,64,1.62,3.88,254,2,21,169
26004,73932,959,694,265,506,188,2.79,2.65,694,12,144,362
26005,73933,828,520,308,404,116,2.46,3.97,520,21,127,277
26006,73937,108,80,28,64,16,3.06,3.56,80,4,6,58
26007,73938,329,229,100,200,29,3.24,2.76,229,8,50,150
26008,73939,537,379,158,207,172,3.55,2.94,379,0,80,127
26009,73942,5320,4482,838,2794,1688,3.04,3.26,4482,138,1609,1185
26010,73944,261,154,107,103,51,3.36,2.39,154,8,12,91
26011,73945,1082,926,156,675,251,2.58,2.04,926,117,236,439
26012,73946,39,9,30,4,5,1.50,7.00,9,0,0,4
26013,73947,381,214,167,172,42,1.99,3.60,214,3,13,159
26014,73949,608,460,148,347,113,3.10,2.50,460,8,77,270
26015,73950,574,417,157,355,62,3.42,3.42,417,10,171,184
26016,73951,519,391,128,351,40,3.46,3.68,391,4,97,254
26017,73960,27,21,6,16,5,1.75,-,21,0,13,3
26018,74001,170,115,55,100,15,2.76,2.93,115,0,38,62
26019,74002,837,622,215,485,137,2.97,3.20,622,17,207,278
26020,74003,6799,5414,1385,3297,2117,2.50,2.73,5414,397,1494,1803
26021,74006,11900,10765,1135,8108,2657,2.62,2.11,10765,528,4537,3571
26022,74008,11454,10831,623,8288,2543,2.92,2.54,10831,348,5649,2639
26023,74010,4607,3856,751,2666,1190,2.72,2.57,3856,210,1324,1342
26024,74011,12309,11744,565,9267,2477,2.68,2.58,11744,233,6237,3030
26025,74012,25324,23769,1555,15786,7983,2.77,2.41,23769,582,11044,4742
26026,74014,14867,14142,725,12407,1735,2.84,2.76,14142,151,8247,4160
26027,74015,3723,3438,285,2285,1153,2.85,2.22,3438,139,1288,997
26028,74016,2680,2201,479,1572,629,2.54,2.54,2201,71,759,813
26029,74017,11686,10541,1145,7355,3186,2.62,2.53,10541,375,4334,3021
26030,74019,7833,7397,436,6134,1263,2.70,2.52,7397,171,3929,2205
26031,74020,3441,2800,641,2014,786,2.49,2.84,2800,85,915,1099
26032,74021,8351,7758,593,6369,1389,2.88,2.87,7758,284,4398,1971
26033,74022,908,790,118,725,65,2.20,3.11,790,3,291,434
26034,74023,5510,4476,1034,2835,1641,2.41,2.52,4476,217,1247,1588
26035,74026,360,283,77,207,76,3.03,2.36,283,6,93,114
26036,74027,400,322,78,256,66,2.84,3.12,322,0,96,160
26037,74028,739,612,127,510,102,2.53,2.78,612,13,140,370
26038,74029,2336,1916,420,1372,544,2.27,2.80,1916,63,839,533
26039,74030,1703,1408,295,1017,391,2.28,2.08,1408,118,366,651
26040,74032,977,808,169,656,152,2.44,2.79,808,56,287,369
26041,74033,4576,4340,236,3124,1216,2.93,2.82,4340,92,2192,932
26042,74034,75,50,25,48,2,2.23,-,50,0,7,41
26043,74035,1666,1338,328,1034,304,2.22,2.55,1338,68,354,680
26044,74036,2917,2628,289,2164,464,2.85,2.92,2628,104,1275,889
26045,74037,8482,7930,552,6031,1899,2.96,2.81,7930,184,4197,1834
26046,74038,968,798,170,701,97,2.73,2.33,798,26,237,464
26047,74039,1689,1455,234,1082,373,2.62,3.13,1455,62,473,609
26048,74041,1089,985,104,800,185,3.11,3.16,985,4,553,247
26049,74042,209,153,56,101,52,2.69,2.69,153,3,52,49
26050,74044,3277,2911,366,2308,603,2.65,2.55,2911,87,1169,1139
26051,74045,155,123,32,98,25,2.64,1.56,123,7,36,62
26052,74046,58,45,13,12,33,1.92,3.24,45,0,6,6
26053,74047,2783,2384,399,2045,339,3.03,2.87,2384,42,1286,759
26054,74048,2625,2245,380,1584,661,2.40,2.40,2245,179,739,845
26055,74050,273,199,74,116,83,3.23,2.51,199,0,31,85
26056,74051,907,770,137,698,72,2.89,2.25,770,5,351,347
26057,74052,534,417,117,276,141,2.31,2.58,417,22,89,187
26058,74053,1949,1814,135,1479,335,3.01,3.08,1814,61,949,530
26059,74054,350,252,98,182,70,2.85,2.09,252,14,59,123
26060,74055,18296,17299,997,12441,4858,2.84,2.46,17299,571,8807,3634
26061,74056,2546,1988,558,1431,557,2.42,2.45,1988,84,581,850
26062,74058,1792,1362,430,977,385,2.48,2.48,1362,90,335,642
26063,74059,2304,2138,166,1535,603,2.58,2.42,2138,81,747,788
26064,74060,224,171,53,123,48,2.63,2.58,171,2,33,90
26065,74061,947,796,151,652,144,3.11,2.60,796,11,345,307
26066,74062,410,336,74,257,79,2.52,2.37,336,2,104,153
26067,74063,12964,12036,928,9640,2396,2.61,2.53,12036,365,5389,4251
26068,74066,13313,12026,1287,9206,2820,2.56,2.74,12026,499,5027,4179
26069,74068,54,10,44,10,0,2.70,-,10,0,0,10
26070,74070,5836,5292,544,3838,1454,2.75,2.73,5292,170,2204,1634
26071,74071,100,96,4,32,64,2.28,1.13,96,2,7,25
26072,74072,759,675,84,529,146,2.50,2.12,675,39,240,289
26073,74073,2211,1886,325,1620,266,3.00,2.86,1886,26,940,680
26074,74074,13980,12253,1727,6194,6059,2.55,2.21,12253,517,3882,2312
26075,74075,12543,10590,1953,4599,5991,2.31,2.19,10590,540,2740,1859
26076,74077,0,0,0,0,0,-,-,0,0,0,0
26077,74078,56,36,20,0,36,-,3.44,36,0,0,0
26078,74079,2093,1690,403,1269,421,2.67,2.61,1690,86,603,666
26079,74080,1082,973,109,791,182,3.12,2.43,973,17,435,356
26080,74081,771,675,96,634,41,2.94,3.15,675,4,293,341
26081,74082,105,96,9,31,65,2.45,3.15,96,1,11,20
26082,74083,472,378,94,317,61,2.42,2.54,378,1,124,193
26083,74084,248,196,52,155,41,2.06,1.85,196,6,32,123
26084,74085,1280,1022,258,811,211,2.28,3.04,1022,53,265,546
26085,74103,535,421,114,5,416,5.40,1.28,421,44,5,0
26086,74104,6222,5253,969,2468,2785,2.13,2.10,5253,422,1468,1000
26087,74105,14379,12612,1767,6797,5815,2.19,1.99,12612,1066,3886,2911
26088,74106,8672,7080,1592,3270,3810,2.37,2.37,7080,1763,1444,1826
26089,74107,8916,8020,896,4298,3722,2.45,2.47,8020,726,2277,2021
26090,74108,3132,2870,262,1949,921,2.43,3.19,2870,127,1020,929
26091,74110,6047,5042,1005,2515,2527,3.07,2.93,5042,540,851,1664
26092,74112,10696,9503,1193,5296,4207,2.24,2.38,9503,590,3207,2089
26093,74114,8173,7356,817,5758,1598,2.31,2.15,7356,117,3414,2344
26094,74115,9748,8300,1448,4457,3843,2.69,2.99,8300,695,2122,2335
26095,74116,1558,1266,292,522,744,2.89,2.28,1266,163,218,304
26096,74117,0,0,0,0,0,-,-,0,0,0,0
26097,74119,3016,2072,944,549,1523,1.75,1.33,2072,233,275,274
26098,74120,3298,2776,522,997,1779,2.56,1.47,2776,272,643,354
26099,74126,4958,3951,1007,2357,1594,2.40,3.34,3951,280,822,1535
26100,74127,7672,6613,1059,3789,2824,2.43,2.40,6613,589,1818,1971
26101,74128,4941,4411,530,2592,1819,2.91,3.15,4411,335,1451,1141
26102,74129,7833,7070,763,3472,3598,2.56,2.84,7070,565,2074,1398
26103,74130,928,731,197,502,229,2.57,2.84,731,38,180,322
26104,74131,1028,892,136,718,174,2.40,2.00,892,39,373,345
26105,74132,4380,4006,374,2286,1720,2.80,2.34,4006,181,1426,860
26106,74133,22031,20426,1605,10865,9561,2.56,2.00,20426,1294,6493,4372
26107,74134,8853,7924,929,5081,2843,2.89,2.47,7924,200,3821,1260
26108,74135,10953,9326,1627,4706,4620,2.25,1.99,9326,795,2673,2033
26109,74136,16230,14079,2151,5269,8810,2.41,2.05,14079,1588,2985,2284
26110,74137,12326,11449,877,7907,3542,2.68,1.98,11449,335,4536,3371
26111,74145,8695,7597,1098,4417,3180,2.41,2.50,7597,440,2553,1864
26112,74146,6095,5541,554,1975,3566,3.20,2.74,5541,639,1302,673
26113,74171,0,0,0,0,0,-,-,0,0,0,0
26114,74301,4873,3983,890,2726,1257,2.50,2.47,3983,241,1252,1474
26115,74330,1367,1110,257,924,186,2.46,2.57,1110,10,376,548
26116,74331,6181,3220,2961,2422,798,2.14,2.19,3220,159,1072,1350
26117,74332,795,612,183,431,181,2.56,2.78,612,3,223,208
26118,74333,446,346,100,296,50,2.46,3.22,346,9,132,164
26119,74337,1918,1651,267,1343,308,2.57,2.94,1651,112,602,741
26120,74338,2116,1704,412,1304,400,2.70,2.81,1704,71,626,678
26121,74339,1010,813,197,555,258,2.86,2.55,813,65,250,305
26122,74340,181,80,101,60,20,1.77,2.00,80,2,22,38
26123,74342,2079,949,1130,789,160,2.68,2.91,949,30,170,619
26124,74343,1438,1246,192,883,363,2.38,2.57,1246,42,394,489
26125,74344,8427,6283,2144,4620,1663,2.22,2.44,6283,234,2159,2461
26126,74346,3715,2703,1012,1808,895,2.93,2.71,2703,202,773,1035
26127,74347,1383,1139,244,1005,134,2.24,3.16,1139,15,504,501
26128,74349,706,343,363,260,83,2.40,2.66,343,2,83,177
26129,74350,503,292,211,213,79,2.08,3.32,292,20,76,137
26130,74352,2727,2092,635,1565,527,2.64,2.76,2092,87,606,959
26131,74354,7658,6649,1009,4299,2350,2.49,2.41,6649,411,2282,2017
26132,74358,123,87,36,66,21,2.61,3.57,87,3,19,47
26133,74359,93,61,32,41,20,2.68,4.55,61,4,8,33
26134,74360,20,9,11,9,0,1.33,-,9,0,0,9
26135,74361,7360,6550,810,4388,2162,2.61,2.50,6550,244,2404,1984
26136,74363,1156,1031,125,799,232,2.65,2.78,1031,39,369,430
26137,74364,790,691,99,621,70,2.72,2.63,691,18,284,337
26138,74365,2031,1623,408,1179,444,2.58,2.83,1623,83,439,740
26139,74366,936,598,338,517,81,2.63,2.35,598,40,181,336
26140,74367,285,238,47,224,14,2.48,2.07,238,0,105,119
26141,74368,33,30,3,17,13,2.53,4.31,30,8,6,11
26142,74369,788,679,109,516,163,2.72,2.54,679,4,225,291
26143,74370,1807,1479,328,1134,345,2.62,2.56,1479,72,440,694
26144,74401,7654,6437,1217,3793,2644,2.44,2.36,6437,693,1719,2074
26145,74403,12944,11268,1676,7180,4088,2.61,2.46,11268,938,3984,3196
26146,74421,1770,1525,245,1202,323,2.78,2.63,1525,61,627,575
26147,74422,483,405,78,359,46,2.59,3.04,405,10,128,231
26148,74423,392,310,82,236,74,2.95,2.23,310,27,131,105
26149,74425,785,422,363,310,112,2.52,3.11,422,45,115,195
26150,74426,5384,3420,1964,2642,778,2.64,2.70,3420,190,1062,1580
26151,74427,1281,583,698,561,22,2.33,2.82,583,67,270,291
26152,74428,422,326,96,290,36,2.26,2.47,326,12,111,179
26153,74429,5760,5315,445,4083,1232,2.94,2.70,5315,167,2686,1397
26154,74430,346,285,61,233,52,2.24,1.77,285,0,61,172
26155,74431,402,344,58,282,62,2.47,3.60,344,2,153,129
26156,74432,6527,3945,2582,3166,779,2.50,2.34,3945,144,1297,1869
26157,74434,4119,3763,356,2948,815,2.64,2.00,3763,220,1726,1222
26158,74435,1778,1159,619,907,252,2.75,2.69,1159,70,384,523
26159,74436,2254,1909,345,1539,370,2.66,2.56,1909,37,754,785
26160,74437,4457,3616,841,2606,1010,2.47,2.61,3616,233,1169,1437
26161,74438,162,117,45,87,30,3.08,2.10,117,5,37,50
26162,74441,2319,1878,441,1505,373,3.16,2.65,1878,108,635,870
26163,74442,315,260,55,218,42,2.79,2.43,260,9,112,106
26164,74445,1190,1040,150,715,325,2.98,2.53,1040,43,434,281
26165,74446,255,199,56,163,36,2.67,2.83,199,8,88,75
26166,74447,7344,6009,1335,3764,2245,2.47,2.29,6009,521,1749,2015
26167,74450,641,580,61,511,69,2.40,2.94,580,16,204,307
26168,74451,2544,1588,956,1372,216,2.20,3.27,1588,52,536,836
26169,74452,139,108,31,97,11,2.35,-,108,0,60,37
26170,74454,1498,1326,172,1042,284,2.79,2.12,1326,9,555,487
26171,74455,1936,1079,857,880,199,2.45,3.51,1079,30,305,575
26172,74456,77,56,21,41,15,2.22,3.20,56,3,11,30
26173,74457,188,116,72,98,18,1.83,3.50,116,14,39,59
26174,74458,50,36,14,32,4,2.78,3.50,36,0,15,17
26175,74459,53,40,13,35,5,1.71,1.20,40,6,16,19
26176,74460,233,192,41,165,27,1.85,1.81,192,5,23,142
26177,74462,4133,2882,1251,2121,761,2.48,2.37,2882,185,911,1210
26178,74463,106,75,31,44,31,2.86,1.55,75,4,13,31
26179,74464,13330,11412,1918,6585,4827,2.76,2.30,11412,882,3245,3340
26180,74467,6749,5523,1226,3699,1824,2.45,2.60,5523,290,1841,1858
26181,74468,161,152,9,139,13,2.32,4.08,152,3,54,85
26182,74469,791,697,94,459,238,2.62,2.74,697,45,224,235
26183,74470,786,679,107,504,175,2.31,1.91,679,11,176,328
26184,74471,672,521,151,452,69,2.57,1.75,521,32,166,286
26185,74472,301,250,51,201,49,2.38,2.61,250,3,84,117
26186,74477,91,9,82,0,9,-,-,9,0,0,0
26187,74501,12985,10828,2157,7559,3269,2.46,2.40,10828,910,3793,3766
26188,74521,36,25,11,15,10,2.67,3.70,25,1,1,14
26189,74522,99,87,12,84,3,1.77,4.33,87,5,29,55
26190,74523,2758,2112,646,1563,549,2.62,2.13,2112,217,586,977
26191,74525,4134,3379,755,2467,912,2.80,2.33,3379,270,960,1507
26192,74528,74,43,31,39,4,2.46,-,43,0,2,37
26193,74530,117,88,29,76,12,2.28,2.75,88,0,16,60
26194,74531,462,297,165,218,79,3.16,4.77,297,5,67,151
26195,74533,399,346,53,272,74,2.98,2.81,346,14,96,176
26196,74534,97,58,39,48,10,2.06,4.40,58,3,9,39
26197,74535,53,34,19,34,0,2.74,-,34,0,10,24
26198,74536,887,621,266,431,190,2.41,2.40,621,84,111,320
26199,74538,1903,1538,365,1104,434,2.52,2.55,1538,133,410,694
26200,74540,89,67,22,55,12,2.29,2.67,67,0,6,49
26201,74543,232,174,58,158,16,2.53,2.69,174,0,40,118
26202,74546,359,274,85,173,101,2.43,2.62,274,15,64,109
26203,74547,1457,1163,294,879,284,2.70,2.38,1163,86,322,557
26204,74549,63,35,28,22,13,2.36,3.38,35,0,0,22
26205,74552,449,377,72,311,66,2.58,2.79,377,19,139,172
26206,74553,641,487,154,393,94,2.57,2.94,487,19,175,218
26207,74554,1038,864,174,491,373,2.20,2.49,864,119,267,224
26208,74555,308,225,83,183,42,2.75,2.26,225,5,57,126
26209,74556,168,144,24,124,20,1.99,3.05,144,7,33,91
26210,74557,482,230,252,208,22,2.70,3.05,230,8,55,153
26211,74558,184,143,41,111,32,3.01,2.78,143,4,19,92
26212,74560,279,179,100,144,35,2.57,2.66,179,6,52,92
26213,74561,933,739,194,558,181,2.44,2.08,739,47,227,331
26214,74562,410,294,116,235,59,2.83,2.27,294,10,102,133
26215,74563,948,774,174,617,157,2.43,2.30,774,39,213,404
26216,74565,232,171,61,136,35,3.05,2.63,171,2,43,93
26217,74567,67,51,16,42,9,2.21,-,51,5,13,29
26218,74569,283,226,57,182,44,2.60,3.23,226,9,47,135
26219,74570,651,458,193,386,72,2.53,2.76,458,5,95,291
26220,74571,1778,1405,373,977,428,2.31,2.12,1405,121,339,638
26221,74572,337,286,51,244,42,2.75,3.43,286,8,110,134
26222,74574,637,482,155,398,84,2.58,2.08,482,14,113,285
26223,74576,118,88,30,79,9,1.77,-,88,9,9,70
26224,74577,155,122,33,91,31,1.73,2.35,122,6,18,73
26225,74578,2682,2238,444,1463,775,2.33,2.75,2238,85,587,876
26226,74601,9055,7239,1816,4305,2934,2.68,2.55,7239,708,1861,2444
26227,74604,5423,4736,687,3701,1035,2.61,2.21,4736,195,1838,1863
26228,74630,265,191,74,144,47,2.29,2.38,191,6,39,105
26229,74631,3495,2632,863,1778,854,2.55,2.81,2632,190,486,1292
26230,74632,368,218,150,177,41,1.94,2.24,218,3,47,130
26231,74633,196,151,45,127,24,4.66,2.71,151,0,65,62
26232,74636,114,86,28,58,28,3.12,4.29,86,0,12,46
26233,74637,863,619,244,522,97,2.51,2.86,619,40,96,426
26234,74640,106,90,16,82,8,1.82,5.88,90,4,22,60
26235,74641,425,249,176,233,16,2.33,3.06,249,7,110,123
26236,74643,268,174,94,133,41,3.14,2.73,174,2,40,93
26237,74644,262,205,57,180,25,2.48,3.36,205,4,49,131
26238,74646,136,65,71,65,0,2.89,-,65,0,12,53
26239,74647,1551,1200,351,922,278,2.67,2.33,1200,52,399,523
26240,74650,318,184,134,158,26,2.87,3.35,184,19,38,120
26241,74651,394,360,34,259,101,1.94,3.57,360,15,140,119
26242,74652,501,384,117,338,46,2.04,2.07,384,10,60,278
26243,74653,1808,1584,224,1113,471,2.28,2.58,1584,79,396,717
26244,74701,10789,9777,1012,5285,4492,2.67,2.46,9777,562,2637,2648
26245,74720,192,166,26,120,46,2.61,2.09,166,11,41,79
26246,74721,0,0,0,0,0,-,-,0,0,0,0
26247,74722,104,58,46,43,15,3.95,2.53,58,3,6,37
26248,74723,658,512,146,401,111,2.41,2.62,512,25,112,289
26249,74724,95,56,39,46,10,3.57,3.10,56,4,7,39
26250,74726,1004,849,155,609,240,2.13,1.98,849,47,195,414
26251,74727,1057,862,195,574,288,2.48,2.16,862,44,176,398
26252,74728,5058,3953,1105,2873,1080,2.71,3.03,3953,281,1069,1804
26253,74729,1204,1016,188,822,194,2.56,2.54,1016,43,306,516
26254,74730,2082,1940,142,1252,688,2.71,2.57,1940,99,738,514
26255,74731,801,583,218,538,45,2.70,3.56,583,30,121,417
26256,74733,1380,1236,144,836,400,2.28,2.82,1236,91,373,463
26257,74734,438,354,84,295,59,2.39,2.71,354,17,93,202
26258,74735,893,695,198,547,148,3.07,2.66,695,49,156,391
26259,74736,365,313,52,265,48,2.82,2.48,313,7,116,149
26260,74737,24,17,7,16,1,2.81,13.00,17,0,0,16
26261,74738,258,184,74,152,32,2.51,2.47,184,4,65,87
26262,74740,955,777,178,582,195,2.71,2.42,777,65,183,399
26263,74741,391,347,44,284,63,2.45,2.78,347,17,98,186
26264,74743,3969,3298,671,1947,1351,2.28,2.43,3298,334,813,1134
26265,74745,4364,3543,821,2282,1261,2.54,3.00,3543,380,855,1427
26266,74747,184,165,19,109,56,3.03,1.45,165,10,38,71
26267,74748,258,196,62,180,16,2.68,6.19,196,3,44,136
26268,74750,88,75,13,68,7,3.10,2.71,75,4,17,51
26269,74753,41,35,6,17,18,-,2.17,35,0,0,17
26270,74754,220,177,43,144,33,2.95,4.48,177,11,51,93
26271,74755,48,18,30,18,0,2.44,-,18,0,6,12
26272,74756,330,241,89,193,48,2.87,2.54,241,12,76,117
26273,74759,617,492,125,426,66,2.46,2.55,492,7,192,234
26274,74760,98,64,34,21,43,2.29,2.07,64,5,0,21
26275,74761,35,25,10,21,4,2.00,4.25,25,1,7,14
26276,74764,1484,1253,231,964,289,2.83,2.17,1253,63,278,686
26277,74766,499,435,64,360,75,2.70,3.23,435,31,110,250
26278,74801,9766,8381,1385,4918,3463,2.53,2.65,8381,680,2354,2564
26279,74804,8604,7783,821,5442,2341,2.70,2.31,7783,359,3104,2338
26280,74820,14057,11852,2205,7231,4621,2.60,2.37,11852,784,4296,2935
26281,74824,512,412,100,366,46,3.46,2.57,412,15,154,212
26282,74825,893,683,210,523,160,2.63,2.13,683,26,261,262
26283,74826,593,503,90,427,76,2.54,2.93,503,9,215,212
26284,74827,249,135,114,107,28,2.11,4.14,135,1,35,72
26285,74829,304,202,102,160,42,2.65,2.00,202,13,40,120
26286,74830,77,57,20,49,8,3.57,2.88,57,2,12,37
26287,74831,354,258,96,207,51,2.84,2.35,258,13,77,130
26288,74832,354,309,45,245,64,2.54,3.16,309,12,122,123
26289,74833,236,193,43,149,44,2.74,2.89,193,1,73,76
26290,74834,3175,2844,331,2283,561,2.60,2.44,2844,64,1187,1096
26291,74836,157,131,26,110,21,-,5.24,131,0,0,110
26292,74837,92,74,18,61,13,1.38,4.62,74,0,5,56
26293,74839,390,229,161,178,51,3.70,5.27,229,10,50,128
26294,74840,896,711,185,560,151,2.83,2.68,711,32,258,302
26295,74842,150,116,34,80,36,2.28,2.11,116,7,42,38
26296,74843,107,90,17,85,5,3.68,5.60,90,0,51,34
26297,74844,169,120,49,87,33,2.00,3.91,120,2,21,66
26298,74845,190,123,67,103,20,3.11,3.05,123,10,26,77
26299,74848,3078,2090,988,1540,550,2.96,3.55,2090,131,459,1081
26300,74849,1433,1153,280,820,333,2.37,2.65,1153,104,283,537
26301,74850,152,102,50,81,21,2.73,3.29,102,1,19,62
26302,74851,3877,3562,315,2912,650,2.85,2.35,3562,57,1514,1398
26303,74852,672,540,132,462,78,2.43,3.05,540,19,150,312
26304,74854,801,642,159,510,132,2.87,2.90,642,19,196,314
26305,74855,1805,1620,185,1211,409,2.75,2.75,1620,53,583,628
26306,74856,302,240,62,194,46,3.23,2.37,240,19,76,118
26307,74857,4464,4056,408,3603,453,2.55,2.68,4056,36,2197,1406
26308,74859,2863,2257,606,1538,719,2.57,2.78,2257,197,616,922
26309,74860,709,582,127,531,51,2.94,2.02,582,13,238,293
26310,74864,2023,1719,304,1388,331,2.66,2.42,1719,56,599,789
26311,74865,860,744,116,652,92,2.73,3.49,744,19,255,397
26312,74866,35,29,6,25,4,2.24,3.00,29,0,10,15
26313,74867,412,229,183,164,65,2.28,3.02,229,9,28,136
26314,74868,5221,4380,841,2968,1412,2.80,2.68,4380,304,1199,1769
26315,74869,326,283,43,222,61,1.99,2.67,283,1,94,128
26316,74871,1160,1004,156,864,140,2.33,3.22,1004,18,347,517
26317,74872,1414,1130,284,781,349,2.52,2.52,1130,40,435,346
26318,74873,4489,3880,609,2965,915,2.92,2.93,3880,139,1690,1275
26319,74875,451,354,97,297,57,3.11,2.88,354,13,138,159
26320,74878,831,684,147,626,58,2.39,2.36,684,4,177,449
26321,74880,919,683,236,544,139,2.78,2.46,683,57,211,333
26322,74881,2215,1956,259,1594,362,2.67,2.18,1956,50,762,832
26323,74883,1143,788,355,534,254,2.60,2.85,788,59,119,415
26324,74884,2798,2088,710,1350,738,2.64,2.54,2088,200,478,872
26325,74901,848,718,130,440,278,2.44,2.91,718,72,189,251
26326,74902,1797,1676,121,1187,489,2.44,2.66,1676,86,538,649
26327,74930,922,777,145,653,124,2.58,2.21,777,36,253,400
26328,74931,567,452,115,386,66,2.84,2.50,452,41,148,238
26329,74932,1046,885,161,680,205,2.72,3.18,885,18,280,400
26330,74935,80,64,16,44,20,3.02,2.65,64,1,10,34
26331,74936,536,454,82,341,113,2.87,3.10,454,19,98,243
26332,74937,2378,1776,602,1279,497,2.95,2.88,1776,97,498,781
26333,74939,397,213,184,155,58,2.02,2.60,213,9,50,105
26334,74940,1011,855,156,651,204,3.19,3.18,855,41,259,392
26335,74941,1108,882,226,628,254,3.06,2.47,882,38,228,400
26336,74942,71,53,18,37,16,2.76,2.00,53,7,12,25
26337,74943,47,41,6,32,9,3.28,2.56,41,0,4,28
26338,74944,516,445,71,359,86,2.60,2.40,445,23,108,251
26339,74945,87,61,26,48,13,2.71,3.54,61,5,18,30
26340,74946,46,29,17,15,14,1.87,3.14,29,2,3,12
26341,74947,52,33,19,22,11,4.32,1.45,33,2,10,12
26342,74948,5235,4298,937,3315,983,2.70,2.38,4298,155,1521,1794
26343,74949,163,131,32,97,34,1.48,1.85,131,0,57,40
26344,74951,691,562,129,347,215,1.89,3.33,562,41,70,277
26345,74953,4811,4280,531,2878,1402,2.77,2.78,4280,275,1513,1365
26346,74954,1973,1627,346,1038,589,2.86,3.12,1627,44,627,411
26347,74955,6477,5519,958,3759,1760,2.56,2.94,5519,312,1878,1881
26348,74956,871,721,150,524,197,2.85,2.47,721,27,253,271
26349,74957,544,340,204,295,45,2.52,2.64,340,7,90,205
26350,74959,2704,2340,364,1676,664,2.71,2.28,2340,195,879,797
26351,74960,4968,4105,863,2735,1370,2.98,2.83,4105,411,976,1759
26352,74962,2255,1622,633,1223,399,2.51,2.55,1622,59,432,791
26353,74963,248,194,54,166,28,2.58,2.82,194,3,31,135
26354,74964,988,822,166,638,184,2.60,3.50,822,48,192,446
26355,74965,1995,1689,306,1080,609,2.92,2.97,1689,185,441,639
26356,74966,1617,1276,341,1060,216,2.62,2.75,1276,58,485,575
26357,75001,9896,8835,1061,1402,7433,1.76,1.86,8835,230,802,600
26358,75002,23265,22095,1170,17603,4492,3.30,2.85,22095,367,13341,4262
26359,75006,18838,18161,677,9303,8858,2.71,2.56,18161,464,5902,3401
26360,75007,20878,19938,940,13770,6168,2.78,2.59,19938,845,8830,4940
26361,75009,7796,7649,147,6839,810,3.14,3.93,7649,66,5370,1469
26362,75010,12910,11912,998,5988,5924,2.98,2.05,11912,264,4634,1354
26363,75013,16646,15596,1050,10453,5143,3.21,2.17,15596,504,7687,2766
26364,75019,17303,16834,469,11136,5698,2.85,2.21,16834,229,7454,3682
26365,75020,10414,9179,1235,5540,3639,2.45,2.55,9179,661,2656,2884
26366,75021,3915,3462,453,2732,730,2.66,2.77,3462,114,1250,1482
26367,75022,8981,8756,225,7604,1152,3.13,2.25,8756,22,5260,2344
26368,75023,19014,18162,852,11298,6864,2.71,2.61,18162,549,6903,4395
26369,75024,19191,17539,1652,6718,10821,2.96,2.16,17539,722,4163,2555
26370,75025,19058,18342,716,12324,6018,2.97,2.71,18342,278,8255,4069
26371,75028,17458,16938,520,14042,2896,2.83,2.46,16938,248,10900,3142
26372,75032,12218,11621,597,9723,1898,3.09,2.63,11621,134,6697,3026
26373,75033,14913,14047,866,10630,3417,3.38,2.53,14047,169,8880,1750
26374,75034,20773,19088,1685,8192,10896,3.04,1.91,19088,1127,6032,2160
26375,75035,27536,26190,1346,20006,6184,3.25,2.63,26190,517,15231,4775
26376,75036,11176,10912,264,9604,1308,2.86,2.66,10912,24,7255,2349
26377,75038,14643,13540,1103,2430,11110,2.43,2.35,13540,608,1305,1125
26378,75039,12134,11027,1107,1679,9348,2.72,1.86,11027,381,1228,451
26379,75040,20995,20033,962,13860,6173,3.22,3.19,20033,583,8087,5773
26380,75041,10435,9799,636,5990,3809,3.25,3.13,9799,435,3622,2368
26381,75042,12080,11552,528,6583,4969,3.28,3.33,11552,691,3441,3142
26382,75043,22985,21955,1030,13229,8726,3.06,2.78,21955,1492,8414,4815
26383,75044,16397,15958,439,10347,5611,2.85,2.89,15958,413,6374,3973
26384,75048,9631,9387,244,8511,876,2.91,2.48,9387,217,6118,2393
26385,75050,16886,15559,1327,6876,8683,3.14,2.50,15559,757,3625,3251
26386,75051,14153,13150,1003,6181,6969,3.42,2.66,13150,969,3586,2595
26387,75052,31791,30366,1425,20497,9869,3.34,2.75,30366,835,13746,6751
26388,75054,4824,4789,35,4349,440,3.42,2.17,4789,34,3629,720
26389,75056,27248,25494,1754,15184,10310,2.82,2.08,25494,540,11210,3974
26390,75057,6845,6198,647,2373,3825,3.08,2.47,6198,118,1330,1043
26391,75058,1091,984,107,799,185,3.37,3.48,984,8,535,264
26392,75060,15344,14542,802,9178,5364,3.25,3.65,14542,611,5249,3929
26393,75061,19931,18502,1429,7352,11150,3.44,2.81,18502,1063,4457,2895
26394,75062,18408,17490,918,7275,10215,3.22,2.71,17490,918,4171,3104
26395,75063,18255,17190,1065,6362,10828,3.01,2.27,17190,926,4276,2086
26396,75065,4888,4693,195,3378,1315,2.78,2.39,4693,46,2364,1014
26397,75067,28850,27002,1848,9814,17188,2.85,2.30,27002,833,6570,3244
26398,75068,21128,20531,597,16968,3563,3.21,3.18,20531,568,13972,2996
26399,75069,15919,14537,1382,7490,7047,2.72,2.38,14537,1056,4377,3113
26400,75070,21791,20576,1215,11473,9103,2.98,2.22,20576,310,9080,2393
26401,75071,21818,20893,925,15513,5380,3.11,2.70,20893,670,11803,3710
26402,75072,18133,17585,548,14383,3202,3.11,3.03,17585,206,11038,3345
26403,75074,18451,17678,773,9736,7942,3.11,2.69,17678,726,6400,3336
26404,75075,15446,14473,973,8855,5618,2.57,2.36,14473,517,5321,3534
26405,75076,4463,3384,1079,2705,679,2.56,2.44,3384,32,1434,1271
26406,75077,13859,13420,439,10913,2507,3.08,2.17,13420,568,7834,3079
26407,75078,11262,10613,649,9420,1193,3.43,3.03,10613,122,7708,1712
26408,75080,20258,18861,1397,10280,8581,2.69,2.64,18861,944,5865,4415
26409,75081,14507,13677,830,7292,6385,2.78,2.55,13677,755,4415,2877
26410,75082,11895,11054,841,5971,5083,2.80,1.98,11054,163,3340,2631
26411,75087,14190,13795,395,11237,2558,2.91,2.36,13795,223,8282,2955
26412,75088,9517,9261,256,7588,1673,2.72,3.35,9261,125,5151,2437
26413,75089,11789,11218,571,9198,2020,3.18,2.94,11218,155,6973,2225
26414,75090,9769,8466,1303,5507,2959,2.86,2.60,8466,488,2277,3230
26415,75092,12341,11395,946,6360,5035,2.52,2.13,11395,376,3368,2992
26416,75093,20630,19245,1385,11617,7628,2.69,2.02,19245,782,7413,4204
26417,75094,6407,6377,30,5760,617,3.49,5.24,6377,118,3837,1923
26418,75098,21204,20326,878,15616,4710,3.27,2.80,20326,185,11244,4372
26419,75101,244,222,22,117,105,3.32,2.77,222,0,37,80
26420,75102,797,596,201,506,90,2.98,3.20,596,18,222,284
26421,75103,7078,6220,858,5158,1062,2.53,2.38,6220,140,2219,2939
26422,75104,17002,16342,660,11582,4760,3.05,2.90,16342,449,8446,3136
26423,75105,60,37,23,34,3,5.68,4.00,37,0,22,12
26424,75109,1940,1626,314,1367,259,2.58,2.90,1626,30,736,631
26425,75110,11577,10160,1417,6208,3952,3.12,2.64,10160,572,2951,3257
26426,75114,2212,1996,216,1732,264,3.30,2.73,1996,11,1016,716
26427,75115,20974,19906,1068,13587,6319,2.99,2.34,19906,846,9375,4212
26428,75116,7476,7030,446,4135,2895,2.99,2.95,7030,255,2398,1737
26429,75117,1847,1543,304,1179,364,3.31,2.33,1543,72,700,479
26430,75119,10854,9900,954,6812,3088,2.96,2.73,9900,142,3644,3168
26431,75124,2250,1776,474,1444,332,2.87,3.16,1776,44,675,769
26432,75125,2301,2210,91,1741,469,3.10,3.80,2210,54,628,1113
26433,75126,20005,19298,707,15830,3468,3.20,2.74,19298,353,11944,3886
26434,75127,853,762,91,627,135,2.39,2.65,762,9,159,468
26435,75132,0,0,0,0,0,-,-,0,0,0,0
26436,75134,6883,6653,230,4904,1749,2.88,2.94,6653,166,3477,1427
26437,75135,2616,2504,112,2073,431,3.27,3.00,2504,34,1319,754
26438,75137,7226,6832,394,4770,2062,2.91,2.64,6832,169,2853,1917
26439,75140,3124,2589,535,2014,575,2.83,2.62,2589,83,698,1316
26440,75141,1129,1005,124,530,475,3.94,3.55,1005,30,276,254
26441,75142,7832,7291,541,5475,1816,3.16,2.77,7291,308,2521,2954
26442,75143,7653,5815,1838,4750,1065,2.55,2.88,5815,178,2251,2499
26443,75144,1592,1326,266,932,394,3.07,2.84,1326,104,314,618
26444,75146,9084,8585,499,5273,3312,2.88,2.83,8585,498,3627,1646
26445,75147,2985,2621,364,1884,737,2.54,2.81,2621,95,627,1257
26446,75148,3550,2552,998,1902,650,2.29,2.78,2552,178,889,1013
26447,75149,20429,19362,1067,12810,6552,3.09,2.97,19362,585,7786,5024
26448,75150,24264,22642,1622,11121,11521,3.16,2.54,22642,1471,6239,4882
26449,75152,2017,1871,146,1423,448,2.94,3.36,1871,67,897,526
26450,75153,238,146,92,93,53,3.31,3.91,146,8,36,57
26451,75154,15491,14798,693,12470,2328,3.24,2.82,14798,428,8033,4437
26452,75155,1069,963,106,771,192,3.53,2.31,963,29,417,354
26453,75156,8994,6734,2260,4945,1789,2.44,2.49,6734,346,2005,2940
26454,75157,123,111,12,93,18,1.95,1.56,111,4,39,54
26455,75158,1887,1766,121,1552,214,3.16,2.62,1766,33,840,712
26456,75159,7007,6356,651,4950,1406,3.45,2.48,6356,204,2921,2029
26457,75160,9024,8486,538,5866,2620,2.87,2.71,8486,420,3474,2392
26458,75161,3027,2869,158,2356,513,2.79,2.88,2869,15,1102,1254
26459,75163,1586,1118,468,951,167,2.17,2.31,1118,31,348,603
26460,75164,151,151,0,142,9,1.87,1.67,151,0,67,75
26461,75165,17432,16267,1165,10342,5925,3.00,2.53,16267,738,6754,3588
26462,75166,1853,1853,0,1621,232,3.08,2.60,1853,0,1322,299
26463,75167,4113,3984,129,3678,306,3.04,3.71,3984,93,2500,1178
26464,75169,6317,5583,734,4198,1385,2.59,2.58,5583,275,1760,2438
26465,75172,1867,1779,88,1083,696,2.86,2.57,1779,128,517,566
26466,75173,2875,2488,387,2236,252,3.11,5.31,2488,60,1668,568
26467,75180,8285,7483,802,4795,2688,3.68,3.28,7483,381,2697,2098
26468,75181,8161,7865,296,6866,999,3.41,3.91,7865,145,5013,1853
26469,75182,2686,2569,117,2207,362,3.07,2.40,2569,134,1639,568
26470,75189,12203,11731,472,10554,1177,2.99,3.11,11731,177,7770,2784
26471,75201,12358,11165,1193,1196,9969,1.62,1.48,11165,926,683,513
26472,75202,1806,1461,345,455,1006,1.54,1.46,1461,140,309,146
26473,75203,7084,6229,855,2233,3996,2.91,2.48,6229,1205,995,1238
26474,75204,21708,18689,3019,3725,14964,1.75,1.68,18689,1336,2620,1105
26475,75205,10379,9143,1236,5417,3726,2.78,1.92,9143,294,3340,2077
26476,75206,24568,20910,3658,6066,14844,2.05,1.72,20910,1208,4429,1637
26477,75207,2371,2209,162,9,2200,-,1.28,2209,26,0,9
26478,75208,12737,11638,1099,6388,5250,2.75,2.32,11638,770,3435,2953
26479,75209,7441,6721,720,4048,2673,2.36,1.71,6721,303,2317,1731
26480,75210,3290,2855,435,921,1934,3.04,3.35,2855,549,424,497
26481,75211,24187,22504,1683,12042,10462,3.32,3.15,22504,1690,5488,6554
26482,75212,8653,8099,554,4300,3799,3.75,2.71,8099,1144,1622,2678
26483,75214,16917,15278,1639,8630,6648,2.55,1.73,15278,1150,5580,3050
26484,75215,8220,7008,1212,2249,4759,2.82,2.31,7008,1735,1047,1202
26485,75216,20904,18934,1970,9616,9318,2.91,2.88,18934,3371,3350,6266
26486,75217,25491,23912,1579,13846,10066,3.80,3.49,23912,1961,6870,6976
26487,75218,10313,9434,879,5991,3443,2.31,2.15,9434,428,3846,2145
26488,75219,18795,15936,2859,4931,11005,1.43,1.54,15936,1011,3044,1887
26489,75220,15733,14009,1724,4339,9670,2.68,3.00,14009,1490,2350,1989
26490,75223,5187,4580,607,2075,2505,3.20,3.04,4580,380,768,1307
26491,75224,12426,11712,714,5945,5767,3.13,2.98,11712,1171,2389,3556
26492,75225,9724,8869,855,6962,1907,2.61,1.79,8869,309,3873,3089
26493,75226,2609,2381,228,171,2210,2.05,1.78,2381,243,0,171
26494,75227,19481,18465,1016,10531,7934,3.25,3.00,18465,1430,5909,4622
26495,75228,27158,24624,2534,11424,13200,2.99,2.80,24624,2509,7008,4416
26496,75229,12420,11429,991,7799,3630,2.78,3.09,11429,246,5292,2507
26497,75230,14510,12934,1576,8029,4905,2.23,1.69,12934,929,4422,3607
26498,75231,21011,17536,3475,3001,14535,2.31,2.17,17536,2285,1480,1521
26499,75232,11868,11559,309,7500,4059,3.06,2.60,11559,1138,3616,3884
26500,75233,5089,4984,105,2543,2441,3.15,3.52,4984,438,1334,1209
26501,75234,13304,11789,1515,7353,4436,2.82,2.68,11789,366,4202,3151
26502,75235,9382,8698,684,2039,6659,2.51,1.99,8698,908,954,1085
26503,75236,7294,6501,793,1972,4529,3.40,2.39,6501,905,1209,763
26504,75237,8855,7943,912,1065,6878,3.20,2.22,7943,1831,640,425
26505,75238,14133,12950,1183,6539,6411,2.67,2.23,12950,701,4192,2347
26506,75240,11752,10230,1522,2541,7689,2.41,2.64,10230,1077,1676,865
26507,75241,11308,10481,827,6439,4042,2.67,3.05,10481,1353,3211,3228
26508,75243,31129,27814,3315,6930,20884,2.46,2.29,27814,3173,3852,3078
26509,75244,6483,5701,782,2826,2875,2.38,2.10,5701,211,1657,1169
26510,75246,1519,1250,269,208,1042,2.18,1.73,1250,233,159,49
26511,75247,246,229,17,0,229,-,1.38,229,101,0,0
26512,75248,18158,16306,1852,8499,7807,2.53,1.88,16306,548,4968,3531
26513,75249,5345,5315,30,4048,1267,3.18,3.73,5315,36,3281,767
26514,75251,2793,2292,501,0,2292,-,1.66,2292,241,0,0
26515,75252,14391,12458,1933,5417,7041,2.36,2.06,12458,914,3508,1909
26516,75253,6881,6468,413,4178,2290,3.37,4.34,6468,180,2207,1971
26517,75254,13609,11285,2324,2327,8958,2.06,2.14,11285,738,1542,785
26518,75261,0,0,0,0,0,-,-,0,0,0,0
26519,75270,0,0,0,0,0,-,-,0,0,0,0
26520,75287,29896,26947,2949,6057,20890,2.33,1.81,26947,1650,4041,2016
26521,75390,0,0,0,0,0,-,-,0,0,0,0
26522,75401,8674,7952,722,4104,3848,2.70,2.45,7952,560,2062,2042
26523,75402,7793,6933,860,4648,2285,2.65,2.60,6933,473,2431,2217
26524,75407,8445,7998,447,5980,2018,3.10,3.12,7998,275,3991,1989
26525,75409,7617,6823,794,5244,1579,3.01,2.94,6823,0,3665,1579
26526,75410,2502,2029,473,1769,260,2.20,2.25,2029,43,499,1270
26527,75411,477,327,150,148,179,3.69,1.60,327,0,27,121
26528,75412,332,240,92,195,45,2.24,2.78,240,0,42,153
26529,75413,79,70,9,47,23,2.79,2.48,70,7,14,33
26530,75414,1327,1116,211,919,197,2.72,2.50,1116,47,425,494
26531,75415,128,122,6,112,10,2.70,1.50,122,0,51,61
26532,75416,1232,1083,149,897,186,2.68,2.63,1083,20,356,541
26533,75417,1116,878,238,676,202,2.88,2.62,878,38,211,465
26534,75418,5713,4953,760,3389,1564,2.51,2.18,4953,254,1489,1900
26535,75420,648,604,44,525,79,2.01,4.14,604,42,215,310
26536,75421,343,235,108,203,32,2.98,7.72,235,0,113,90
26537,75422,1328,1161,167,894,267,2.30,3.02,1161,8,370,524
26538,75423,1327,1146,181,933,213,2.63,2.84,1146,35,422,511
26539,75424,1364,1282,82,1083,199,2.98,2.29,1282,0,589,494
26540,75426,2482,1704,778,1219,485,2.08,2.21,1704,63,288,931
26541,75428,4541,3742,799,1887,1855,2.72,2.26,3742,362,860,1027
26542,75429,0,0,0,0,0,-,-,0,0,0,0
26543,75431,676,506,170,376,130,2.99,4.76,506,0,110,266
26544,75432,1334,1082,252,823,259,2.63,3.22,1082,76,451,372
26545,75433,1323,1175,148,897,278,2.48,3.29,1175,44,343,554
26546,75434,0,0,0,0,0,-,-,0,0,0,0
26547,75435,650,471,179,325,146,2.61,1.99,471,26,132,193
26548,75436,954,749,205,563,186,2.85,2.97,749,35,278,285
26549,75437,531,434,97,397,37,2.59,1.76,434,14,211,186
26550,75438,418,350,68,260,90,2.62,3.01,350,12,111,149
26551,75439,471,417,54,213,204,2.50,2.98,417,15,82,131
26552,75440,3258,2578,680,2064,514,2.49,2.85,2578,98,1055,1009
26553,75441,102,102,0,94,8,1.27,1.88,102,0,0,94
26554,75442,4264,3843,421,3051,792,2.52,3.40,3843,124,1546,1505
26555,75446,1695,1377,318,1033,344,2.54,2.48,1377,63,321,712
26556,75447,460,423,37,388,35,2.56,1.94,423,22,223,165
26557,75448,343,343,0,317,26,2.66,2.96,343,0,107,210
26558,75449,608,438,170,266,172,2.53,2.85,438,29,90,176
26559,75450,233,177,56,168,9,1.54,5.56,177,0,132,36
26560,75451,836,541,295,496,45,2.80,1.96,541,39,163,333
26561,75452,1714,1484,230,1066,418,3.26,2.84,1484,22,574,492
26562,75453,1190,1046,144,883,163,2.64,2.61,1046,26,379,504
26563,75454,4858,4705,153,4127,578,3.21,3.62,4705,0,3379,748
26564,75455,10198,9116,1082,5881,3235,3.15,2.47,9116,460,2694,3187
26565,75457,2832,1936,896,1389,547,3.14,3.25,1936,64,706,683
26566,75459,2141,1988,153,1358,630,2.83,2.96,1988,57,859,499
26567,75460,11643,10235,1408,5202,5033,2.39,2.25,10235,1119,2106,3096
26568,75462,4606,4294,312,3244,1050,2.61,2.53,4294,132,1540,1704
26569,75468,392,379,13,348,31,2.79,3.10,379,0,166,182
26570,75469,204,142,62,128,14,2.31,3.57,142,2,48,80
26571,75470,147,108,39,83,25,1.81,2.08,108,25,19,64
26572,75471,768,645,123,408,237,2.73,3.21,645,8,164,244
26573,75472,2050,1623,427,1225,398,2.75,2.61,1623,72,666,559
26574,75473,1516,1410,106,1324,86,2.73,1.80,1410,21,499,825
26575,75474,6968,5969,999,4713,1256,2.50,3.52,5969,192,2286,2427
26576,75475,32,25,7,25,0,1.24,-,25,0,5,20
26577,75476,545,491,54,431,60,2.22,1.93,491,6,127,304
26578,75477,462,380,82,261,119,3.07,2.52,380,9,108,153
26579,75478,352,317,35,241,76,2.55,2.78,317,3,63,178
26580,75479,831,730,101,584,146,2.61,3.59,730,30,220,364
26581,75480,1291,739,552,739,0,2.42,-,739,10,265,474
26582,75481,202,145,57,136,9,2.84,1.67,145,6,43,93
26583,75482,10671,9550,1121,6225,3325,2.68,2.47,9550,300,2786,3439
26584,75486,1015,939,76,860,79,2.42,4.54,939,21,374,486
26585,75487,621,480,141,394,86,3.10,3.65,480,32,185,209
26586,75488,408,281,127,240,41,2.85,2.76,281,15,97,143
26587,75489,390,368,22,203,165,2.68,2.39,368,3,135,68
26588,75490,1194,1025,169,870,155,2.87,2.56,1025,15,531,339
26589,75491,2062,1859,203,1499,360,2.82,1.89,1859,100,714,785
26590,75492,185,129,56,114,15,2.68,2.40,129,12,68,46
26591,75493,207,180,27,107,73,4.15,3.78,180,0,33,74
26592,75494,4932,3812,1120,3067,745,2.58,3.01,3812,84,1262,1805
26593,75495,3423,3043,380,2532,511,3.09,2.61,3043,22,1613,919
26594,75496,1484,1265,219,1008,257,2.98,2.23,1265,70,433,575
26595,75497,1901,1587,314,1352,235,2.31,2.15,1587,53,567,785
26596,75501,15256,13008,2248,7626,5382,2.53,2.50,13008,1261,3177,4449
26597,75503,11173,10214,959,6398,3816,2.75,2.44,10214,399,3545,2853
26598,75550,383,298,85,266,32,2.77,4.31,298,1,49,217
26599,75551,5003,4283,720,3268,1015,2.52,2.65,4283,397,1427,1841
26600,75554,1067,837,230,713,124,2.40,2.94,837,13,238,475
26601,75555,905,668,237,577,91,2.12,2.19,668,67,143,434
26602,75556,509,414,95,295,119,2.51,3.55,414,21,78,217
26603,75558,661,640,21,640,0,3.06,-,640,11,120,520
26604,75559,2753,2154,599,1494,660,2.44,2.54,2154,95,532,962
26605,75560,512,432,80,347,85,2.45,2.59,432,59,74,273
26606,75561,2380,1932,448,1351,581,2.42,2.33,1932,44,520,831
26607,75562,33,33,0,33,0,2.42,-,33,0,0,33
26608,75563,1929,1570,359,1151,419,2.44,2.16,1570,119,287,864
26609,75564,0,0,0,0,0,-,-,0,0,0,0
26610,75565,37,34,3,7,27,3.29,6.81,34,0,0,7
26611,75566,394,243,151,240,3,2.60,2.67,243,0,73,167
26612,75567,2008,1601,407,1162,439,2.56,2.54,1601,52,476,686
26613,75568,1507,1223,284,851,372,2.18,2.65,1223,85,288,563
26614,75569,1275,1200,75,701,499,2.59,3.33,1200,0,580,121
26615,75570,3792,3166,626,2162,1004,2.83,2.24,3166,284,1148,1014
26616,75571,1305,973,332,897,76,2.41,2.42,973,37,418,479
26617,75572,1803,1458,345,1111,347,2.38,2.37,1458,51,371,740
26618,75573,87,68,19,19,49,2.47,3.49,68,0,9,10
26619,75574,614,482,132,388,94,2.68,1.23,482,8,109,279
26620,75601,6586,5714,872,3605,2109,2.69,2.22,5714,340,1851,1754
26621,75602,8498,7272,1226,4839,2433,2.90,2.46,7272,510,2525,2314
26622,75603,3135,2632,503,2289,343,2.50,2.93,2632,19,1154,1135
26623,75604,12999,11638,1361,6716,4922,2.66,2.42,11638,594,3654,3062
26624,75605,15659,14201,1458,7701,6500,2.62,1.98,14201,878,4368,3333
26625,75630,1504,1028,476,872,156,2.12,2.94,1028,38,253,619
26626,75631,1165,897,268,702,195,2.88,3.44,897,46,324,378
26627,75633,6303,4811,1492,3560,1251,2.58,2.57,4811,152,1652,1908
26628,75638,2295,1939,356,1454,485,2.42,2.90,1939,131,472,982
26629,75639,1307,918,389,833,85,2.65,3.76,918,106,315,518
26630,75640,2174,2000,174,1557,443,2.99,2.55,2000,88,839,718
26631,75641,61,45,16,25,20,1.68,2.30,45,1,11,14
26632,75642,25,25,0,25,0,2.12,-,25,0,0,25
26633,75643,1143,867,276,707,160,2.39,2.79,867,19,278,429
26634,75644,5184,4342,842,3065,1277,2.79,2.95,4342,313,1280,1785
26635,75645,4515,3901,614,3402,499,2.60,2.57,3901,24,1673,1729
26636,75647,5210,4670,540,3330,1340,2.67,2.47,4670,319,1425,1905
26637,75650,3693,3239,454,2204,1035,2.91,2.73,3239,65,1209,995
26638,75651,995,841,154,682,159,2.66,1.82,841,45,306,376
26639,75652,4916,4015,901,2894,1121,2.60,2.62,4015,126,1196,1698
26640,75654,5519,4797,722,3747,1050,2.78,2.31,4797,146,1630,2117
26641,75656,2012,1649,363,1212,437,2.77,3.05,1649,108,455,757
26642,75657,4135,3026,1109,2238,788,2.27,2.79,3026,215,690,1548
26643,75658,8,8,0,8,0,-,-,8,8,8,0
26644,75659,0,0,0,0,0,-,-,0,0,0,0
26645,75661,1723,885,838,702,183,3.00,2.07,885,131,238,464
26646,75662,9702,8510,1192,6563,1947,2.95,2.58,8510,330,3011,3552
26647,75667,603,528,75,417,111,2.74,2.82,528,9,162,255
26648,75668,1217,967,250,626,341,2.20,2.62,967,51,213,413
26649,75669,341,261,80,261,0,4.31,-,261,12,58,203
26650,75670,7547,6303,1244,3761,2542,2.96,2.61,6303,718,1230,2531
26651,75671,0,0,0,0,0,-,-,0,0,0,0
26652,75672,7244,5886,1358,4713,1173,2.88,2.47,5886,331,1998,2715
26653,75680,0,0,0,0,0,-,-,0,0,0,0
26654,75681,1280,1059,221,941,118,2.33,3.11,1059,30,324,617
26655,75682,278,256,22,250,6,2.56,4.67,256,0,105,145
26656,75683,1816,1450,366,1200,250,2.56,3.70,1450,55,358,842
26657,75684,2625,2144,481,1802,342,3.23,3.31,2144,75,659,1143
26658,75686,5910,4628,1282,3549,1079,2.94,2.69,4628,195,1517,2032
26659,75687,0,0,0,0,0,-,-,0,0,0,0
26660,75689,95,56,39,54,2,3.85,2.50,56,0,13,41
26661,75691,1985,1500,485,1133,367,3.26,2.12,1500,40,614,519
26662,75692,2232,1813,419,1640,173,2.52,3.24,1813,95,717,923
26663,75693,2405,2146,259,1509,637,2.90,3.01,2146,3,703,806
26664,75694,0,0,0,0,0,-,-,0,0,0,0
26665,75701,14411,12080,2331,7141,4939,2.74,2.56,12080,717,4179,2962
26666,75702,10279,8409,1870,4385,4024,3.34,2.86,8409,662,2060,2325
26667,75703,19112,16830,2282,8998,7832,2.72,2.25,16830,654,4790,4208
26668,75704,4102,3091,1011,2454,637,3.06,3.00,3091,19,1198,1256
26669,75705,1159,804,355,640,164,3.16,4.25,804,103,305,335
26670,75706,4093,3139,954,2419,720,3.19,3.38,3139,182,965,1454
26671,75707,6507,5635,872,4378,1257,2.57,2.34,5635,146,2234,2144
26672,75708,3799,3028,771,2311,717,3.44,3.39,3028,5,1244,1067
26673,75709,2748,2018,730,1157,861,2.52,1.94,2018,28,710,447
26674,75711,0,0,0,0,0,-,-,0,0,0,0
26675,75750,1385,1293,92,975,318,2.77,2.97,1293,99,377,598
26676,75751,6909,5776,1133,3548,2228,3.02,2.38,5776,601,1519,2029
26677,75752,3490,2773,717,2453,320,2.57,3.56,2773,109,1098,1355
26678,75754,3238,2910,328,2302,608,2.79,2.55,2910,12,1078,1224
26679,75755,2330,1762,568,1102,660,2.40,2.92,1762,91,422,680
26680,75756,1928,1599,329,1177,422,2.58,3.23,1599,37,433,744
26681,75757,5490,4967,523,4212,755,2.72,2.95,4967,53,2203,2009
26682,75758,4584,3721,863,3019,702,2.64,2.39,3721,53,884,2135
26683,75759,38,33,5,31,2,3.48,1.00,33,4,22,9
26684,75760,1444,1118,326,915,203,2.32,1.74,1118,117,274,641
26685,75762,6227,5219,1008,4302,917,2.93,2.17,5219,30,2368,1934
26686,75763,2986,2334,652,2047,287,2.61,3.94,2334,61,744,1303
26687,75764,91,74,17,40,34,3.05,2.53,74,2,24,16
26688,75765,4371,3059,1312,2607,452,2.34,2.36,3059,157,1153,1454
26689,75766,10814,9562,1252,6702,2860,2.67,2.46,9562,680,2741,3961
26690,75770,1387,1010,377,879,131,2.57,1.98,1010,17,402,477
26691,75771,8969,7680,1289,6352,1328,2.65,2.94,7680,92,3164,3188
26692,75773,5926,5245,681,3833,1412,2.59,2.43,5245,367,1387,2446
26693,75778,1457,1038,419,772,266,2.36,2.33,1038,30,217,555
26694,75779,0,0,0,0,0,-,-,0,0,0,0
26695,75780,188,123,65,106,17,2.87,3.41,123,0,22,84
26696,75782,34,20,14,16,4,1.81,1.00,20,0,0,16
26697,75783,4069,3293,776,2825,468,2.47,2.41,3293,164,1265,1560
26698,75784,304,217,87,191,26,3.61,3.04,217,2,50,141
26699,75785,3981,3389,592,2562,827,2.45,2.62,3389,207,1118,1444
26700,75788,28,28,0,0,28,-,-,28,0,0,0
26701,75789,3446,3128,318,2430,698,2.79,3.06,3128,144,1079,1351
26702,75790,1427,1287,140,944,343,2.65,2.56,1287,30,570,374
26703,75791,5510,5005,505,3589,1416,2.86,2.70,5005,151,2368,1221
26704,75792,1325,1046,279,803,243,3.01,2.93,1046,43,270,533
26705,75801,7016,5930,1086,3545,2385,2.73,2.47,5930,351,1750,1795
26706,75803,7004,5845,1159,4159,1686,2.83,2.74,5845,502,1595,2564
26707,75831,2612,1871,741,1259,612,2.67,2.62,1871,81,337,922
26708,75833,1647,933,714,676,257,2.27,2.47,933,28,226,450
26709,75835,6099,4411,1688,2935,1476,2.57,2.49,4411,480,929,2006
26710,75838,314,143,171,112,31,3.12,3.48,143,0,9,103
26711,75839,2415,1993,422,1574,419,2.87,3.35,1993,46,697,877
26712,75840,3202,2321,881,1717,604,2.82,2.44,2321,31,775,942
26713,75844,2936,1779,1157,1265,514,2.64,2.49,1779,110,496,769
26714,75845,1439,939,500,702,237,2.36,1.65,939,121,226,476
26715,75846,1733,1128,605,885,243,2.09,3.78,1128,45,323,562
26716,75847,856,554,302,418,136,2.64,3.92,554,33,49,369
26717,75848,47,35,12,21,14,3.33,1.43,35,0,6,15
26718,75849,56,43,13,27,16,2.04,2.63,43,0,5,22
26719,75850,596,499,97,446,53,2.99,3.98,499,0,239,207
26720,75851,1240,840,400,710,130,2.61,2.42,840,13,303,407
26721,75852,626,467,159,406,61,2.47,3.69,467,28,136,270
26722,75853,573,343,230,301,42,1.91,4.79,343,0,59,242
26723,75855,1707,1160,547,963,197,2.42,2.61,1160,76,145,818
26724,75856,137,76,61,20,56,4.15,1.61,76,0,0,20
26725,75858,92,31,61,17,14,1.88,-,31,0,0,17
26726,75859,1476,948,528,732,216,2.08,2.78,948,13,272,460
26727,75860,2361,1665,696,1432,233,3.00,3.45,1665,50,509,923
26728,75861,992,731,261,409,322,2.54,2.14,731,56,220,189
26729,75862,6089,4365,1724,3113,1252,2.36,2.26,4365,497,1207,1906
26730,75865,3,3,0,3,0,-,-,3,0,0,3
26731,75884,0,0,0,0,0,-,-,0,0,0,0
26732,75886,0,0,0,0,0,-,-,0,0,0,0
26733,75901,11681,10313,1368,6782,3531,2.89,2.44,10313,383,3014,3768
26734,75903,57,57,0,0,57,-,1.72,57,15,0,0
26735,75904,14428,12687,1741,7649,5038,2.78,2.58,12687,991,3915,3734
26736,75925,1575,1316,259,816,500,2.68,2.44,1316,94,233,583
26737,75926,701,522,179,416,106,2.36,2.24,522,4,112,304
26738,75928,533,420,113,376,44,2.73,-,420,46,47,329
26739,75929,1330,603,727,442,161,2.50,2.78,603,8,138,304
26740,75930,1071,690,381,596,94,2.50,1.68,690,3,142,454
26741,75931,1796,824,972,693,131,1.95,3.59,824,57,202,491
26742,75932,1131,527,604,508,19,2.46,4.84,527,32,209,299
26743,75933,708,552,156,514,38,2.84,4.34,552,90,87,427
26744,75934,149,56,93,56,0,3.48,-,56,0,39,17
26745,75935,5426,4439,987,3362,1077,2.65,3.14,4439,160,1058,2304
26746,75936,455,291,164,258,33,3.09,5.15,291,6,69,189
26747,75937,594,444,150,380,64,2.86,3.33,444,2,115,265
26748,75938,1627,944,683,761,183,2.28,2.62,944,78,190,571
26749,75939,2102,1604,498,1117,487,3.54,2.93,1604,95,255,862
26750,75941,2853,2484,369,1959,525,2.94,3.17,2484,161,745,1214
26751,75942,73,39,34,0,39,-,4.38,39,39,0,0
26752,75943,515,421,94,359,62,2.90,2.08,421,28,178,181
26753,75944,689,421,268,391,30,2.17,1.90,421,12,122,269
26754,75946,1738,1466,272,1076,390,2.51,2.38,1466,151,392,684
26755,75948,4779,2570,2209,2243,327,2.05,2.81,2570,60,574,1669
26756,75949,4059,3290,769,2330,960,2.49,2.70,3290,106,757,1573
26757,75951,7201,5691,1510,4277,1414,2.53,2.46,5691,372,1389,2888
26758,75954,1447,1006,441,763,243,2.34,3.13,1006,112,69,694
26759,75956,3668,3167,501,2514,653,2.57,2.66,3167,172,702,1812
26760,75959,614,245,369,215,30,3.12,2.40,245,0,69,146
26761,75960,374,205,169,198,7,2.99,1.86,205,0,62,136
26762,75961,7741,6276,1465,2979,3297,2.73,2.04,6276,337,1028,1951
26763,75962,0,0,0,0,0,-,-,0,0,0,0
26764,75964,7813,6775,1038,4331,2444,2.87,2.87,6775,464,1731,2600
26765,75965,8755,7619,1136,3898,3721,2.41,2.00,7619,491,1994,1904
26766,75966,2046,1540,506,1055,485,2.75,2.93,1540,107,312,743
26767,75968,1067,855,212,673,182,2.66,2.38,855,146,211,462
26768,75969,1572,1434,138,1187,247,2.49,1.64,1434,49,518,669
26769,75972,3389,2492,897,1825,667,2.40,2.40,2492,301,468,1357
26770,75973,1554,1111,443,927,184,2.32,3.57,1111,41,204,723
26771,75974,1509,1194,315,841,353,2.67,2.97,1194,134,193,648
26772,75975,1791,1319,472,971,348,2.80,3.24,1319,171,396,575
26773,75976,410,347,63,216,131,3.37,3.58,347,18,52,164
26774,75977,283,158,125,121,37,2.63,1.62,158,19,0,121
26775,75979,5052,3519,1533,2702,817,2.82,2.71,3519,213,993,1709
26776,75980,1984,1009,975,862,147,2.34,2.67,1009,47,175,687
26777,76001,11558,11238,320,8883,2355,3.24,3.46,11238,265,6179,2704
26778,76002,9840,9625,215,8121,1504,3.56,3.63,9625,117,6215,1906
26779,76005,1332,1267,65,1210,57,3.20,1.67,1267,7,804,406
26780,76006,13660,12127,1533,2946,9181,2.53,1.86,12127,457,1374,1572
26781,76008,7450,7224,226,6633,591,3.04,3.30,7224,70,4621,2012
26782,76009,7566,6814,752,5251,1563,3.05,2.97,6814,336,2852,2399
26783,76010,20178,17995,2183,5966,12029,3.43,2.93,17995,1375,3022,2944
26784,76011,11293,9863,1430,1972,7891,2.31,2.13,9863,726,860,1112
26785,76012,11551,10905,646,6870,4035,2.54,2.72,10905,562,3863,3007
26786,76013,14195,13098,1097,6415,6683,2.75,2.34,13098,772,3702,2713
26787,76014,11451,10639,812,5065,5574,3.19,2.90,10639,284,2903,2162
26788,76015,6964,6226,738,2975,3251,2.91,2.73,6226,324,1383,1592
26789,76016,11474,11043,431,8965,2078,2.80,2.77,11043,339,5337,3628
26790,76017,16884,15906,978,10682,5224,2.91,2.72,15906,323,7379,3303
26791,76018,8682,8375,307,6237,2138,3.24,3.87,8375,134,4018,2219
26792,76020,13248,11697,1551,9294,2403,2.82,2.54,11697,271,5388,3906
26793,76021,15207,14596,611,7890,6706,2.58,2.21,14596,691,5048,2842
26794,76022,6199,5717,482,2834,2883,2.64,2.29,5717,279,1685,1149
26795,76023,2602,2430,172,2100,330,3.05,2.43,2430,79,1104,996
26796,76028,26602,25330,1272,19229,6101,2.87,3.09,25330,643,12215,7014
26797,76031,6626,6163,463,4748,1415,3.00,3.00,6163,127,2262,2486
26798,76033,10403,9925,478,6511,3414,2.68,2.47,9925,293,3802,2709
26799,76034,9194,9002,192,8563,439,2.88,2.36,9002,34,5747,2816
26800,76035,1133,897,236,715,182,3.05,3.64,897,11,386,329
26801,76036,10369,9607,762,7114,2493,3.14,2.91,9607,135,5038,2076
26802,76039,18088,17165,923,6656,10509,2.59,2.23,17165,408,4417,2239
26803,76040,12636,11623,1013,4868,6755,3.24,2.21,11623,576,3080,1788
26804,76041,184,173,11,173,0,2.14,-,173,0,129,44
26805,76043,2720,2410,310,1903,507,2.96,2.58,2410,87,956,947
26806,76044,2467,2331,136,2017,314,2.83,2.41,2331,34,1169,848
26807,76048,12746,10566,2180,7428,3138,2.36,2.41,10566,355,3929,3499
26808,76049,13174,11845,1329,10485,1360,2.47,2.38,11845,168,5911,4574
26809,76050,2682,2483,199,1967,516,2.78,2.35,2483,41,1122,845
26810,76051,21487,20488,999,10638,9850,2.71,2.13,20488,822,7366,3272
26811,76052,8341,8180,161,7450,730,3.30,2.31,8180,40,6071,1379
26812,76053,12316,11202,1114,6132,5070,2.63,3.02,11202,377,3593,2539
26813,76054,4816,4650,166,3822,828,2.50,2.74,4650,65,2239,1583
26814,76055,1306,1126,180,858,268,2.93,2.41,1126,8,433,425
26815,76058,7602,7054,548,5142,1912,3.03,2.66,7054,66,2651,2491
26816,76059,1803,1589,214,609,980,3.30,2.58,1589,21,359,250
26817,76060,3188,2908,280,2121,787,2.91,2.49,2908,97,1200,921
26818,76061,79,79,0,79,0,3.32,-,79,0,79,0
26819,76063,25961,24778,1183,18833,5945,3.22,2.66,24778,650,13563,5270
26820,76064,737,702,35,411,291,3.13,2.45,702,0,194,217
26821,76065,14059,13446,613,11106,2340,3.08,2.84,13446,167,8254,2852
26822,76066,1886,1547,339,1266,281,3.26,3.20,1547,169,666,600
26823,76067,8434,7037,1397,4820,2217,2.96,2.61,7037,453,2066,2754
26824,76070,327,307,20,307,0,2.65,-,307,0,288,19
26825,76071,1471,1346,125,1069,277,3.10,3.36,1346,34,709,360
26826,76073,2398,2231,167,1892,339,2.92,2.73,2231,0,990,902
26827,76077,299,183,116,183,0,1.89,-,183,0,72,111
26828,76078,3273,2974,299,2446,528,2.91,3.07,2974,30,1555,891
26829,76082,8318,7281,1037,6088,1193,3.08,2.81,7281,162,3683,2405
26830,76084,3194,2967,227,2615,352,3.14,3.11,2967,37,1696,919
26831,76085,4037,3695,342,3272,423,3.08,2.55,3695,25,2067,1205
26832,76086,9052,8301,751,4420,3881,2.47,2.28,8301,501,2426,1994
26833,76087,12393,10920,1473,9835,1085,2.63,2.59,10920,53,5369,4466
26834,76088,5394,5154,240,4296,858,2.92,2.46,5154,250,2455,1841
26835,76092,9802,9454,348,9030,424,3.33,2.68,9454,168,6263,2767
26836,76093,1355,1291,64,922,369,2.50,2.54,1291,77,559,363
26837,76102,4730,3897,833,961,2936,1.73,1.57,3897,393,451,510
26838,76103,5962,5364,598,3322,2042,3.18,3.13,5364,412,1755,1567
26839,76104,8756,7178,1578,2898,4280,3.03,2.26,7178,813,1077,1821
26840,76105,7863,6934,929,3741,3193,3.47,3.31,6934,661,1106,2635
26841,76106,11462,10809,653,5154,5655,3.71,3.20,10809,555,1734,3420
26842,76107,17067,15053,2014,7058,7995,2.25,1.72,15053,1029,4029,3029
26843,76108,17531,16071,1460,10934,5137,2.76,2.60,16071,294,7146,3788
26844,76109,10830,9528,1302,5025,4503,2.55,2.11,9528,341,2681,2344
26845,76110,12652,11280,1372,6718,4562,3.10,2.72,11280,989,3284,3434
26846,76111,8106,7298,808,4222,3076,3.05,2.81,7298,241,2016,2206
26847,76112,19342,17012,2330,8226,8786,2.70,2.29,17012,1422,4974,3252
26848,76114,10531,9572,959,5359,4213,2.86,2.81,9572,554,2536,2823
26849,76115,6669,6125,544,2880,3245,3.83,3.25,6125,461,927,1953
26850,76116,25243,22075,3168,7624,14451,2.61,2.03,22075,2447,4185,3439
26851,76117,11648,10991,657,5927,5064,2.91,2.99,10991,632,2815,3112
26852,76118,6327,5740,587,4066,1674,2.83,3.02,5740,122,2617,1449
26853,76119,16432,14645,1787,7593,7052,3.55,3.18,14645,1399,2923,4670
26854,76120,8586,7592,994,3852,3740,3.10,2.29,7592,484,3086,766
26855,76123,12324,11887,437,8963,2924,3.16,3.44,11887,212,6911,2052
26856,76126,10047,8922,1125,7343,1579,2.85,2.48,8922,58,4884,2459
26857,76127,45,45,0,0,45,-,2.71,45,0,0,0
26858,76129,0,0,0,0,0,-,-,0,0,0,0
26859,76131,15682,15471,211,11931,3540,3.13,2.89,15471,264,9835,2096
26860,76132,13784,12615,1169,3991,8624,2.45,1.91,12615,957,2320,1671
26861,76133,20223,19012,1211,11572,7440,2.92,2.70,19012,1606,7129,4443
26862,76134,10531,9800,731,5742,4058,3.19,2.65,9800,558,3906,1836
26863,76135,8254,7682,572,5203,2479,2.45,2.42,7682,372,3275,1928
26864,76137,22904,21343,1561,12900,8443,2.93,2.54,21343,275,8942,3958
26865,76140,10620,9767,853,6598,3169,3.32,3.07,9767,662,3916,2682
26866,76148,8183,7965,218,6418,1547,2.86,3.96,7965,100,4045,2373
26867,76155,3718,3354,364,37,3317,6.00,1.87,3354,223,37,0
26868,76164,4734,4283,451,2458,1825,3.43,3.04,4283,336,811,1647
26869,76177,8601,7730,871,3925,3805,3.06,1.92,7730,284,3050,875
26870,76179,24528,23515,1013,18079,5436,3.02,2.90,23515,116,13875,4204
26871,76180,15688,14909,779,7508,7401,2.67,2.26,14909,646,4153,3355
26872,76182,11714,11294,420,9484,1810,2.68,3.00,11294,67,6459,3025
26873,76201,12688,11076,1612,2160,8916,2.11,2.03,11076,914,1151,1009
26874,76203,0,0,0,0,0,-,-,0,0,0,0
26875,76205,8505,7612,893,2816,4796,2.85,2.34,7612,238,1527,1289
26876,76207,6639,6254,385,3981,2273,2.40,2.82,6254,120,2425,1556
26877,76208,8902,8281,621,5483,2798,3.23,3.15,8281,178,3497,1986
26878,76209,11132,10316,816,4617,5699,2.71,2.42,10316,375,2863,1754
26879,76210,16082,15670,412,11834,3836,2.96,2.26,15670,246,8867,2967
26880,76225,1357,1271,86,1054,217,2.57,2.22,1271,4,586,468
26881,76226,11785,11659,126,10860,799,3.00,2.78,11659,169,7884,2976
26882,76227,15962,15459,503,12086,3373,2.86,2.53,15459,332,9911,2175
26883,76228,575,488,87,395,93,2.46,2.56,488,2,144,251
26884,76230,5057,3972,1085,3169,803,2.38,2.80,3972,145,1540,1629
26885,76233,1325,1257,68,923,334,2.86,2.61,1257,35,411,512
26886,76234,7579,6671,908,5190,1481,2.88,2.72,6671,65,3071,2119
26887,76238,138,124,14,103,21,2.69,2.62,124,6,51,52
26888,76239,576,483,93,357,126,2.41,1.75,483,3,58,299
26889,76240,12418,11487,931,7256,4231,2.49,2.51,11487,515,3798,3458
26890,76241,4,4,0,4,0,2.25,-,4,0,0,4
26891,76244,25136,23997,1139,18217,5780,3.10,3.19,23997,253,15451,2766
26892,76245,1287,808,479,609,199,2.17,2.05,808,0,220,389
26893,76247,5692,5496,196,4703,793,2.99,2.93,5496,84,3689,1014
26894,76248,14577,14267,310,11576,2691,2.91,2.49,14267,504,8592,2984
26895,76249,3337,3256,81,2784,472,2.98,2.00,3256,200,2145,639
26896,76250,426,418,8,373,45,2.51,1.98,418,2,156,217
26897,76251,302,241,61,198,43,2.62,2.74,241,0,62,136
26898,76252,1109,935,174,751,184,2.58,2.49,935,27,273,478
26899,76253,115,105,10,98,7,3.16,5.43,105,0,44,54
26900,76255,3032,2174,858,1515,659,2.63,2.24,2174,131,548,967
26901,76258,2695,2650,45,1926,724,2.79,2.17,2650,58,1073,853
26902,76259,2118,2078,40,1681,397,2.66,2.52,2078,5,1101,580
26903,76261,138,90,48,61,29,3.39,1.28,90,0,12,49
26904,76262,14718,14188,530,10420,3768,3.07,2.16,14188,168,7910,2510
26905,76263,4,4,0,4,0,3.50,-,4,0,0,4
26906,76264,674,539,135,425,114,2.21,2.32,539,9,236,189
26907,76265,881,609,272,459,150,2.46,2.67,609,29,182,277
26908,76266,6704,6339,365,5107,1232,2.74,2.94,6339,111,3346,1761
26909,76267,35,13,22,0,13,-,3.77,13,0,0,0
26910,76268,58,49,9,36,13,2.39,3.46,49,0,11,25
26911,76270,917,682,235,658,24,2.40,2.46,682,33,152,506
26912,76271,718,652,66,526,126,2.87,2.90,652,15,319,207
26913,76272,2034,1788,246,1580,208,2.70,2.53,1788,28,796,784
26914,76273,3990,3814,176,2815,999,2.46,2.94,3814,143,1403,1412
26915,76301,7636,6060,1576,3036,3024,2.54,2.23,6060,850,839,2197
26916,76302,5256,4893,363,2925,1968,2.40,2.11,4893,306,1500,1425
26917,76305,2292,1923,369,1522,401,2.57,1.79,1923,132,583,939
26918,76306,6687,5634,1053,3098,2536,2.61,2.57,5634,563,1511,1587
26919,76308,9499,8327,1172,4658,3669,2.38,2.06,8327,387,2733,1925
26920,76309,6591,5617,974,3414,2203,2.60,2.24,5617,363,1582,1832
26921,76310,8312,7514,798,5597,1917,2.61,2.36,7514,190,3494,2103
26922,76311,663,636,27,6,630,3.83,3.06,636,21,6,0
26923,76351,899,790,109,575,215,2.31,2.46,790,60,198,377
26924,76354,5439,4823,616,3156,1667,2.39,2.53,4823,283,1447,1709
26925,76357,314,191,123,156,35,2.22,3.43,191,12,50,106
26926,76360,1603,1205,398,876,329,2.46,1.90,1205,154,280,596
26927,76363,154,105,49,99,6,2.85,2.00,105,0,8,91
26928,76364,121,89,32,48,41,2.27,2.63,89,3,5,43
26929,76365,2273,1822,451,1414,408,2.43,2.46,1822,75,671,743
26930,76366,961,804,157,657,147,2.39,3.17,804,33,255,402
26931,76367,4282,3918,364,3340,578,2.40,2.79,3918,55,1581,1759
26932,76370,226,158,68,133,25,2.95,2.20,158,0,59,74
26933,76371,762,562,200,497,65,2.71,2.66,562,18,154,343
26934,76372,499,397,102,285,112,2.86,2.10,397,28,97,188
26935,76373,61,61,0,54,7,2.39,8.00,61,0,10,44
26936,76374,1897,1607,290,1075,532,2.48,1.65,1607,95,304,771
26937,76377,305,206,99,173,33,1.93,1.97,206,6,46,127
26938,76379,206,186,20,137,49,3.10,3.16,186,1,60,77
26939,76380,2278,1518,760,1040,478,2.39,2.02,1518,75,177,863
26940,76384,5585,4354,1231,2728,1626,2.60,2.63,4354,172,1205,1523
26941,76388,112,88,24,65,23,2.46,3.22,88,2,15,50
26942,76389,597,511,86,438,73,2.91,3.49,511,9,171,267
26943,76401,13094,10806,2288,5994,4812,2.75,2.47,10806,630,3421,2573
26944,76402,0,0,0,0,0,-,-,0,0,0,0
26945,76424,4177,3081,1096,2363,718,2.82,2.08,3081,261,868,1495
26946,76426,4547,3864,683,2782,1082,2.73,2.91,3864,72,1260,1522
26947,76427,405,348,57,201,147,3.61,1.99,348,15,76,125
26948,76429,148,78,70,78,0,1.36,-,78,0,0,78
26949,76430,1153,944,209,794,150,2.49,2.19,944,63,283,511
26950,76431,1798,1577,221,1353,224,2.70,3.21,1577,101,554,799
26951,76432,641,430,211,393,37,2.56,2.11,430,0,88,305
26952,76433,837,691,146,609,82,2.78,2.96,691,10,363,246
26953,76435,348,188,160,173,15,2.33,3.20,188,0,30,143
26954,76436,121,54,67,47,7,1.91,3.43,54,0,11,36
26955,76437,2627,2005,622,1603,402,2.47,3.12,2005,13,422,1181
26956,76439,0,0,0,0,0,-,-,0,0,0,0
26957,76442,3758,2825,933,2374,451,2.81,2.00,2825,148,706,1668
26958,76443,976,809,167,571,238,2.42,2.69,809,29,219,352
26959,76444,1698,1366,332,1059,307,2.69,1.92,1366,34,384,675
26960,76445,189,73,116,73,0,3.14,-,73,0,2,71
26961,76446,3980,3113,867,2637,476,2.85,2.75,3113,108,939,1698
26962,76448,3086,2058,1028,1482,576,2.37,2.27,2058,135,611,871
26963,76449,2903,1029,1874,887,142,2.25,2.40,1029,24,287,600
26964,76450,6502,5399,1103,4031,1368,2.39,2.40,5399,235,1679,2352
26965,76452,92,53,39,53,0,2.09,-,53,0,3,50
26966,76453,959,680,279,585,95,2.15,2.73,680,14,225,360
26967,76454,887,664,223,411,253,2.55,3.11,664,56,88,323
26968,76455,470,332,138,304,28,2.53,2.82,332,9,121,183
26969,76457,2133,1478,655,1134,344,2.81,2.82,1478,72,379,755
26970,76458,2559,2003,556,1433,570,2.55,2.13,2003,295,630,803
26971,76459,84,52,32,52,0,3.19,-,52,7,14,38
26972,76460,236,144,92,101,43,1.76,4.95,144,0,0,101
26973,76462,1691,1557,134,1360,197,3.02,4.08,1557,17,685,675
26974,76463,290,204,86,172,32,2.91,2.34,204,3,37,135
26975,76464,343,197,146,171,26,1.94,1.88,197,4,21,150
26976,76466,99,99,0,75,24,6.00,3.04,99,24,49,26
26977,76469,71,40,31,40,0,2.15,-,40,0,10,30
26978,76470,1769,1379,390,913,466,2.31,2.18,1379,124,217,696
26979,76471,1021,646,375,494,152,2.29,2.24,646,61,77,417
26980,76472,550,474,76,372,102,3.10,1.48,474,0,135,237
26981,76474,125,104,21,100,4,2.81,1.25,104,0,69,31
26982,76475,858,391,467,294,97,2.67,2.55,391,24,111,183
26983,76476,1266,1166,100,980,186,2.93,2.47,1166,23,490,490
26984,76481,104,70,34,56,14,1.64,10.07,70,0,17,39
26985,76483,586,383,203,275,108,2.22,2.39,383,21,53,222
26986,76484,465,281,184,260,21,2.17,3.05,281,0,56,204
26987,76486,619,431,188,359,72,2.51,1.61,431,9,200,159
26988,76487,1243,931,312,794,137,3.22,1.99,931,19,340,454
26989,76490,31,31,0,15,16,2.53,-,31,0,4,11
26990,76491,236,185,51,140,45,2.25,3.71,185,2,28,112
26991,76501,7260,6595,665,4117,2478,2.79,2.35,6595,840,2260,1857
26992,76502,17663,16488,1175,11066,5422,2.81,2.58,16488,1014,7103,3963
26993,76504,10758,9722,1036,3255,6467,2.81,2.13,9722,1038,1759,1496
26994,76511,1029,872,157,684,188,2.50,2.52,872,15,292,392
26995,76513,15555,14535,1020,9580,4955,2.91,2.46,14535,713,5957,3623
26996,76518,631,522,109,390,132,2.89,3.11,522,0,119,271
26997,76519,313,127,186,127,0,1.97,-,127,29,41,86
26998,76520,3441,2815,626,1928,887,2.74,2.37,2815,197,579,1349
26999,76522,15952,14682,1270,9063,5619,2.91,2.39,14682,656,6005,3058
27000,76523,111,111,0,104,7,3.69,1.86,111,0,32,72
27001,76524,1351,1292,59,1026,266,2.81,3.49,1292,11,643,383
27002,76525,594,461,133,348,113,2.47,2.66,461,24,128,220
27003,76527,1671,1583,88,1047,536,3.02,2.05,1583,16,630,417
27004,76528,7836,6762,1074,4816,1946,2.78,2.06,6762,435,2133,2683
27005,76530,1072,966,106,782,184,2.27,2.35,966,15,410,372
27006,76531,2271,1461,810,1192,269,2.85,3.44,1461,37,467,725
27007,76534,1276,1108,168,887,221,2.72,2.43,1108,34,522,365
27008,76537,3667,3474,193,2820,654,2.98,2.86,3474,88,2255,565
27009,76538,578,471,107,410,61,2.27,3.10,471,2,165,245
27010,76539,3651,3189,462,2895,294,2.71,2.83,3189,24,1909,986
27011,76541,9989,7908,2081,1959,5949,2.78,2.19,7908,1075,787,1172
27012,76542,19714,18486,1228,10823,7663,2.87,2.53,18486,650,7952,2871
27013,76543,14571,12893,1678,4932,7961,2.66,2.54,12893,959,2753,2179
27014,76544,7293,3291,4002,43,3248,2.93,3.48,3291,32,0,43
27015,76548,12196,11250,946,6249,5001,2.93,2.65,11250,616,4447,1802
27016,76549,20660,18619,2041,9235,9384,2.87,2.82,18619,622,6723,2512
27017,76550,6070,5097,973,3783,1314,2.69,2.59,5097,362,1840,1943
27018,76554,937,840,97,612,228,2.54,3.52,840,27,328,284
27019,76556,912,716,196,641,75,2.67,2.00,716,11,221,420
27020,76557,2296,2089,207,1623,466,3.04,2.44,2089,55,863,760
27021,76559,2746,2369,377,1537,832,2.93,2.11,2369,98,1346,191
27022,76561,525,442,83,329,113,2.62,3.50,442,10,178,151
27023,76565,52,52,0,52,0,2.21,-,52,0,14,38
27024,76566,180,125,55,121,4,2.82,-,125,0,42,79
27025,76567,4086,3717,369,2637,1080,2.30,2.39,3717,209,1132,1505
27026,76569,1027,894,133,782,112,3.42,4.46,894,0,351,431
27027,76570,1278,904,374,714,190,2.97,2.61,904,60,233,481
27028,76571,3743,3394,349,2882,512,2.83,2.38,3394,32,1646,1236
27029,76573,12,12,0,12,0,2.67,-,12,0,0,12
27030,76574,8147,7438,709,5370,2068,2.57,2.44,7438,310,2907,2463
27031,76577,1466,1255,211,969,286,2.59,2.13,1255,56,456,513
27032,76578,616,544,72,425,119,2.67,2.66,544,4,270,155
27033,76579,2178,2086,92,1383,703,3.55,3.08,2086,193,914,469
27034,76596,0,0,0,0,0,-,-,0,0,0,0
27035,76597,0,0,0,0,0,-,-,0,0,0,0
27036,76598,0,0,0,0,0,-,-,0,0,0,0
27037,76599,0,0,0,0,0,-,-,0,0,0,0
27038,76621,489,366,123,347,19,2.74,3.89,366,1,155,192
27039,76622,665,546,119,463,83,3.15,2.86,546,0,163,300
27040,76623,76,69,7,52,17,2.98,4.00,69,6,18,34
27041,76624,1098,876,222,773,103,2.93,2.49,876,7,345,428
27042,76626,692,491,201,373,118,2.44,3.39,491,31,246,127
27043,76627,689,572,117,511,61,2.57,3.07,572,23,206,305
27044,76628,43,33,10,33,0,3.33,-,33,0,3,30
27045,76629,1038,758,280,585,173,2.33,2.18,758,86,178,407
27046,76630,712,664,48,589,75,2.56,2.31,664,0,323,266
27047,76631,210,170,40,128,42,3.31,5.05,170,0,70,58
27048,76632,733,534,199,424,110,2.84,3.83,534,69,109,315
27049,76633,2016,1989,27,1884,105,3.18,2.74,1989,18,1152,732
27050,76634,3817,2838,979,2199,639,2.62,1.93,2838,81,1001,1198
27051,76635,623,498,125,373,125,3.05,2.90,498,22,142,231
27052,76636,605,540,65,470,70,2.86,2.36,540,21,251,219
27053,76637,226,181,45,126,55,2.16,1.76,181,4,26,100
27054,76638,1195,1066,129,983,83,2.92,2.59,1066,0,574,409
27055,76639,876,676,200,431,245,2.81,1.73,676,80,203,228
27056,76640,1272,1136,136,829,307,2.64,3.02,1136,46,391,438
27057,76641,741,602,139,515,87,2.83,3.59,602,4,184,331
27058,76642,2655,2105,550,1520,585,2.82,2.08,2105,96,636,884
27059,76643,5840,5655,185,3840,1815,2.66,2.97,5655,61,2304,1536
27060,76645,4360,3859,501,2332,1527,2.79,2.38,3859,500,992,1340
27061,76648,1333,997,336,724,273,2.60,2.37,997,68,242,482
27062,76649,375,276,99,229,47,2.09,2.43,276,1,51,178
27063,76650,70,48,22,42,6,2.95,6.00,48,0,3,39
27064,76651,1638,1467,171,1013,454,2.84,2.44,1467,47,592,421
27065,76652,588,449,139,386,63,2.34,4.21,449,20,127,259
27066,76653,671,533,138,427,106,2.65,2.63,533,24,125,302
27067,76654,94,82,12,66,16,2.44,1.44,82,1,16,50
27068,76655,3184,2946,238,2580,366,2.90,3.11,2946,81,1526,1054
27069,76656,1063,860,203,658,202,3.31,2.46,860,51,336,322
27070,76657,4384,4013,371,2997,1016,2.80,3.17,4013,103,1503,1494
27071,76660,280,200,80,146,54,2.99,4.19,200,21,41,105
27072,76661,3160,2145,1015,1337,808,2.69,2.61,2145,399,559,778
27073,76664,1438,1280,158,934,346,2.85,3.05,1280,50,371,563
27074,76665,1426,1117,309,699,418,2.53,2.42,1117,64,239,460
27075,76666,91,66,25,42,24,2.95,1.96,66,0,14,28
27076,76667,4649,3701,948,2685,1016,2.91,2.12,3701,183,1054,1631
27077,76670,614,538,76,386,152,3.56,2.90,538,40,142,244
27078,76671,973,647,326,543,104,2.44,3.00,647,28,138,405
27079,76673,519,377,142,312,65,3.31,3.40,377,3,129,183
27080,76676,125,104,21,99,5,2.46,3.20,104,6,19,80
27081,76678,57,43,14,43,0,1.79,-,43,0,18,25
27082,76679,471,330,141,323,7,3.25,2.29,330,8,129,194
27083,76680,94,34,60,34,0,2.62,-,34,0,0,34
27084,76681,349,211,138,154,57,2.40,3.18,211,10,23,131
27085,76682,1265,1077,188,889,188,2.73,3.87,1077,21,384,505
27086,76685,56,28,28,28,0,1.54,-,28,0,0,28
27087,76686,129,104,25,75,29,2.36,1.55,104,0,10,65
27088,76687,1283,827,456,713,114,2.28,2.54,827,43,185,528
27089,76689,1749,1446,303,1129,317,2.69,2.58,1446,41,580,549
27090,76690,668,413,255,318,95,2.72,3.52,413,6,160,158
27091,76691,2751,2427,324,1904,523,2.62,2.38,2427,70,881,1023
27092,76692,5282,3839,1443,2981,858,2.38,2.63,3839,108,1347,1634
27093,76693,1013,808,205,580,228,2.73,2.42,808,49,182,398
27094,76701,943,759,184,148,611,2.62,2.03,759,108,51,97
27095,76704,3722,3287,435,1037,2250,2.73,2.12,3287,588,415,622
27096,76705,12290,11109,1181,6232,4877,2.81,2.38,11109,677,3319,2913
27097,76706,16081,14079,2002,5575,8504,2.97,2.56,14079,892,2470,3105
27098,76707,6735,5808,927,3013,2795,2.91,2.69,5808,698,1360,1653
27099,76708,10580,9508,1072,5967,3541,2.88,2.45,9508,692,3140,2827
27100,76710,12190,10705,1485,5287,5418,2.28,2.06,10705,727,2548,2739
27101,76711,4288,3894,394,2030,1864,2.95,2.20,3894,150,832,1198
27102,76712,11182,10264,918,7056,3208,2.83,2.18,10264,270,4593,2463
27103,76798,0,0,0,0,0,-,-,0,0,0,0
27104,76801,11806,9477,2329,6196,3281,2.62,2.25,9477,914,2938,3258
27105,76802,2444,2141,303,1719,422,2.70,2.33,2141,53,759,960
27106,76820,133,61,72,50,11,1.96,1.91,61,0,0,50
27107,76821,2252,1759,493,1306,453,2.53,2.15,1759,28,473,833
27108,76823,1274,993,281,792,201,2.70,2.59,993,22,347,445
27109,76824,0,0,0,0,0,-,-,0,0,0,0
27110,76825,3390,2610,780,1744,866,2.66,2.05,2610,186,692,1052
27111,76827,367,283,84,261,22,2.02,3.36,283,0,29,232
27112,76828,166,99,67,99,0,2.04,-,99,0,25,74
27113,76831,15,0,15,0,0,-,-,0,0,0,0
27114,76832,322,194,128,114,80,3.28,2.88,194,13,32,82
27115,76834,3007,2103,904,1485,618,2.45,2.13,2103,151,582,903
27116,76836,35,2,33,2,0,2.50,-,2,0,0,2
27117,76837,646,417,229,313,104,2.88,2.44,417,24,87,226
27118,76841,80,12,68,0,12,-,14.58,12,0,0,0
27119,76842,184,89,95,89,0,1.91,-,89,0,21,68
27120,76844,1868,1227,641,1032,195,2.58,2.28,1227,0,397,635
27121,76845,147,101,46,86,15,2.50,3.20,101,0,41,45
27122,76848,74,39,35,39,0,2.00,-,39,0,9,30
27123,76849,2196,1465,731,1131,334,2.48,2.44,1465,75,251,880
27124,76852,226,136,90,114,22,2.06,3.14,136,4,12,102
27125,76853,884,538,346,404,134,2.81,2.43,538,17,133,271
27126,76854,264,110,154,23,87,2.13,2.75,110,0,0,23
27127,76856,1936,1307,629,1029,278,2.85,2.27,1307,52,489,540
27128,76857,1805,926,879,655,271,2.41,1.49,926,13,223,432
27129,76858,172,112,60,102,10,2.43,1.60,112,5,40,62
27130,76859,1495,934,561,676,258,1.74,2.17,934,24,130,546
27131,76861,759,654,105,504,150,3.15,3.11,654,8,185,319
27132,76862,250,83,167,81,2,2.21,2.50,83,0,21,60
27133,76864,554,314,240,289,25,2.56,2.68,314,15,46,243
27134,76865,160,86,74,81,5,2.36,1.60,86,0,0,81
27135,76866,397,208,189,184,24,3.89,5.13,208,5,37,147
27136,76869,86,41,45,41,0,5.32,-,41,0,25,16
27137,76870,45,20,25,16,4,3.31,4.75,20,0,0,16
27138,76871,455,230,225,183,47,3.03,3.19,230,2,57,126
27139,76872,471,287,184,231,56,1.94,2.89,287,0,52,179
27140,76873,79,50,29,43,7,2.74,4.29,50,0,13,30
27141,76874,51,0,51,0,0,-,-,0,0,0,0
27142,76875,314,249,65,216,33,2.01,1.67,249,0,35,181
27143,76877,1971,1467,504,1091,376,2.46,2.71,1467,50,322,769
27144,76878,906,607,299,443,164,2.62,2.83,607,39,114,329
27145,76880,0,0,0,0,0,-,-,0,0,0,0
27146,76882,168,96,72,80,16,2.93,1.44,96,0,30,50
27147,76884,34,18,16,14,4,3.36,2.00,18,0,0,14
27148,76885,120,52,68,33,19,1.85,1.89,52,0,0,33
27149,76887,78,53,25,43,10,1.23,-,53,0,0,43
27150,76888,218,75,143,45,30,1.67,2.03,75,0,9,36
27151,76890,449,357,92,295,62,2.56,2.08,357,9,106,189
27152,76901,13453,12181,1272,8772,3409,2.58,2.83,12181,481,4170,4602
27153,76902,0,0,0,0,0,-,-,0,0,0,0
27154,76903,14053,11805,2248,7323,4482,2.65,2.15,11805,1209,2768,4555
27155,76904,16403,14828,1575,9175,5653,2.52,2.02,14828,669,5390,3785
27156,76905,5349,4606,743,3152,1454,2.85,2.79,4606,77,1485,1667
27157,76908,8,0,8,0,0,-,-,0,0,0,0
27158,76909,0,0,0,0,0,-,-,0,0,0,0
27159,76930,47,33,14,33,0,2.18,-,33,4,0,33
27160,76932,1250,1055,195,722,333,3.47,2.47,1055,12,194,528
27161,76933,623,492,131,350,142,2.42,3.08,492,18,134,216
27162,76934,419,295,124,259,36,2.49,4.17,295,0,44,215
27163,76935,856,666,190,666,0,2.85,-,666,0,253,413
27164,76936,1250,883,367,746,137,2.93,2.66,883,25,232,514
27165,76937,42,37,5,35,2,1.83,-,37,0,18,17
27166,76939,8,0,8,0,0,-,-,0,0,0,0
27167,76940,0,0,0,0,0,-,-,0,0,0,0
27168,76941,736,599,137,488,111,2.17,3.14,599,35,161,327
27169,76943,1803,1274,529,792,482,2.47,1.79,1274,23,195,597
27170,76945,1206,780,426,540,240,2.30,1.94,780,22,146,394
27171,76950,1748,1128,620,769,359,3.17,2.81,1128,41,377,392
27172,76951,545,397,148,357,40,3.62,1.75,397,4,166,191
27173,76953,63,35,28,26,9,2.23,-,35,0,11,15
27174,76955,132,89,43,80,9,2.96,4.56,89,6,14,66
27175,76957,46,46,0,10,36,4.70,3.83,46,0,10,0
27176,76958,113,91,22,86,5,2.71,-,91,0,17,69
27177,77002,7385,5971,1414,672,5299,1.54,1.32,5971,1148,379,293
27178,77003,5871,5140,731,2278,2862,1.92,1.95,5140,500,1585,693
27179,77004,17501,14740,2761,5095,9645,2.12,2.00,14740,2154,2934,2161
27180,77005,10597,9973,624,7075,2898,2.82,1.83,9973,456,4132,2943
27181,77006,15621,13345,2276,4741,8604,2.00,1.45,13345,946,3053,1688
27182,77007,23684,21209,2475,10877,10332,2.18,1.62,21209,556,8404,2473
27183,77008,18812,17500,1312,11046,6454,2.31,1.77,17500,825,8321,2725
27184,77009,17017,14745,2272,8365,6380,2.66,2.36,14745,1592,4116,4249
27185,77010,732,536,196,25,511,-,1.52,536,53,0,25
27186,77011,7221,6152,1069,3079,3073,2.82,2.67,6152,776,735,2344
27187,77012,6947,5942,1005,2186,3756,3.37,2.78,5942,700,801,1385
27188,77013,6998,5978,1020,2529,3449,3.21,2.82,5978,523,973,1556
27189,77014,12911,11862,1049,6081,5781,3.53,2.75,11862,1338,4318,1763
27190,77015,19985,18110,1875,9514,8596,3.48,2.92,18110,845,4619,4895
27191,77016,10988,9790,1198,6083,3707,3.06,3.13,9790,869,1908,4175
27192,77017,11394,10440,954,5125,5315,3.46,2.98,10440,859,2038,3087
27193,77018,12965,11641,1324,8011,3630,2.60,1.97,11641,715,5373,2638
27194,77019,12877,11326,1551,5197,6129,2.28,1.74,11326,582,2802,2395
27195,77020,9996,8885,1111,4413,4472,3.03,2.87,8885,1177,1465,2948
27196,77021,12265,10542,1723,3906,6636,2.65,2.35,10542,1995,1577,2329
27197,77022,10643,9097,1546,4278,4819,2.86,2.95,9097,1291,1517,2761
27198,77023,11729,10306,1423,4705,5601,2.84,2.54,10306,1563,1809,2896
27199,77024,18162,15846,2316,9386,6460,2.70,1.87,15846,815,4388,4998
27200,77025,15435,13601,1834,5478,8123,2.52,1.92,13601,1671,3383,2095
27201,77026,9483,7898,1585,3410,4488,2.93,2.52,7898,1388,626,2784
27202,77027,13080,10887,2193,3199,7688,2.14,1.63,10887,183,1592,1607
27203,77028,7150,6288,862,3520,2768,3.32,2.82,6288,659,1100,2420
27204,77029,6286,5461,825,3763,1698,3.15,2.52,5461,418,1440,2323
27205,77030,6524,5358,1166,2177,3181,2.57,1.80,5358,537,967,1210
27206,77031,6756,5959,797,2579,3380,2.78,2.80,5959,379,1631,948
27207,77032,4679,4336,343,1705,2631,4.04,2.64,4336,645,703,1002
27208,77033,10187,9253,934,5530,3723,3.02,3.20,9253,953,1848,3682
27209,77034,13922,12243,1679,5809,6434,3.39,2.98,12243,612,3062,2747
27210,77035,15625,13788,1837,5836,7952,2.34,2.70,13788,1857,3164,2672
27211,77036,30770,25658,5112,4645,21013,2.40,2.73,25658,4567,1511,3134
27212,77037,5458,5149,309,3695,1454,3.39,3.83,5149,225,1434,2261
27213,77038,9245,8897,348,5013,3884,3.80,3.39,8897,490,2633,2380
27214,77039,8614,7931,683,4445,3486,3.75,3.10,7931,575,1829,2616
27215,77040,19423,18537,886,9660,8877,2.90,2.48,18537,1093,5865,3795
27216,77041,11806,10984,822,8072,2912,3.04,2.87,10984,92,4559,3513
27217,77042,21077,18836,2241,5091,13745,2.19,2.16,18836,1545,2474,2617
27218,77043,10736,9804,932,5616,4188,2.60,2.47,9804,391,3181,2435
27219,77044,16781,15712,1069,12184,3528,3.57,2.91,15712,494,8525,3659
27220,77045,10566,10053,513,6079,3974,3.34,3.09,10053,474,3270,2809
27221,77046,917,751,166,371,380,1.19,1.48,751,55,260,111
27222,77047,12450,11891,559,8611,3280,2.64,3.18,11891,399,6008,2603
27223,77048,7173,6561,612,3526,3035,2.78,3.17,6561,778,2000,1526
27224,77049,12369,11422,947,7924,3498,3.75,2.79,11422,560,5626,2298
27225,77050,1774,1663,111,965,698,3.05,4.02,1663,67,253,712
27226,77051,7548,6570,978,2963,3607,2.88,2.91,6570,1109,1364,1599
27227,77053,9414,9175,239,6498,2677,3.14,3.83,9175,389,3830,2668
27228,77054,17085,14448,2637,1672,12776,1.58,1.63,14448,1731,808,864
27229,77055,17279,15758,1521,7199,8559,2.66,2.82,15758,1253,4109,3090
27230,77056,14647,11805,2842,4497,7308,2.14,1.69,11805,542,1853,2644
27231,77057,24203,20858,3345,6677,14181,2.09,2.12,20858,2158,3840,2837
27232,77058,10486,9265,1221,2777,6488,2.03,1.81,9265,781,1341,1436
27233,77059,6420,6239,181,5719,520,2.95,2.18,6239,146,3696,2023
27234,77060,16753,14720,2033,3426,11294,3.74,3.06,14720,2087,1786,1640
27235,77061,10196,9147,1049,3410,5737,3.26,2.50,9147,1309,1703,1707
27236,77062,9926,9442,484,7205,2237,2.65,2.55,9442,201,3875,3330
27237,77063,22159,19672,2487,4561,15111,2.10,2.00,19672,2322,2461,2100
27238,77064,16927,15654,1273,9746,5908,3.23,2.97,15654,375,5378,4368
27239,77065,16952,15937,1015,7039,8898,2.89,2.23,15937,644,4355,2684
27240,77066,12195,11855,340,8612,3243,3.37,3.40,11855,336,4651,3961
27241,77067,11075,10005,1070,4425,5580,3.78,2.98,10005,666,2492,1933
27242,77068,4170,3747,423,2629,1118,2.82,3.20,3747,172,1726,903
27243,77069,8921,8313,608,4939,3374,2.24,2.36,8313,141,2528,2411
27244,77070,23136,21474,1662,10377,11097,3.03,2.41,21474,950,6705,3672
27245,77071,10940,9903,1037,5162,4741,3.05,2.41,9903,1164,2969,2193
27246,77072,20516,18997,1519,8431,10566,3.33,3.35,18997,1670,4035,4396
27247,77073,14252,13288,964,8286,5002,3.26,2.36,13288,367,5940,2346
27248,77074,15147,12941,2206,4314,8627,2.73,3.05,12941,1504,2456,1858
27249,77075,13011,12287,724,7235,5052,3.57,3.35,12287,625,4053,3182
27250,77076,10643,9801,842,4832,4969,3.48,3.27,9801,1065,2035,2797
27251,77077,32519,29031,3488,10274,18757,2.52,1.98,29031,2109,6083,4191
27252,77078,5308,4625,683,2800,1825,3.14,2.67,4625,470,1247,1553
27253,77079,15810,13372,2438,7206,6166,2.86,2.28,13372,376,4245,2961
27254,77080,16986,15248,1738,7138,8110,2.66,3.23,15248,1042,3847,3291
27255,77081,20911,18515,2396,1197,17318,2.94,2.75,18515,2618,545,652
27256,77082,23822,21398,2424,8012,13386,2.85,2.21,21398,1993,5022,2990
27257,77083,23879,23129,750,14852,8277,3.50,3.09,23129,1384,8797,6055
27258,77084,37978,34699,3279,21208,13491,3.26,2.86,34699,1247,13840,7368
27259,77085,5637,5500,137,3729,1771,3.54,2.20,5500,184,2102,1627
27260,77086,9364,8660,704,4910,3750,3.80,3.03,8660,542,2611,2299
27261,77087,12423,11344,1079,6228,5116,3.35,3.04,11344,1019,2605,3623
27262,77088,18563,17164,1399,11072,6092,3.29,2.97,17164,1340,6126,4946
27263,77089,19152,18118,1034,12662,5456,3.38,2.95,18118,640,7493,5169
27264,77090,18731,16174,2557,3978,12196,3.10,2.21,16174,1531,2622,1356
27265,77091,12793,11113,1680,4036,7077,2.94,2.55,11113,1584,1751,2285
27266,77092,15699,14368,1331,5467,8901,2.37,2.55,14368,1283,2614,2853
27267,77093,14629,13476,1153,7920,5556,3.62,3.32,13476,1343,2341,5579
27268,77094,4344,3977,367,3314,663,2.88,2.38,3977,71,2130,1184
27269,77095,26099,24622,1477,17813,6809,3.10,2.32,24622,281,12431,5382
27270,77096,15087,12819,2268,6381,6438,2.70,2.40,12819,1061,3735,2646
27271,77098,9719,8541,1178,2754,5787,2.16,1.64,8541,346,1692,1062
27272,77099,17520,16046,1474,5742,10304,3.42,2.93,16046,1608,2779,2963
27273,77204,0,0,0,0,0,-,-,0,0,0,0
27274,77301,11474,10473,1001,5965,4508,3.24,2.89,10473,828,2956,3009
27275,77302,6864,6394,470,5172,1222,2.94,3.25,6394,230,2792,2380
27276,77303,8254,7595,659,5619,1976,2.94,3.01,7595,139,3342,2277
27277,77304,15705,14903,802,8901,6002,2.74,2.01,14903,763,5633,3268
27278,77306,5639,5069,570,4328,741,3.37,2.76,5069,60,1959,2369
27279,77316,10569,9754,815,8742,1012,3.01,2.84,9754,129,5903,2839
27280,77318,8117,6994,1123,5588,1406,2.53,2.97,6994,165,2899,2689
27281,77320,12188,9813,2375,6095,3718,2.91,2.76,9813,428,2956,3139
27282,77326,116,63,53,63,0,1.30,-,63,0,8,55
27283,77327,11275,9334,1941,7393,1941,3.16,2.96,9334,665,3247,4146
27284,77328,6877,5891,986,4307,1584,3.12,3.06,5891,52,1755,2552
27285,77331,4531,2930,1601,2435,495,2.28,3.01,2930,87,976,1459
27286,77334,23,23,0,0,23,-,-,23,0,0,0
27287,77335,1296,906,390,786,120,3.26,2.00,906,18,211,575
27288,77336,4846,4142,704,3201,941,2.90,3.13,4142,80,1683,1518
27289,77338,17184,16315,869,8652,7663,3.05,2.65,16315,927,6334,2318
27290,77339,18560,17063,1497,10014,7049,2.80,2.06,17063,1071,6248,3766
27291,77340,13677,11979,1698,5050,6929,2.47,2.15,11979,812,2396,2654
27292,77341,0,0,0,0,0,-,-,0,0,0,0
27293,77342,0,0,0,0,0,-,-,0,0,0,0
27294,77345,9867,9209,658,8155,1054,3.03,2.40,9209,181,4956,3199
27295,77346,23345,22385,960,18876,3509,3.06,2.77,22385,282,13853,5023
27296,77350,78,40,38,29,11,3.55,1.45,40,4,5,24
27297,77351,16854,11726,5128,9137,2589,2.60,2.66,11726,537,3441,5696
27298,77354,14293,12789,1504,10185,2604,3.07,2.75,12789,162,6587,3598
27299,77355,10522,10032,490,8636,1396,3.12,3.01,10032,61,5716,2920
27300,77356,14073,12040,2033,10250,1790,2.44,2.06,12040,863,5870,4380
27301,77357,10823,9258,1565,7050,2208,3.21,3.33,9258,63,3770,3280
27302,77358,2558,1963,595,1547,416,2.75,2.32,1963,271,864,683
27303,77359,122,82,40,27,55,1.41,1.89,82,21,0,27
27304,77360,3556,2350,1206,1878,472,2.43,2.62,2350,102,808,1070
27305,77362,2316,2156,160,1902,254,2.89,3.34,2156,262,1151,751
27306,77363,1512,1227,285,1053,174,2.46,2.60,1227,21,398,655
27307,77364,1556,1048,508,934,114,2.22,1.75,1048,30,274,660
27308,77365,13441,12145,1296,10345,1800,3.04,2.91,12145,121,6684,3661
27309,77367,255,176,79,106,70,1.80,1.04,176,0,55,51
27310,77368,0,0,0,0,0,-,-,0,0,0,0
27311,77369,384,215,169,166,49,2.22,2.22,215,17,28,138
27312,77371,2922,2154,768,1597,557,3.55,2.80,2154,46,626,971
27313,77372,4756,4157,599,3574,583,3.34,3.69,4157,10,1369,2205
27314,77373,22423,21156,1267,15118,6038,2.96,3.08,21156,264,10728,4390
27315,77374,268,199,69,179,20,1.95,5.00,199,0,36,143
27316,77375,22869,22022,847,15584,6438,2.92,2.66,22022,627,10217,5367
27317,77376,309,309,0,303,6,1.77,2.50,309,55,8,295
27318,77377,13105,12618,487,10509,2109,3.15,2.62,12618,158,7385,3124
27319,77378,6059,5538,521,4338,1200,2.95,3.89,5538,131,2246,2092
27320,77379,29070,27746,1324,21549,6197,3.04,2.65,27746,664,14775,6774
27321,77380,15497,13980,1517,4852,9128,2.38,1.92,13980,469,2800,2052
27322,77381,13884,13441,443,10556,2885,2.71,2.49,13441,565,6159,4397
27323,77382,13568,13149,419,10459,2690,3.17,2.97,13149,360,7429,3030
27324,77384,10419,9135,1284,5209,3926,2.77,1.72,9135,217,3389,1820
27325,77385,9100,8464,636,6754,1710,2.99,2.67,8464,265,4613,2141
27326,77386,20783,20228,555,15970,4258,3.26,2.92,20228,158,13301,2669
27327,77388,18204,17511,693,12468,5043,3.05,3.06,17511,218,8601,3867
27328,77389,14090,13448,642,10790,2658,3.09,3.23,13448,14,7464,3326
27329,77396,20660,19482,1178,12884,6598,3.19,2.77,19482,159,8183,4701
27330,77401,6954,6256,698,5557,699,2.86,2.03,6256,82,2903,2654
27331,77406,20158,19349,809,16468,2881,3.07,2.00,19349,1245,11905,4563
27332,77407,21363,20776,587,16141,4635,3.62,3.15,20776,800,13475,2666
27333,77412,0,0,0,0,0,-,-,0,0,0,0
27334,77414,12161,9279,2882,5885,3394,2.62,2.55,9279,793,1651,4234
27335,77415,133,110,23,70,40,3.26,4.05,110,0,0,70
27336,77417,856,780,76,489,291,2.90,5.04,780,26,149,340
27337,77418,4296,3814,482,2840,974,2.71,2.42,3814,84,1505,1335
27338,77419,404,294,110,278,16,2.90,-,294,0,99,179
27339,77420,984,835,149,613,222,2.83,2.84,835,33,243,370
27340,77422,6415,4955,1460,4248,707,2.56,2.63,4955,259,1557,2691
27341,77423,4582,4177,405,3414,763,3.47,3.00,4177,68,1866,1548
27342,77426,996,788,208,559,229,2.36,3.03,788,0,270,289
27343,77428,0,0,0,0,0,-,-,0,0,0,0
27344,77429,31263,29886,1377,25162,4724,3.02,2.60,29886,344,17780,7382
27345,77430,801,665,136,643,22,2.65,3.32,665,11,349,294
27346,77431,290,241,49,241,0,1.38,-,241,0,0,241
27347,77432,15,0,15,0,0,-,-,0,0,0,0
27348,77433,31730,30506,1224,24570,5936,3.46,3.02,30506,566,18680,5890
27349,77434,1738,1256,482,1007,249,3.47,2.55,1256,123,275,732
27350,77435,1793,1484,309,1207,277,2.52,2.49,1484,60,563,644
27351,77436,22,0,22,0,0,-,-,0,0,0,0
27352,77437,7235,6580,655,4202,2378,2.85,2.69,6580,390,1920,2282
27353,77440,51,51,0,16,35,6.00,-,51,0,0,16
27354,77441,7655,7108,547,6745,363,3.22,2.67,7108,0,5128,1617
27355,77442,382,252,130,167,85,6.75,2.54,252,52,56,111
27356,77443,118,62,56,0,62,-,2.13,62,0,0,0
27357,77444,453,309,144,276,33,2.59,2.15,309,96,74,202
27358,77445,6181,5398,783,3201,2197,2.78,2.55,5398,261,1279,1922
27359,77446,767,650,117,83,567,2.69,2.45,650,72,40,43
27360,77447,6294,5964,330,5195,769,2.91,3.90,5964,142,3453,1742
27361,77448,122,72,50,16,56,4.25,-,72,0,16,0
27362,77449,38390,37043,1347,25936,11107,3.38,2.89,37043,1253,17619,8317
27363,77450,26002,24737,1265,17443,7294,2.98,2.78,24737,594,10404,7039
27364,77451,262,193,69,145,48,3.26,2.40,193,12,48,97
27365,77453,74,50,24,0,50,-,3.36,50,0,0,0
27366,77454,0,0,0,0,0,-,-,0,0,0,0
27367,77455,823,679,144,578,101,2.94,3.12,679,75,198,380
27368,77456,462,366,96,290,76,2.65,3.87,366,25,0,290
27369,77457,903,257,646,209,48,1.78,2.06,257,7,47,162
27370,77458,90,36,54,12,24,-,1.92,36,0,12,0
27371,77459,25900,24974,926,20989,3985,3.20,2.54,24974,212,14591,6398
27372,77460,41,33,8,33,0,5.36,-,33,0,11,22
27373,77461,4103,3878,225,2905,973,3.20,2.49,3878,207,1433,1472
27374,77464,184,164,20,80,84,1.69,2.75,164,0,32,48
27375,77465,3740,2638,1102,2069,569,2.91,2.10,2638,45,641,1428
27376,77466,209,190,19,136,54,1.47,2.96,190,5,47,89
27377,77467,0,0,0,0,0,-,-,0,0,0,0
27378,77468,0,0,0,0,0,-,-,0,0,0,0
27379,77469,19977,19346,631,15570,3776,2.96,2.54,19346,723,9741,5829
27380,77470,311,178,133,143,35,2.35,3.49,178,0,52,91
27381,77471,16300,14862,1438,8258,6604,2.95,2.60,14862,586,5040,3218
27382,77473,19,13,6,13,0,2.92,-,13,0,0,13
27383,77474,6113,5607,506,4682,925,2.46,2.67,5607,249,2143,2539
27384,77475,642,331,311,310,21,2.04,3.24,331,0,188,122
27385,77476,169,99,70,83,16,2.54,4.38,99,0,46,37
27386,77477,13782,12850,932,5500,7350,2.99,2.36,12850,638,2898,2602
27387,77478,9131,8777,354,6613,2164,2.78,2.19,8777,305,3370,3243
27388,77479,29523,28515,1008,23935,4580,3.25,2.70,28515,640,14997,8938
27389,77480,3600,2851,749,2361,490,2.84,2.94,2851,134,799,1562
27390,77481,125,116,9,27,89,2.33,-,116,0,6,21
27391,77482,728,498,230,414,84,2.79,1.80,498,0,116,298
27392,77483,275,133,142,133,0,2.51,-,133,0,115,18
27393,77484,5043,4524,519,3147,1377,2.87,2.77,4524,166,1599,1548
27394,77485,1745,1464,281,1002,462,2.96,2.06,1464,68,357,645
27395,77486,3110,2682,428,1901,781,2.53,3.10,2682,112,837,1064
27396,77488,6125,5241,884,3308,1933,3.03,2.26,5241,473,1201,2107
27397,77489,13262,12720,542,9567,3153,2.98,3.16,12720,313,6347,3220
27398,77493,15811,14876,935,12216,2660,3.20,3.36,14876,301,8633,3583
27399,77494,42002,40280,1722,29747,10533,3.37,2.71,40280,961,21609,8138
27400,77498,17744,16423,1321,11545,4878,3.28,3.08,16423,353,6463,5082
27401,77502,11619,10845,774,6957,3888,3.44,3.51,10845,604,3158,3799
27402,77503,8783,8005,778,4131,3874,3.04,3.05,8005,388,2068,2063
27403,77504,10218,9064,1154,3728,5336,2.89,2.73,9064,868,2088,1640
27404,77505,8588,7848,740,5438,2410,2.93,2.73,7848,308,3148,2290
27405,77506,12101,10434,1667,3971,6463,3.62,3.51,10434,591,1672,2299
27406,77507,348,240,108,0,240,-,1.68,240,0,0,0
27407,77510,5905,5214,691,4387,827,2.65,1.79,5214,191,2071,2316
27408,77511,19187,16869,2318,11600,5269,3.13,2.51,16869,550,6101,5499
27409,77514,2650,2106,544,1746,360,2.63,3.04,2106,21,538,1208
27410,77515,12864,11596,1268,8163,3433,2.78,2.23,11596,466,4282,3881
27411,77517,2177,2126,51,1976,150,2.99,1.45,2126,41,817,1159
27412,77518,3903,3544,359,2127,1417,2.72,3.38,3544,140,984,1143
27413,77519,251,232,19,208,24,2.70,1.42,232,0,76,132
27414,77520,14639,12833,1806,7213,5620,3.00,2.52,12833,1262,3248,3965
27415,77521,23161,21895,1266,13350,8545,3.12,2.51,21895,854,7784,5566
27416,77523,9102,8554,548,7032,1522,3.10,3.01,8554,313,5513,1519
27417,77530,10058,9052,1006,6447,2605,3.41,3.42,9052,357,2814,3633
27418,77531,7033,6005,1028,3429,2576,2.84,2.36,6005,141,1831,1598
27419,77532,11626,10710,916,8722,1988,2.87,2.55,10710,548,4945,3777
27420,77533,470,379,91,287,92,3.06,2.80,379,7,78,209
27421,77534,1059,902,157,827,75,3.50,3.08,902,11,475,352
27422,77535,11776,10551,1225,9002,1549,3.10,2.76,10551,280,4026,4976
27423,77536,11873,11485,388,8818,2667,2.92,2.80,11485,526,5583,3235
27424,77538,340,276,64,249,27,3.12,3.19,276,12,78,171
27425,77539,18830,16961,1869,12842,4119,2.72,2.47,16961,565,7261,5581
27426,77541,9087,6523,2564,4370,2153,2.64,2.95,6523,246,1617,2753
27427,77545,8562,8199,363,6766,1433,3.07,3.46,8199,97,5172,1594
27428,77546,19561,18608,953,14004,4604,3.03,2.57,18608,930,9298,4706
27429,77547,2843,2671,172,1859,812,3.37,4.23,2671,99,567,1292
27430,77550,15318,10940,4378,4598,6342,2.13,1.87,10940,1760,2120,2478
27431,77551,10876,9311,1565,4374,4937,2.36,2.27,9311,799,1668,2706
27432,77554,10231,4212,6019,2810,1402,1.99,1.86,4212,80,1267,1543
27433,77555,0,0,0,0,0,-,-,0,0,0,0
27434,77560,360,339,21,309,30,2.11,1.90,339,0,206,103
27435,77561,15,8,7,8,0,3.38,-,8,0,0,8
27436,77562,4081,3565,516,2734,831,2.78,3.21,3565,111,1046,1688
27437,77563,4823,4162,661,3088,1074,2.37,2.70,4162,196,1741,1347
27438,77564,832,634,198,611,23,2.75,1.52,634,9,214,397
27439,77565,3317,2948,369,1753,1195,2.36,2.03,2948,35,1064,689
27440,77566,12220,11295,925,7384,3911,2.70,2.65,11295,308,3970,3414
27441,77568,8213,7287,926,5470,1817,2.73,2.60,7287,514,3338,2132
27442,77571,13875,13157,718,9560,3597,2.86,2.74,13157,605,5503,4057
27443,77573,35480,34240,1240,25918,8322,2.91,2.33,34240,598,18291,7627
27444,77575,6667,5602,1065,4248,1354,2.79,2.50,5602,322,1431,2817
27445,77577,620,480,140,447,33,2.71,1.55,480,40,164,283
27446,77578,8888,8103,785,6615,1488,3.08,2.04,8103,214,5279,1336
27447,77580,0,0,0,0,0,-,-,0,0,0,0
27448,77581,18250,17078,1172,13355,3723,3.21,2.07,17078,152,9303,4052
27449,77582,176,174,2,174,0,2.15,-,174,0,98,76
27450,77583,12178,10883,1295,9746,1137,3.26,2.57,10883,48,7018,2728
27451,77584,31313,29822,1491,22336,7486,3.20,2.36,29822,641,16983,5353
27452,77585,485,422,63,383,39,2.91,-,422,39,18,365
27453,77586,9858,9040,818,6073,2967,2.76,2.19,9040,176,3547,2526
27454,77587,5519,4880,639,2635,2245,3.65,3.01,4880,271,1117,1518
27455,77590,14069,12764,1305,6619,6145,2.69,2.49,12764,887,3340,3279
27456,77591,6483,5687,796,2982,2705,2.51,2.68,5687,394,1721,1261
27457,77597,279,174,105,148,26,2.58,-,174,0,66,82
27458,77598,13273,12214,1059,2513,9701,2.76,2.07,12214,744,1727,786
27459,77611,4017,3375,642,2571,804,2.96,2.76,3375,10,1537,1034
27460,77612,4299,3591,708,3190,401,2.74,1.80,3591,114,1193,1997
27461,77613,416,385,31,333,52,2.29,2.56,385,16,100,233
27462,77614,388,247,141,186,61,2.27,1.57,247,0,95,91
27463,77615,160,133,27,100,33,2.83,2.48,133,8,61,39
27464,77616,189,84,105,84,0,3.20,-,84,0,58,26
27465,77617,147,32,115,24,8,1.21,2.13,32,0,8,16
27466,77619,6631,5964,667,4425,1539,2.81,2.90,5964,219,1756,2669
27467,77622,600,509,91,455,54,3.45,2.11,509,21,232,223
27468,77623,363,290,73,269,21,2.43,1.62,290,0,129,140
27469,77624,262,238,24,230,8,2.74,3.50,238,0,68,162
27470,77625,3793,3014,779,2462,552,2.68,2.04,3014,137,696,1766
27471,77627,9721,8654,1067,6387,2267,2.55,2.47,8654,288,3302,3085
27472,77629,382,336,46,323,13,2.38,-,336,0,109,214
27473,77630,12809,10432,2377,7131,3301,2.77,2.79,10432,774,3406,3725
27474,77632,9493,8034,1459,6439,1595,2.78,2.35,8034,348,3107,3332
27475,77640,8930,6716,2214,4456,2260,2.53,2.75,6716,776,1259,3197
27476,77642,16057,13526,2531,7047,6479,3.02,2.49,13526,1346,2383,4664
27477,77650,2567,1116,1451,985,131,1.72,3.04,1116,0,231,754
27478,77651,5465,4900,565,3813,1087,2.76,2.76,4900,95,1859,1954
27479,77655,195,163,32,152,11,1.85,-,163,0,47,105
27480,77656,7460,6102,1358,4868,1234,2.80,2.36,6102,445,1979,2889
27481,77657,8718,7951,767,6626,1325,2.70,2.72,7951,302,3739,2887
27482,77659,2125,1901,224,1615,286,3.42,2.46,1901,66,695,920
27483,77660,562,419,143,377,42,3.45,-,419,5,162,215
27484,77661,139,139,0,86,53,1.53,4.36,139,0,34,52
27485,77662,11644,9543,2101,7910,1633,2.71,2.56,9543,517,3412,4498
27486,77663,545,386,159,234,152,2.68,1.49,386,0,91,143
27487,77664,1263,912,351,792,120,2.53,3.03,912,45,259,533
27488,77665,2589,2008,581,1604,404,3.17,3.26,2008,35,632,972
27489,77701,5956,4610,1346,2329,2281,2.93,2.59,4610,710,579,1750
27490,77702,1678,1470,208,819,651,2.46,2.07,1470,94,340,479
27491,77703,5324,4333,991,2135,2198,2.71,2.74,4333,407,460,1675
27492,77705,12693,10760,1933,6231,4529,2.63,2.47,10760,1103,2441,3790
27493,77706,14168,12857,1311,7354,5503,2.47,1.98,12857,922,4072,3282
27494,77707,7134,6293,841,4453,1840,2.92,2.63,6293,302,2611,1842
27495,77708,5750,5256,494,2620,2636,2.72,2.21,5256,408,1488,1132
27496,77713,6728,5620,1108,3481,2139,2.71,2.14,5620,64,1796,1685
27497,77801,7163,5879,1284,775,5104,3.16,2.37,5879,486,455,320
27498,77802,11933,10993,940,5838,5155,2.50,1.85,10993,837,3566,2272
27499,77803,10571,9635,936,5819,3816,3.27,3.11,9635,496,2927,2892
27500,77807,5133,4332,801,2667,1665,2.92,2.08,4332,183,1234,1433
27501,77808,5955,5531,424,5166,365,2.67,2.28,5531,51,3029,2137
27502,77830,1378,1125,253,959,166,2.97,1.62,1125,21,364,595
27503,77831,1822,1134,688,964,170,2.60,3.70,1134,163,313,651
27504,77833,12617,10945,1672,7698,3247,2.51,2.15,10945,480,3410,4288
27505,77835,1930,1318,612,1094,224,2.69,2.90,1318,46,540,554
27506,77836,5727,4696,1031,3702,994,2.54,2.04,4696,228,1275,2427
27507,77837,855,596,259,430,166,2.50,2.94,596,48,144,286
27508,77840,24523,19972,4551,2247,17725,2.21,2.34,19972,2022,1002,1245
27509,77843,0,0,0,0,0,-,-,0,0,0,0
27510,77845,29606,27033,2573,17911,9122,2.75,2.57,27033,478,11043,6868
27511,77852,0,0,0,0,0,-,-,0,0,0,0
27512,77853,636,471,165,384,87,2.44,1.78,471,77,61,323
27513,77855,21,21,0,21,0,1.62,-,21,0,0,21
27514,77856,2686,1608,1078,1225,383,2.83,2.49,1608,17,552,673
27515,77857,498,401,97,352,49,2.31,1.86,401,5,137,215
27516,77859,3229,2839,390,2049,790,2.66,2.43,2839,281,593,1456
27517,77861,1081,841,240,724,117,2.64,2.23,841,13,256,468
27518,77863,29,29,0,0,29,-,12.38,29,0,0,0
27519,77864,3176,2535,641,1872,663,2.91,2.39,2535,214,641,1231
27520,77865,1084,704,380,577,127,3.04,4.11,704,32,223,354
27521,77866,0,0,0,0,0,-,-,0,0,0,0
27522,77867,119,97,22,93,4,3.17,1.75,97,32,20,73
27523,77868,6367,5467,900,3632,1835,2.72,2.59,5467,219,1487,2145
27524,77871,1552,1188,364,890,298,2.20,2.67,1188,18,187,703
27525,77872,980,755,225,620,135,2.96,4.31,755,10,174,446
27526,77873,677,515,162,479,36,2.43,2.94,515,9,169,310
27527,77875,12,12,0,12,0,-,-,12,0,0,12
27528,77876,55,55,0,55,0,3.04,-,55,0,0,55
27529,77878,287,236,51,144,92,2.47,2.27,236,23,51,93
27530,77879,3234,2197,1037,1684,513,2.30,2.52,2197,131,458,1226
27531,77880,1365,905,460,831,74,1.84,3.93,905,182,150,681
27532,77882,14,14,0,14,0,2.57,-,14,0,0,14
27533,77901,17368,14916,2452,8275,6641,2.81,2.52,14916,1439,4286,3989
27534,77904,12142,11118,1024,7859,3259,2.68,2.39,11118,352,4262,3597
27535,77905,7019,6307,712,5112,1195,2.50,3.06,6307,258,1842,3270
27536,77950,142,73,69,60,13,1.63,2.62,73,0,6,54
27537,77951,714,564,150,413,151,2.46,2.27,564,72,13,400
27538,77954,4549,3348,1201,2152,1196,2.84,2.51,3348,291,647,1505
27539,77957,3889,3070,819,2208,862,2.86,2.62,3070,186,890,1318
27540,77960,37,37,0,37,0,-,-,37,0,0,37
27541,77961,133,133,0,71,62,1.45,-,133,41,0,71
27542,77962,1396,1124,272,783,341,2.87,2.86,1124,52,303,480
27543,77963,2560,1888,672,1474,414,2.90,2.01,1888,152,504,970
27544,77964,4289,3165,1124,2209,956,2.51,2.21,3165,173,736,1473
27545,77968,1246,1117,129,947,170,2.90,1.65,1117,0,366,581
27546,77969,78,60,18,60,0,2.62,-,60,0,38,22
27547,77970,199,111,88,69,42,3.20,3.71,111,0,19,50
27548,77971,435,297,138,226,71,4.01,3.25,297,0,116,110
27549,77973,11,11,0,0,11,-,2.73,11,0,0,0
27550,77974,206,190,16,125,65,2.51,3.82,190,19,41,84
27551,77975,1002,646,356,458,188,2.21,2.61,646,20,125,333
27552,77976,19,19,0,19,0,2.16,-,19,0,0,19
27553,77977,320,273,47,250,23,1.66,2.26,273,8,9,241
27554,77978,246,188,58,97,91,2.21,2.56,188,0,37,60
27555,77979,7600,6237,1363,4674,1563,2.69,2.41,6237,209,1777,2897
27556,77982,1409,433,976,337,96,2.12,3.78,433,0,139,198
27557,77983,1297,877,420,708,169,2.64,2.24,877,12,266,442
27558,77984,2146,1625,521,1403,222,2.42,3.04,1625,30,573,830
27559,77986,9,9,0,9,0,2.00,-,9,0,0,9
27560,77987,103,79,24,70,9,2.86,3.33,79,0,45,25
27561,77988,86,44,42,44,0,2.27,-,44,0,0,44
27562,77990,515,331,184,279,52,2.88,2.10,331,10,66,213
27563,77991,172,90,82,71,19,5.85,4.05,90,4,51,20
27564,77993,81,42,39,42,0,5.55,-,42,0,0,42
27565,77994,267,132,135,105,27,2.97,2.37,132,3,59,46
27566,77995,4832,3887,945,2928,959,2.86,2.60,3887,151,925,2003
27567,78001,0,0,0,0,0,-,-,0,0,0,0
27568,78002,2664,2447,217,1787,660,3.45,3.94,2447,76,800,987
27569,78003,5026,3679,1347,3154,525,2.41,2.97,3679,31,1361,1793
27570,78004,177,177,0,153,24,2.24,2.00,177,0,98,55
27571,78005,847,828,19,454,374,2.09,2.66,828,0,77,377
27572,78006,15893,14831,1062,11052,3779,2.67,2.64,14831,341,6339,4713
27573,78007,115,42,73,33,9,4.30,6.89,42,0,17,16
27574,78008,266,121,145,75,46,2.68,1.80,121,0,19,56
27575,78009,3023,2653,370,2249,404,2.91,3.11,2653,81,1092,1157
27576,78010,1837,1535,302,1149,386,2.37,3.09,1535,36,510,639
27577,78011,773,578,195,537,41,2.79,3.46,578,86,95,442
27578,78012,173,109,64,73,36,2.38,2.11,109,19,15,58
27579,78013,2600,2156,444,1798,358,2.50,2.20,2156,6,920,878
27580,78014,1928,1531,397,1142,389,2.92,3.45,1531,0,488,654
27581,78015,7660,7364,296,6822,542,2.92,1.81,7364,13,5090,1732
27582,78016,4112,3508,604,2475,1033,2.90,2.71,3508,155,902,1573
27583,78017,1531,941,590,656,285,3.01,4.26,941,82,225,431
27584,78019,569,420,149,377,43,3.68,1.23,420,39,32,345
27585,78021,52,3,49,3,0,22.00,-,3,0,3,0
27586,78022,2329,1576,753,1214,362,2.50,3.84,1576,81,299,915
27587,78023,9680,9465,215,8498,967,3.05,2.84,9465,31,6127,2371
27588,78024,940,514,426,387,127,2.03,2.35,514,0,115,272
27589,78025,2660,2143,517,1594,549,2.21,2.82,2143,58,640,954
27590,78026,3044,2520,524,1661,859,2.76,2.32,2520,168,657,1004
27591,78027,258,169,89,169,0,2.63,-,169,0,126,43
27592,78028,18491,16905,1586,11108,5797,2.21,2.45,16905,824,4684,6424
27593,78029,0,0,0,0,0,-,-,0,0,0,0
27594,78039,969,875,94,765,110,3.18,2.74,875,63,163,602
27595,78040,13546,11316,2230,4894,6422,3.39,3.16,11316,1949,1441,3453
27596,78041,15948,14740,1208,7570,7170,3.21,2.93,14740,858,3464,4106
27597,78043,14063,12728,1335,6782,5946,3.87,3.28,12728,627,2832,3950
27598,78044,222,134,88,104,30,1.57,6.23,134,0,0,104
27599,78045,21015,19986,1029,15235,4751,3.60,2.70,19986,253,10098,5137
27600,78046,18528,16935,1593,12883,4052,3.88,4.29,16935,778,7290,5593
27601,78050,200,173,27,136,37,2.47,3.65,173,16,51,85
27602,78052,2314,1998,316,1710,288,2.97,2.91,1998,111,753,957
27603,78055,1162,754,408,682,72,2.14,2.38,754,9,234,448
27604,78056,1022,862,160,785,77,2.33,5.45,862,0,530,255
27605,78057,823,496,327,496,0,1.09,-,496,39,414,82
27606,78058,640,387,253,350,37,2.06,2.08,387,1,80,270
27607,78059,2259,1996,263,1830,166,2.89,2.33,1996,102,828,1002
27608,78061,3185,2588,597,1623,965,3.43,3.64,2588,288,506,1117
27609,78062,0,0,0,0,0,-,-,0,0,0,0
27610,78063,4683,3749,934,3407,342,2.47,2.53,3749,69,1630,1777
27611,78064,5920,5190,730,3884,1306,2.77,3.93,5190,260,1777,2107
27612,78065,4081,3583,498,2823,760,2.98,3.12,3583,108,1162,1661
27613,78066,264,245,19,233,12,2.27,4.50,245,15,56,177
27614,78067,480,186,294,186,0,3.65,-,186,35,2,184
27615,78069,2212,1897,315,1623,274,3.58,2.64,1897,44,695,928
27616,78070,7439,6718,721,6231,487,2.61,2.10,6718,86,4072,2159
27617,78071,1486,1008,478,728,280,2.73,2.10,1008,62,223,505
27618,78072,201,122,79,102,20,3.68,5.65,122,9,23,79
27619,78073,3178,2770,408,2214,556,3.94,2.84,2770,53,958,1256
27620,78074,44,44,0,44,0,1.89,-,44,0,11,33
27621,78075,101,94,7,62,32,2.69,-,94,16,6,56
27622,78076,5559,4191,1368,3060,1131,3.28,2.78,4191,391,894,2166
27623,78101,3369,3188,181,2902,286,2.88,2.55,3188,80,1529,1373
27624,78102,8655,7087,1568,4696,2391,2.96,2.42,7087,429,1676,3020
27625,78104,40,31,9,0,31,-,3.10,31,0,0,0
27626,78107,256,220,36,153,67,1.78,1.87,220,22,64,89
27627,78108,14574,13889,685,11801,2088,3.15,3.62,13889,98,9084,2717
27628,78109,17007,16409,598,12200,4209,3.00,2.84,16409,293,9195,3005
27629,78111,0,0,0,0,0,-,-,0,0,0,0
27630,78112,3277,3151,126,2795,356,3.19,3.27,3151,210,1317,1478
27631,78113,1192,1095,97,882,213,2.51,2.57,1095,28,260,622
27632,78114,8727,8002,725,6684,1318,2.91,2.39,8002,176,3618,3066
27633,78116,215,116,99,116,0,2.02,-,116,0,20,96
27634,78117,365,301,64,279,22,2.32,1.27,301,3,40,239
27635,78118,1646,1241,405,898,343,2.64,1.97,1241,46,103,795
27636,78119,2553,1822,731,1127,695,2.50,2.85,1822,228,368,759
27637,78121,5233,4755,478,4304,451,2.86,2.98,4755,72,2645,1659
27638,78122,184,157,27,144,13,1.47,2.92,157,0,53,91
27639,78123,1500,1028,472,925,103,2.40,2.92,1028,35,290,635
27640,78124,2793,2574,219,2350,224,2.87,2.38,2574,52,1079,1271
27641,78125,26,10,16,10,0,1.70,-,10,0,0,10
27642,78130,35639,32258,3381,20333,11925,2.76,2.30,32258,959,12538,7795
27643,78132,13670,12813,857,10938,1875,2.98,2.04,12813,317,7083,3855
27644,78133,10983,8912,2071,7643,1269,2.31,2.49,8912,221,4201,3442
27645,78140,1408,1240,168,857,383,2.86,2.99,1240,92,247,610
27646,78141,505,347,158,286,61,2.19,3.72,347,4,37,249
27647,78142,51,34,17,29,5,3.24,-,34,5,3,26
27648,78143,68,55,13,55,0,3.98,-,55,0,55,0
27649,78144,18,18,0,0,18,-,-,18,0,0,0
27650,78145,34,26,8,16,10,2.63,4.30,26,0,7,9
27651,78146,284,211,73,99,112,2.90,3.92,211,25,38,61
27652,78147,645,546,99,340,206,3.06,3.15,546,10,150,190
27653,78148,8429,8170,259,4097,4073,2.76,2.76,8170,216,2612,1485
27654,78150,0,0,0,0,0,-,-,0,0,0,0
27655,78151,749,612,137,382,230,2.44,2.44,612,30,124,258
27656,78152,961,926,35,905,21,2.57,2.57,926,4,327,578
27657,78154,15237,14512,725,10114,4398,2.81,2.51,14512,223,6947,3167
27658,78155,20472,18594,1878,13242,5352,2.75,2.58,18594,978,6387,6855
27659,78159,395,306,89,234,72,2.78,2.92,306,4,82,152
27660,78160,2029,1775,254,1539,236,3.02,2.43,1775,67,759,780
27661,78161,271,196,75,185,11,3.30,-,196,13,92,93
27662,78162,195,132,63,83,49,1.66,4.14,132,0,11,72
27663,78163,5500,5141,359,4903,238,2.85,2.09,5141,24,2931,1972
27664,78164,1899,1390,509,1133,257,2.56,2.47,1390,108,348,785
27665,78201,19156,17249,1907,8056,9193,2.90,2.38,17249,2442,3728,4328
27666,78202,4989,4245,744,2044,2201,2.61,2.22,4245,530,912,1132
27667,78203,2738,2285,453,1145,1140,3.51,1.70,2285,352,578,567
27668,78204,5860,4727,1133,2204,2523,2.72,2.21,4727,662,714,1490
27669,78205,1730,1118,612,58,1060,2.14,1.26,1118,437,43,15
27670,78207,18665,16488,2177,7311,9177,3.09,2.69,16488,3443,2065,5246
27671,78208,2214,1817,397,607,1210,2.32,2.19,1817,405,112,495
27672,78209,21817,19257,2560,9308,9949,2.55,1.73,19257,1003,5178,4130
27673,78210,14412,12187,2225,6988,5199,2.93,2.56,12187,1607,3313,3675
27674,78211,10705,9702,1003,6187,3515,3.11,3.21,9702,876,2120,4067
27675,78212,13532,11670,1862,5212,6458,2.46,1.78,11670,1338,2485,2727
27676,78213,18294,16940,1354,8215,8725,2.78,2.27,16940,1405,5084,3131
27677,78214,8679,8174,505,4732,3442,3.08,2.41,8174,1106,1919,2813
27678,78215,2569,2121,448,154,1967,3.08,1.33,2121,149,67,87
27679,78216,22077,19294,2783,6525,12769,2.44,2.11,19294,1712,3770,2755
27680,78217,16069,14597,1472,6180,8417,2.52,2.07,14597,1643,3505,2675
27681,78218,14544,13630,914,6472,7158,3.05,2.27,13630,1203,4149,2323
27682,78219,6121,5524,597,2849,2675,2.66,3.25,5524,543,982,1867
27683,78220,6230,5635,595,3173,2462,2.53,3.09,5635,635,991,2182
27684,78221,14398,13185,1213,8669,4516,3.19,3.14,13185,1097,4117,4552
27685,78222,8781,7884,897,5393,2491,3.14,2.63,7884,861,2870,2523
27686,78223,21371,19398,1973,11023,8375,3.07,2.38,19398,2459,6511,4512
27687,78224,6649,6231,418,3428,2803,3.33,2.96,6231,395,1609,1819
27688,78225,5566,5173,393,3518,1655,2.77,2.63,5173,557,1227,2291
27689,78226,2895,2324,571,887,1437,3.23,2.94,2324,517,307,580
27690,78227,16317,15192,1125,8642,6550,3.16,2.90,15192,1077,4239,4403
27691,78228,21506,19593,1913,11355,8238,2.76,2.89,19593,2088,5162,6193
27692,78229,19102,16492,2610,2463,14029,1.89,2.10,16492,1581,983,1480
27693,78230,20703,19217,1486,9225,9992,2.47,1.99,19217,921,4907,4318
27694,78231,3968,3841,127,2634,1207,2.76,2.35,3841,173,1630,1004
27695,78232,15887,15202,685,8723,6479,2.51,2.26,15202,583,5096,3627
27696,78233,18358,17579,779,10625,6954,2.60,2.66,17579,866,6445,4180
27697,78234,1047,945,102,3,942,4.00,3.91,945,5,0,3
27698,78235,1273,1156,117,0,1156,-,2.04,1156,11,0,0
27699,78236,576,470,106,0,470,-,4.10,470,15,0,0
27700,78237,13396,12450,946,7850,4600,3.14,3.05,12450,1434,2547,5303
27701,78238,11352,10306,1046,4955,5351,2.71,2.29,10306,1245,2637,2318
27702,78239,10683,9892,791,7115,2777,2.93,3.35,9892,463,4384,2731
27703,78240,26856,24089,2767,8633,15456,2.57,2.21,24089,1810,5702,2931
27704,78242,10794,10105,689,5447,4658,3.38,3.36,10105,554,2649,2798
27705,78243,0,0,0,0,0,-,-,0,0,0,0
27706,78244,12503,11958,545,8543,3415,3.00,3.11,11958,111,6519,2024
27707,78245,30306,28417,1889,20544,7873,3.31,2.86,28417,709,15700,4844
27708,78247,19160,18466,694,14112,4354,2.75,2.63,18466,327,10064,4048
27709,78248,5831,5717,114,3972,1745,2.56,2.07,5717,63,2265,1707
27710,78249,23328,21969,1359,11278,10691,2.70,2.38,21969,528,8073,3205
27711,78250,20491,19931,560,14672,5259,3.01,2.99,19931,497,9760,4912
27712,78251,22601,21540,1061,11127,10413,3.30,2.43,21540,552,8585,2542
27713,78252,4299,4121,178,3481,640,3.17,2.74,4121,99,2644,837
27714,78253,20705,19330,1375,15340,3990,3.19,2.70,19330,300,12236,3104
27715,78254,23288,22486,802,18529,3957,3.34,3.17,22486,478,14515,4014
27716,78255,6437,6020,417,5135,885,2.95,2.68,6020,65,3779,1356
27717,78256,5664,4799,865,1491,3308,3.70,1.82,4799,324,1104,387
27718,78257,5634,4881,753,1914,2967,2.33,1.59,4881,88,1122,792
27719,78258,19151,18077,1074,10956,7121,3.02,1.96,18077,580,8091,2865
27720,78259,10574,9940,634,6787,3153,2.97,1.76,9940,354,4965,1822
27721,78260,11799,11365,434,10170,1195,3.02,2.81,11365,57,7647,2523
27722,78261,9037,8515,522,7039,1476,2.91,2.37,8515,39,5810,1229
27723,78263,1905,1877,28,1589,288,2.57,2.50,1877,4,750,839
27724,78264,4495,3926,569,3265,661,3.17,3.78,3926,125,1585,1680
27725,78266,2901,2706,195,2576,130,2.61,1.77,2706,21,1611,965
27726,78330,250,216,34,193,23,2.65,3.70,216,4,59,134
27727,78332,10842,8913,1929,5922,2991,3.03,3.02,8913,647,2062,3860
27728,78336,6459,4533,1926,3036,1497,2.68,2.76,4533,387,1152,1884
27729,78338,0,0,0,0,0,-,-,0,0,0,0
27730,78339,190,135,55,135,0,2.58,-,135,0,0,135
27731,78340,302,189,113,168,21,1.91,2.95,189,22,29,139
27732,78341,776,383,393,241,142,3.29,4.02,383,46,85,156
27733,78342,80,74,6,39,35,3.33,2.74,74,0,12,27
27734,78343,2057,1632,425,1404,228,2.74,3.31,1632,35,565,839
27735,78344,186,139,47,125,14,2.94,3.36,139,0,60,65
27736,78347,24,24,0,24,0,-,-,24,0,0,24
27737,78349,305,161,144,159,2,4.81,1.50,161,22,40,119
27738,78351,233,183,50,59,124,4.46,3.56,183,6,9,50
27739,78352,87,51,36,51,0,5.69,-,51,15,0,51
27740,78353,323,175,148,79,96,1.95,1.73,175,6,0,79
27741,78355,3252,2345,907,1540,805,2.66,2.98,2345,332,285,1255
27742,78357,1188,878,310,630,248,3.04,3.63,878,31,166,464
27743,78358,650,493,157,409,84,1.94,2.32,493,51,72,337
27744,78359,754,634,120,394,240,3.70,3.22,634,41,64,330
27745,78360,19,0,19,0,0,-,-,0,0,0,0
27746,78361,2233,1423,810,958,465,3.32,3.55,1423,99,385,573
27747,78362,4341,3805,536,2663,1142,2.75,2.92,3805,106,1429,1234
27748,78363,12989,10901,2088,5796,5105,2.75,2.30,10901,637,2799,2997
27749,78368,4722,3534,1188,2789,745,2.34,2.68,3534,379,650,2139
27750,78369,151,77,74,57,20,2.53,2.25,77,18,6,51
27751,78370,1961,1635,326,1211,424,2.98,2.95,1635,45,482,729
27752,78371,121,49,72,42,7,1.74,5.00,49,7,0,42
27753,78372,2160,1577,583,1233,344,3.42,3.02,1577,137,576,657
27754,78373,5101,1552,3549,1167,385,2.18,1.89,1552,113,559,608
27755,78374,7979,6811,1168,4327,2484,2.95,2.77,6811,220,2704,1623
27756,78375,1452,1067,385,712,355,2.80,2.79,1067,20,210,502
27757,78376,242,93,149,65,28,3.03,2.71,93,0,9,56
27758,78377,1463,946,517,634,312,3.73,2.48,946,146,233,401
27759,78379,877,649,228,568,81,2.43,2.41,649,18,177,391
27760,78380,9550,8442,1108,6353,2089,2.65,3.35,8442,484,2130,4223
27761,78382,12425,8306,4119,6679,1627,2.23,2.14,8306,304,2558,4121
27762,78383,2580,1715,865,1471,244,2.86,3.32,1715,159,679,792
27763,78384,2295,1481,814,1123,358,2.94,3.92,1481,223,252,871
27764,78385,100,48,52,5,43,2.20,3.56,48,0,0,5
27765,78387,3882,3247,635,2019,1228,3.14,2.58,3247,275,592,1427
27766,78389,923,694,229,584,110,2.83,2.07,694,10,136,448
27767,78390,2398,1895,503,1227,668,3.06,2.96,1895,226,442,785
27768,78391,62,50,12,19,31,3.32,3.00,50,0,6,13
27769,78393,973,686,287,549,137,3.07,3.71,686,39,179,370
27770,78401,2189,1573,616,257,1316,2.73,1.63,1573,563,85,172
27771,78402,449,116,333,86,30,2.36,-,116,30,39,47
27772,78404,7458,6009,1449,2995,3014,2.56,2.52,6009,719,1163,1832
27773,78405,6117,5216,901,2933,2283,2.83,2.48,5216,814,604,2329
27774,78406,396,370,26,139,231,3.24,4.79,370,26,32,107
27775,78407,979,625,354,347,278,3.48,2.87,625,88,124,223
27776,78408,4690,3953,737,2139,1814,2.83,2.27,3953,474,871,1268
27777,78409,977,854,123,456,398,3.21,2.12,854,36,187,269
27778,78410,10468,9418,1050,6312,3106,3.01,2.75,9418,499,4097,2215
27779,78411,10485,9118,1367,5686,3432,2.77,2.41,9118,582,2907,2779
27780,78412,16829,15606,1223,7270,8336,2.64,2.20,15606,625,3815,3455
27781,78413,15501,14357,1144,8001,6356,2.76,2.33,14357,500,5024,2977
27782,78414,18431,17224,1207,10996,6228,2.88,2.28,17224,474,8335,2661
27783,78415,15475,14095,1380,7891,6204,2.92,2.96,14095,1381,3517,4374
27784,78416,5787,5329,458,2996,2333,2.77,2.89,5329,392,996,2000
27785,78417,1536,1392,144,888,504,3.25,3.01,1392,63,481,407
27786,78418,15296,12068,3228,7644,4424,2.42,2.56,12068,920,4538,3106
27787,78419,190,176,14,0,176,-,3.09,176,4,0,0
27788,78501,24854,21666,3188,11034,10632,2.94,2.61,21666,1800,4831,6203
27789,78503,7736,6254,1482,3822,2432,3.19,3.29,6254,451,1781,2041
27790,78504,20487,18738,1749,12677,6061,3.40,2.92,18738,591,7808,4869
27791,78516,12053,10016,2037,7677,2339,3.40,3.35,10016,393,2286,5391
27792,78520,21461,18844,2617,10677,8167,3.34,2.95,18844,2359,4813,5864
27793,78521,28760,26194,2566,15497,10697,3.40,3.36,26194,1894,4903,10594
27794,78526,17389,16374,1015,11441,4933,3.78,3.12,16374,488,6023,5418
27795,78535,286,253,33,190,63,2.46,3.90,253,16,56,134
27796,78536,193,134,59,123,11,2.55,3.55,134,5,40,83
27797,78537,16297,13667,2630,10101,3566,3.90,3.31,13667,710,3470,6631
27798,78538,3294,2840,454,2258,582,4.00,2.61,2840,185,877,1381
27799,78539,14429,13310,1119,7257,6053,2.68,2.71,13310,593,3647,3610
27800,78540,11,0,11,0,0,-,-,0,0,0,0
27801,78541,15909,14304,1605,7533,6771,3.64,2.59,14304,662,3944,3589
27802,78542,23369,21034,2335,15920,5114,3.90,3.55,21034,1047,7168,8752
27803,78543,2800,2566,234,1965,601,3.30,3.21,2566,105,569,1396
27804,78545,384,205,179,199,6,1.98,2.00,205,26,0,199
27805,78547,235,185,50,155,30,1.27,2.00,185,0,0,155
27806,78548,601,456,145,388,68,3.24,2.29,456,79,8,380
27807,78549,404,295,109,249,46,2.81,8.91,295,67,72,177
27808,78550,21440,18778,2662,9848,8930,2.79,2.88,18778,1334,3786,6062
27809,78552,15825,13416,2409,10169,3247,3.02,3.23,13416,654,4715,5454
27810,78557,3977,3746,231,2856,890,3.72,3.71,3746,165,2000,856
27811,78558,218,187,31,157,30,2.22,2.70,187,0,14,143
27812,78559,4895,4185,710,3163,1022,2.87,3.65,4185,308,1349,1814
27813,78560,1660,1359,301,784,575,3.22,3.29,1359,130,418,366
27814,78561,221,213,8,162,51,3.62,2.12,213,14,57,105
27815,78562,608,513,95,381,132,3.54,2.05,513,32,105,276
27816,78563,94,55,39,55,0,1.85,-,55,0,4,51
27817,78564,88,13,75,0,13,-,3.23,13,0,0,0
27818,78565,129,52,77,42,10,-,1.90,52,0,0,42
27819,78566,8032,6934,1098,4989,1945,3.67,3.15,6934,436,2072,2917
27820,78567,125,100,25,71,29,3.15,3.24,100,10,3,68
27821,78569,1504,1247,257,1001,246,3.62,3.04,1247,96,270,731
27822,78570,10984,9137,1847,6726,2411,3.74,3.36,9137,721,2169,4557
27823,78572,30704,24561,6143,17820,6741,3.17,2.96,24561,1661,6705,11115
27824,78573,12565,11363,1202,7861,3502,3.77,3.67,11363,773,3094,4767
27825,78574,17862,16238,1624,12379,3859,3.89,4.01,16238,759,4857,7522
27826,78575,1938,1665,273,1125,540,2.97,3.21,1665,41,392,733
27827,78576,3399,3048,351,2315,733,4.34,3.70,3048,249,998,1317
27828,78577,26553,23279,3274,13534,9745,3.45,3.33,23279,1661,4605,8929
27829,78578,6405,4038,2367,2775,1263,2.48,2.90,4038,178,1137,1638
27830,78579,1032,902,130,798,104,3.58,3.06,902,14,104,694
27831,78580,4063,3305,758,1987,1318,3.68,3.77,3305,109,354,1633
27832,78582,14255,12139,2116,9166,2973,3.64,3.58,12139,1115,2093,7073
27833,78583,2926,2035,891,1708,327,3.01,2.49,2035,206,672,1036
27834,78584,6535,5253,1282,3575,1678,3.64,3.04,5253,745,447,3128
27835,78585,0,0,0,0,0,-,-,0,0,0,0
27836,78586,16354,14410,1944,11123,3287,3.41,3.24,14410,784,3507,7616
27837,78588,100,48,52,37,11,2.41,2.91,48,0,0,37
27838,78589,12035,10970,1065,8376,2594,3.58,3.77,10970,538,3264,5112
27839,78590,182,127,55,93,34,4.97,4.71,127,3,20,73
27840,78591,259,146,113,141,5,1.91,-,146,5,9,132
27841,78592,201,173,28,149,24,3.41,4.58,173,23,4,145
27842,78593,1528,1407,121,1012,395,3.35,3.71,1407,145,238,774
27843,78594,607,516,91,395,121,3.16,1.64,516,42,104,291
27844,78595,2212,1999,213,1720,279,3.69,3.31,1999,205,189,1531
27845,78596,15318,11323,3995,7413,3910,3.31,3.07,11323,1264,2588,4825
27846,78597,6165,1118,5047,739,379,2.06,1.62,1118,39,324,415
27847,78598,393,70,323,62,8,2.00,-,70,0,22,40
27848,78599,9384,8519,865,6462,2057,4.18,3.63,8519,415,2870,3592
27849,78602,12456,11077,1379,8295,2782,2.75,2.84,11077,406,4882,3413
27850,78605,2765,2588,177,2350,238,2.54,3.86,2588,55,1154,1196
27851,78606,3311,2621,690,2043,578,2.64,2.54,2621,25,994,1049
27852,78607,202,67,135,59,8,2.90,1.88,67,0,17,42
27853,78608,213,114,99,114,0,2.85,-,114,13,60,54
27854,78609,1337,841,496,679,162,2.24,2.73,841,25,175,504
27855,78610,15375,14937,438,11824,3113,2.81,2.70,14937,205,8481,3343
27856,78611,6813,4728,2085,3801,927,2.61,2.62,4728,231,1822,1979
27857,78612,6188,5655,533,4761,894,3.62,3.66,5655,124,3040,1721
27858,78613,32983,32007,976,21325,10682,2.86,2.32,32007,717,15628,5697
27859,78614,270,184,86,139,45,2.12,2.93,184,0,54,85
27860,78615,560,523,37,386,137,3.05,3.61,523,7,201,185
27861,78616,2847,2462,385,1977,485,3.50,3.38,2462,26,1094,883
27862,78617,8090,7662,428,6315,1347,3.42,3.28,7662,126,3498,2817
27863,78618,337,129,208,108,21,1.78,3.43,129,1,23,85
27864,78619,2231,2159,72,1952,207,2.87,3.18,2159,9,1228,724
27865,78620,7037,6538,499,5583,955,2.89,2.50,6538,33,3769,1814
27866,78621,9039,8103,936,6628,1475,2.93,3.63,8103,166,3900,2728
27867,78622,175,134,41,112,22,2.20,3.64,134,19,51,61
27868,78623,656,564,92,518,46,1.98,2.28,564,0,224,294
27869,78624,11994,9794,2200,6828,2966,2.37,2.24,9794,461,2830,3998
27870,78626,13291,12337,954,7988,4349,3.05,2.52,12337,284,5791,2197
27871,78628,14820,14334,486,10992,3342,2.85,2.40,14334,522,7434,3558
27872,78629,5272,4518,754,2865,1653,2.68,2.46,4518,374,891,1974
27873,78631,1433,1018,415,854,164,3.02,2.67,1018,22,384,470
27874,78632,643,559,84,500,59,2.50,1.69,559,40,337,163
27875,78633,13331,12911,420,11904,1007,2.10,1.42,12911,301,5707,6197
27876,78634,13651,13271,380,10698,2573,2.86,3.07,13271,71,8919,1779
27877,78635,149,104,45,54,50,1.83,2.12,104,0,27,27
27878,78636,2108,1613,495,1137,476,2.17,1.74,1613,66,443,694
27879,78638,929,769,160,708,61,2.39,4.74,769,66,283,425
27880,78639,4847,3291,1556,2526,765,2.52,2.03,3291,162,1538,988
27881,78640,21999,21074,925,14976,6098,3.08,2.84,21074,278,10431,4545
27882,78641,28264,26921,1343,21800,5121,3.01,3.08,26921,385,16749,5051
27883,78642,6250,6010,240,5048,962,2.94,3.54,6010,98,3686,1362
27884,78643,3994,2714,1280,2090,624,2.36,2.47,2714,96,964,1126
27885,78644,7126,6381,745,4530,1851,2.85,2.94,6381,231,2650,1880
27886,78645,7168,6099,1069,5270,829,2.39,2.10,6099,179,3106,2164
27887,78648,3342,2980,362,1907,1073,2.57,2.56,2980,351,669,1238
27888,78650,992,781,211,692,89,3.25,3.29,781,51,253,439
27889,78652,1724,1632,92,1440,192,2.78,4.69,1632,0,1030,410
27890,78653,9427,8868,559,7793,1075,3.50,3.42,8868,103,6102,1691
27891,78654,9478,7242,2236,5192,2050,2.56,2.69,7242,256,2344,2848
27892,78655,1461,1336,125,911,425,2.98,2.31,1336,19,335,576
27893,78656,902,883,19,527,356,3.20,2.57,883,46,242,285
27894,78657,5251,3018,2233,2616,402,2.26,2.23,3018,4,1098,1518
27895,78658,35,35,0,35,0,2.06,-,35,0,27,8
27896,78659,1416,1151,265,1066,85,2.60,-,1151,20,524,542
27897,78660,39226,37699,1527,27468,10231,3.10,2.45,37699,954,21003,6465
27898,78661,117,104,13,99,5,2.96,8.60,104,8,42,57
27899,78662,1233,1074,159,824,250,2.50,1.98,1074,0,455,369
27900,78663,362,291,71,274,17,2.43,1.82,291,0,175,99
27901,78664,23207,22089,1118,12166,9923,2.85,2.52,22089,614,9481,2685
27902,78665,22701,21317,1384,14305,7012,3.01,2.39,21317,338,11190,3115
27903,78666,34573,31811,2762,11253,20558,2.61,2.28,31811,1948,6752,4501
27904,78669,5479,4097,1382,3650,447,2.60,2.74,4097,24,2432,1218
27905,78670,68,64,4,43,21,2.88,2.14,64,0,17,26
27906,78671,400,334,66,213,121,2.58,1.27,334,0,82,131
27907,78672,919,455,464,432,23,1.79,2.22,455,0,143,289
27908,78674,50,47,3,31,16,3.39,4.00,47,5,7,24
27909,78675,135,92,43,78,14,2.50,-,92,0,29,49
27910,78676,7342,6473,869,5181,1292,2.32,2.43,6473,94,2999,2182
27911,78677,0,0,0,0,0,-,-,0,0,0,0
27912,78681,20408,19661,747,14626,5035,2.99,2.69,19661,536,10371,4255
27913,78701,6955,6096,859,2848,3248,1.47,1.47,6096,771,1557,1291
27914,78702,12283,11093,1190,4829,6264,2.43,1.99,11093,2088,3014,1815
27915,78703,12411,10865,1546,5428,5437,2.38,1.68,10865,317,3522,1906
27916,78704,29084,26619,2465,8358,18261,2.15,1.66,26619,2413,5485,2873
27917,78705,10796,8910,1886,812,8098,1.76,2.18,8910,1447,268,544
27918,78712,0,0,0,0,0,-,-,0,0,0,0
27919,78717,13188,12736,452,7268,5468,3.09,2.12,12736,252,5301,1967
27920,78719,658,588,70,505,83,3.12,3.39,588,38,164,341
27921,78721,4467,4130,337,2213,1917,2.17,3.04,4130,446,1515,698
27922,78722,3256,3048,208,1461,1587,2.14,1.65,3048,238,993,468
27923,78723,15711,14496,1215,7060,7436,2.71,2.25,14496,1229,5028,2032
27924,78724,7872,7611,261,5099,2512,3.33,3.12,7611,292,2482,2617
27925,78725,3555,3503,52,3074,429,2.55,2.91,3503,0,2242,832
27926,78726,6070,5769,301,2582,3187,2.78,1.85,5769,38,1857,725
27927,78727,14207,13304,903,6071,7233,2.43,2.10,13304,447,4177,1894
27928,78728,13524,12665,859,3567,9098,2.39,1.85,12665,967,2598,969
27929,78729,15695,14329,1366,6085,8244,2.46,1.93,14329,374,4651,1434
27930,78730,4314,3997,317,2518,1479,2.74,1.73,3997,94,1855,663
27931,78731,14029,13148,881,7085,6063,2.32,1.66,13148,961,3829,3256
27932,78732,7276,7102,174,5200,1902,3.17,1.65,7102,412,3905,1295
27933,78733,3211,3076,135,2767,309,3.10,3.01,3076,36,1814,953
27934,78734,10182,9164,1018,7436,1728,2.34,2.37,9164,116,4905,2531
27935,78735,9463,8644,819,4213,4431,2.52,1.89,8644,224,2691,1522
27936,78736,3885,3854,31,2672,1182,2.66,1.94,3854,36,1584,1088
27937,78737,7755,7610,145,6794,816,3.32,2.70,7610,158,4965,1829
27938,78738,11137,10467,670,8112,2355,2.71,2.06,10467,135,5903,2209
27939,78739,6749,6574,175,6092,482,3.01,3.28,6574,13,4406,1686
27940,78741,23065,21432,1633,3946,17486,2.21,2.12,21432,2248,2141,1805
27941,78742,325,307,18,202,105,3.32,4.09,307,19,33,169
27942,78744,17791,17126,665,8545,8581,2.98,2.68,17126,1018,5597,2948
27943,78745,29985,28447,1538,13477,14970,2.31,2.07,28447,1310,8979,4498
27944,78746,11474,10661,813,7252,3409,2.87,2.02,10661,303,4110,3142
27945,78747,7348,7143,205,5736,1407,2.80,3.30,7143,101,4264,1472
27946,78748,23587,22407,1180,12506,9901,2.58,2.12,22407,529,9503,3003
27947,78749,16101,15372,729,9818,5554,2.50,2.02,15372,479,7096,2722
27948,78750,12059,11634,425,7262,4372,2.60,2.43,11634,109,4557,2705
27949,78751,9520,8550,970,1944,6606,2.14,1.77,8550,874,1319,625
27950,78752,10236,9755,481,2020,7735,2.21,2.16,9755,1051,1337,683
27951,78753,23590,22306,1284,7786,14520,2.73,2.57,22306,1261,4602,3184
27952,78754,11415,10990,425,6829,4161,2.94,2.31,10990,374,4953,1876
27953,78756,4638,4389,249,1948,2441,2.29,1.58,4389,537,1319,629
27954,78757,11606,11082,524,6594,4488,2.29,2.29,11082,453,4174,2420
27955,78758,24715,22641,2074,5939,16702,2.47,2.14,22641,1751,3920,2019
27956,78759,22796,21605,1191,10142,11463,2.41,1.77,21605,771,6215,3927
27957,78801,8265,7092,1173,4981,2111,2.96,2.91,7092,506,1675,3306
27958,78802,0,0,0,0,0,-,-,0,0,0,0
27959,78827,503,382,121,278,104,2.29,2.68,382,77,49,229
27960,78828,188,64,124,64,0,1.52,-,64,0,0,64
27961,78829,416,272,144,187,85,3.34,5.48,272,20,47,140
27962,78830,331,197,134,163,34,2.60,2.85,197,0,5,158
27963,78832,1495,1039,456,774,265,2.89,2.80,1039,56,147,627
27964,78833,597,367,230,204,163,4.02,2.79,367,53,10,194
27965,78834,3062,2293,769,1373,920,3.16,3.10,2293,404,442,931
27966,78836,49,30,19,19,11,3.84,-,30,3,5,14
27967,78837,171,88,83,88,0,1.81,-,88,0,19,69
27968,78838,244,60,184,60,0,1.52,-,60,2,24,36
27969,78839,3176,2830,346,2018,812,2.92,2.23,2830,107,214,1804
27970,78840,18141,15985,2156,10402,5583,2.96,2.64,15985,736,4148,6254
27971,78841,0,0,0,0,0,-,-,0,0,0,0
27972,78842,4,0,4,0,0,-,-,0,0,0,0
27973,78843,15,15,0,0,15,-,1.27,15,0,0,0
27974,78850,441,287,154,243,44,4.14,3.95,287,0,100,143
27975,78851,51,45,6,45,0,-,-,45,0,0,45
27976,78852,19332,17349,1983,11481,5868,3.42,2.94,17349,1164,5431,6050
27977,78860,107,0,107,0,0,-,-,0,0,0,0
27978,78861,5081,4448,633,3264,1184,2.48,2.65,4448,318,1661,1603
27979,78870,333,280,53,218,62,3.42,3.60,280,2,80,138
27980,78871,36,9,27,9,0,2.78,-,9,0,0,9
27981,78872,400,292,108,199,93,4.00,2.34,292,0,42,157
27982,78873,984,470,514,426,44,2.16,8.55,470,0,69,357
27983,78877,412,341,71,293,48,3.17,1.94,341,0,214,79
27984,78879,244,70,174,50,20,3.60,4.55,70,0,2,48
27985,78880,917,475,442,369,106,2.24,2.99,475,0,71,298
27986,78881,830,592,238,448,144,2.56,2.78,592,125,61,387
27987,78883,281,135,146,121,14,2.36,1.64,135,0,55,66
27988,78884,758,461,297,367,94,2.57,3.06,461,0,57,310
27989,78885,137,38,99,34,4,2.85,-,38,0,9,25
27990,78886,221,138,83,138,0,3.87,-,138,0,23,115
27991,78931,153,83,70,83,0,2.22,-,83,0,18,65
27992,78932,389,181,208,165,16,2.67,5.50,181,0,49,116
27993,78933,720,597,123,460,137,2.09,2.88,597,0,99,361
27994,78934,3396,2234,1162,1848,386,2.78,3.27,2234,97,396,1452
27995,78935,516,388,128,388,0,1.94,-,388,0,85,303
27996,78938,129,88,41,74,14,2.42,-,88,0,49,25
27997,78940,1335,821,514,755,66,2.58,3.27,821,27,260,495
27998,78941,1611,1073,538,895,178,2.61,3.89,1073,53,215,680
27999,78942,4130,3245,885,2366,879,2.94,2.59,3245,155,1105,1261
28000,78943,191,191,0,118,73,2.17,2.18,191,84,0,118
28001,78944,362,295,67,295,0,2.55,-,295,1,60,235
28002,78945,5467,4019,1448,3310,709,2.75,1.83,4019,210,1249,2061
28003,78946,578,381,197,303,78,2.38,3.00,381,6,67,236
28004,78947,2111,1683,428,1482,201,2.80,2.18,1683,27,718,764
28005,78948,386,262,124,186,76,2.96,2.42,262,36,103,83
28006,78949,391,184,207,177,7,3.34,1.86,184,0,35,142
28007,78950,1276,871,405,790,81,2.48,2.25,871,0,276,514
28008,78951,0,0,0,0,0,-,-,0,0,0,0
28009,78953,572,508,64,322,186,1.87,1.76,508,0,153,169
28010,78954,952,506,446,474,32,2.48,2.22,506,4,200,274
28011,78956,2730,1784,946,1304,480,2.80,3.36,1784,89,455,849
28012,78957,4682,3747,935,2896,851,2.39,3.12,3747,127,1730,1166
28013,78959,913,674,239,541,133,2.38,2.23,674,47,135,406
28014,78962,2412,1756,656,1444,312,2.85,2.01,1756,108,640,804
28015,78963,280,215,65,209,6,3.09,16.17,215,8,90,119
28016,79001,104,54,50,38,16,2.79,3.50,54,0,7,31
28017,79002,24,24,0,24,0,2.08,-,24,0,3,21
28018,79003,107,75,32,44,31,2.36,4.42,75,0,4,40
28019,79005,721,604,117,464,140,2.84,2.31,604,28,170,294
28020,79007,6558,4520,2038,3536,984,3.11,2.88,4520,203,1571,1965
28021,79008,0,0,0,0,0,-,-,0,0,0,0
28022,79009,659,562,97,358,204,3.09,3.51,562,20,94,264
28023,79010,84,61,23,18,43,7.83,2.42,61,0,0,18
28024,79011,150,88,62,61,27,2.34,2.11,88,0,8,53
28025,79012,0,0,0,0,0,-,-,0,0,0,0
28026,79013,1104,981,123,399,582,3.53,2.81,981,257,26,373
28027,79014,1625,1337,288,975,362,2.53,2.16,1337,72,381,594
28028,79015,8905,7923,982,5611,2312,2.81,2.40,7923,268,3243,2368
28029,79016,0,0,0,0,0,-,-,0,0,0,0
28030,79018,201,136,65,71,65,2.39,2.55,136,16,33,38
28031,79019,802,680,122,579,101,2.75,2.72,680,3,282,297
28032,79021,45,32,13,7,25,2.71,3.32,32,0,1,6
28033,79022,4082,3415,667,2452,963,2.71,3.10,3415,81,1188,1264
28034,79024,172,135,37,91,44,2.73,2.05,135,6,45,46
28035,79025,13,4,9,4,0,3.00,-,4,0,0,4
28036,79027,1934,1534,400,860,674,3.25,2.68,1534,101,369,491
28037,79029,5801,4942,859,3309,1633,3.36,2.84,4942,241,1940,1369
28038,79031,624,460,164,345,115,2.49,3.10,460,40,57,288
28039,79032,59,44,15,28,16,3.07,1.63,44,0,5,23
28040,79033,22,22,0,7,15,1.43,-,22,0,0,7
28041,79034,286,181,105,135,46,2.42,3.28,181,6,22,113
28042,79035,2100,1906,194,1330,576,2.68,3.17,1906,61,648,682
28043,79036,2483,1781,702,1669,112,2.85,2.48,1781,28,555,1114
28044,79039,389,308,81,249,59,2.37,2.90,308,7,96,153
28045,79040,809,642,167,488,154,3.21,4.32,642,25,224,264
28046,79041,1325,1102,223,843,259,2.36,3.07,1102,116,247,596
28047,79042,634,440,194,336,104,2.94,2.08,440,9,139,197
28048,79043,598,500,98,270,230,3.27,3.33,500,26,52,218
28049,79044,327,259,68,134,125,1.99,1.98,259,0,70,64
28050,79045,6963,6031,932,3951,2080,3.00,3.16,6031,205,1390,2561
28051,79046,307,222,85,181,41,3.01,3.59,222,2,83,98
28052,79051,0,0,0,0,0,-,-,0,0,0,0
28053,79052,634,498,136,397,101,2.71,2.57,498,9,116,281
28054,79053,29,11,18,11,0,2.45,-,11,0,8,3
28055,79054,262,190,72,143,47,3.23,3.04,190,15,37,106
28056,79056,46,37,9,37,0,1.81,-,37,0,5,32
28057,79057,691,480,211,332,148,2.80,2.36,480,17,143,189
28058,79058,29,0,29,0,0,-,-,0,0,0,0
28059,79059,340,264,76,236,28,2.04,2.86,264,21,59,177
28060,79061,137,101,36,95,6,2.87,1.33,101,0,11,84
28061,79062,132,97,35,80,17,3.66,3.24,97,0,45,35
28062,79063,270,248,22,214,34,2.70,3.35,248,0,85,129
28063,79064,992,788,204,564,224,3.21,2.53,788,72,127,437
28064,79065,9087,7219,1868,5268,1951,2.50,2.46,7219,257,2017,3251
28065,79066,6,6,0,6,0,2.67,-,6,0,0,6
28066,79068,1456,1261,195,984,277,2.45,2.88,1261,60,456,528
28067,79070,4129,3489,640,2546,943,2.99,2.26,3489,106,808,1738
28068,79072,10207,8396,1811,4955,3441,2.79,2.90,8396,284,2082,2873
28069,79073,6,4,2,2,2,6.50,1.50,4,0,2,0
28070,79078,138,50,88,46,4,2.48,3.00,50,2,4,42
28071,79079,1441,1011,430,717,294,2.34,2.83,1011,96,197,520
28072,79080,333,159,174,152,7,2.22,8.29,159,0,15,137
28073,79081,1576,1166,410,853,313,2.91,2.33,1166,67,279,574
28074,79082,167,82,85,75,7,1.85,6.43,82,2,10,65
28075,79083,1176,714,462,576,138,2.89,2.91,714,34,187,389
28076,79084,715,530,185,424,106,2.65,2.76,530,20,221,203
28077,79085,14,0,14,0,0,-,-,0,0,0,0
28078,79086,1400,1105,295,840,265,2.88,2.28,1105,45,287,553
28079,79087,366,286,80,196,90,2.84,1.94,286,12,39,157
28080,79088,2125,1793,332,1213,580,2.46,2.74,1793,197,393,820
28081,79091,38,17,21,17,0,4.24,-,17,0,0,17
28082,79092,544,481,63,415,66,2.66,3.48,481,18,214,201
28083,79093,85,39,46,39,0,2.92,-,39,0,0,39
28084,79094,26,8,18,8,0,1.50,-,8,0,0,8
28085,79095,1303,976,327,737,239,3.09,1.58,976,88,223,514
28086,79096,905,714,191,533,181,2.45,3.50,714,35,122,411
28087,79097,494,413,81,378,35,2.52,3.46,413,0,170,208
28088,79098,218,177,41,150,27,2.31,1.56,177,2,13,137
28089,79101,1462,1195,267,70,1125,1.91,1.66,1195,527,67,3
28090,79102,4557,4206,351,2107,2099,2.48,2.21,4206,361,943,1164
28091,79103,3873,3731,142,2543,1188,2.93,2.78,3731,219,1209,1334
28092,79104,2669,2288,381,1229,1059,3.13,2.70,2288,104,576,653
28093,79106,13298,11800,1498,5727,6073,2.52,2.11,11800,1109,2908,2819
28094,79107,12585,10960,1625,6208,4752,3.18,3.09,10960,984,2808,3400
28095,79108,4990,4350,640,3337,1013,2.41,2.47,4350,280,1518,1819
28096,79109,20580,18539,2041,10912,7627,2.49,2.08,18539,872,6718,4194
28097,79110,7668,6949,719,4641,2308,2.58,3.11,6949,113,2892,1749
28098,79111,517,457,60,11,446,2.82,3.30,457,0,0,11
28099,79118,10774,9883,891,8029,1854,2.59,2.48,9883,309,4892,3137
28100,79119,9110,8402,708,5352,3050,2.82,1.73,8402,63,3705,1647
28101,79121,2857,2511,346,1853,658,2.20,2.00,2511,84,970,883
28102,79124,4476,4189,287,3666,523,2.66,1.94,4189,31,2060,1606
28103,79201,2847,2091,756,1280,811,2.67,2.28,2091,28,384,896
28104,79220,114,62,52,38,24,1.82,4.79,62,0,2,36
28105,79223,27,19,8,19,0,4.26,-,19,0,7,12
28106,79225,445,283,162,219,64,3.27,2.56,283,6,78,141
28107,79226,1622,968,654,670,298,2.64,2.09,968,28,193,477
28108,79227,765,495,270,371,124,2.27,2.09,495,50,77,294
28109,79229,226,123,103,117,6,2.31,1.83,123,0,4,113
28110,79230,57,36,21,34,2,4.35,1.50,36,0,0,34
28111,79231,0,0,0,0,0,-,-,0,0,0,0
28112,79233,89,40,49,19,21,3.32,1.67,40,0,1,18
28113,79234,39,30,9,19,11,2.68,2.64,30,0,1,18
28114,79235,1647,1151,496,801,350,2.80,2.90,1151,132,241,560
28115,79236,121,75,46,27,48,2.52,2.67,75,0,4,23
28116,79237,323,204,119,179,25,2.18,2.88,204,0,42,137
28117,79239,148,63,85,57,6,2.07,-,63,0,6,51
28118,79240,33,26,7,20,6,5.95,2.00,26,6,6,14
28119,79241,911,688,223,560,128,3.14,1.85,688,31,200,360
28120,79243,18,9,9,4,5,1.50,2.60,9,2,0,4
28121,79244,485,293,192,198,95,2.94,2.93,293,2,71,127
28122,79245,1170,895,275,637,258,2.66,2.21,895,33,89,548
28123,79247,28,20,8,18,2,1.39,5.00,20,0,0,18
28124,79248,964,610,354,361,249,2.22,2.62,610,50,107,254
28125,79250,669,466,203,339,127,2.68,2.01,466,19,54,285
28126,79251,33,17,16,17,0,2.41,-,17,0,0,17
28127,79252,1383,979,404,622,357,2.83,2.75,979,45,201,421
28128,79255,361,213,148,139,74,2.29,2.08,213,21,65,74
28129,79256,164,115,49,83,32,2.54,2.41,115,8,0,83
28130,79257,573,346,227,263,83,2.35,2.43,346,24,30,233
28131,79258,31,31,0,31,0,2.39,-,31,0,0,31
28132,79259,44,14,30,14,0,3.50,-,14,0,0,14
28133,79261,340,122,218,77,45,2.65,2.20,122,6,12,65
28134,79311,1559,1402,157,1054,348,2.78,2.39,1402,38,498,556
28135,79312,396,319,77,259,60,4.12,2.33,319,7,35,224
28136,79313,740,574,166,411,163,2.35,3.01,574,34,175,236
28137,79314,67,39,28,14,25,2.71,3.76,39,0,2,12
28138,79316,4260,3655,605,2293,1362,2.54,2.63,3655,188,883,1410
28139,79322,858,671,187,480,191,2.56,2.77,671,51,123,357
28140,79323,2660,2475,185,1660,815,3.30,1.88,2475,20,670,990
28141,79324,23,12,11,12,0,3.00,-,12,0,7,5
28142,79325,799,596,203,392,204,3.07,4.86,596,0,146,246
28143,79326,3,3,0,3,0,11.33,-,3,0,0,3
28144,79329,1505,1227,278,921,306,2.68,2.00,1227,66,416,505
28145,79330,339,41,298,36,5,1.89,-,41,0,12,24
28146,79331,4623,3998,625,2781,1217,2.57,2.32,3998,349,949,1832
28147,79336,6825,5917,908,4143,1774,2.60,2.47,5917,448,1657,2486
28148,79339,2991,2373,618,1713,660,2.92,2.45,2373,86,538,1175
28149,79342,150,121,29,114,7,2.75,-,121,0,13,101
28150,79343,689,567,122,453,114,2.67,4.25,567,53,196,257
28151,79344,0,0,0,0,0,-,-,0,0,0,0
28152,79345,346,304,42,216,88,4.43,2.39,304,19,72,144
28153,79346,1033,811,222,537,274,2.70,2.21,811,68,149,388
28154,79347,2518,1941,577,1418,523,3.56,3.25,1941,210,591,827
28155,79350,258,218,40,209,9,2.25,4.22,218,17,43,166
28156,79351,637,498,139,352,146,2.62,2.37,498,14,107,245
28157,79353,8,8,0,8,0,3.00,-,8,0,3,5
28158,79355,770,624,146,380,244,2.46,2.78,624,10,156,224
28159,79356,1875,1649,226,1193,456,2.46,2.73,1649,77,290,903
28160,79357,947,757,190,559,198,2.56,2.44,757,56,120,439
28161,79358,471,445,26,337,108,3.30,2.33,445,6,140,197
28162,79359,1468,1238,230,915,323,3.15,1.90,1238,40,201,714
28163,79360,5444,5013,431,3917,1096,3.49,2.57,5013,271,1821,2096
28164,79363,2329,2137,192,1775,362,2.72,2.76,2137,110,989,786
28165,79364,3128,2785,343,1867,918,2.71,2.73,2785,189,904,963
28166,79366,530,457,73,438,19,2.39,3.21,457,3,238,200
28167,79367,254,231,23,126,105,2.60,2.96,231,6,53,73
28168,79369,38,38,0,38,0,1.71,-,38,0,10,28
28169,79370,1005,525,480,401,124,2.27,1.91,525,46,68,333
28170,79371,783,630,153,515,115,2.55,2.50,630,53,180,335
28171,79372,566,504,62,377,127,2.82,2.55,504,19,147,230
28172,79373,1328,1080,248,753,327,2.68,2.26,1080,78,320,433
28173,79376,54,19,35,9,10,1.33,8.30,19,0,0,9
28174,79377,124,78,46,55,23,2.93,3.52,78,5,11,44
28175,79378,113,74,39,51,23,3.65,3.09,74,15,28,23
28176,79379,220,181,39,150,31,2.77,2.81,181,5,53,97
28177,79380,35,23,12,19,4,2.74,5.25,23,6,6,13
28178,79381,553,504,49,398,106,2.90,2.55,504,3,214,184
28179,79382,3261,3115,146,2385,730,3.02,2.91,3115,86,1571,814
28180,79383,23,22,1,12,10,2.50,1.90,22,0,5,7
28181,79401,4788,3782,1006,377,3405,2.54,1.99,3782,554,165,212
28182,79402,0,0,0,0,0,-,-,0,0,0,0
28183,79403,6441,5783,658,3348,2435,2.78,2.63,5783,393,954,2394
28184,79404,4206,3375,831,2192,1183,2.51,2.47,3375,410,858,1334
28185,79406,0,0,0,0,0,-,-,0,0,0,0
28186,79407,10563,9340,1223,4202,5138,2.57,1.91,9340,521,2251,1951
28187,79410,4580,4345,235,1512,2833,2.32,2.38,4345,224,888,624
28188,79411,3592,3076,516,1130,1946,2.57,1.91,3076,361,503,627
28189,79412,6389,5732,657,2870,2862,2.64,2.79,5732,577,1097,1773
28190,79413,9485,8756,729,5026,3730,2.70,2.58,8756,476,3182,1844
28191,79414,9106,8436,670,3065,5371,2.28,2.05,8436,897,1359,1706
28192,79415,7081,6285,796,2439,3846,2.81,2.52,6285,573,913,1526
28193,79416,15302,13587,1715,6729,6858,2.65,2.45,13587,392,3736,2993
28194,79423,16933,15931,1002,11397,4534,2.64,2.60,15931,377,7232,4165
28195,79424,21669,20086,1583,13881,6205,2.72,1.92,20086,604,9153,4728
28196,79501,1592,1193,399,939,254,2.10,2.14,1193,50,383,556
28197,79502,600,414,186,333,81,2.85,2.75,414,22,72,261
28198,79503,102,79,23,57,22,1.67,1.50,79,0,22,35
28199,79504,1455,1103,352,875,228,2.98,2.22,1103,48,292,583
28200,79505,175,81,94,59,22,3.34,3.45,81,0,1,58
28201,79506,577,288,289,230,58,1.85,2.03,288,11,33,197
28202,79508,537,445,92,378,67,2.23,2.75,445,3,100,278
28203,79510,3605,2906,699,2420,486,2.56,2.97,2906,119,1186,1234
28204,79511,599,415,184,347,68,2.60,3.87,415,3,191,156
28205,79512,3291,1964,1327,1560,404,3.38,2.20,1964,58,402,1158
28206,79517,66,66,0,55,11,2.33,-,66,2,6,49
28207,79518,61,22,39,22,0,2.91,-,22,0,5,17
28208,79519,65,48,17,48,0,1.40,-,48,0,25,23
28209,79520,1263,986,277,706,280,2.43,2.34,986,12,340,366
28210,79521,1959,1238,721,823,415,2.67,2.20,1238,63,164,659
28211,79525,1116,1068,48,1009,59,2.37,1.59,1068,27,321,688
28212,79526,496,360,136,311,49,2.46,2.10,360,4,90,221
28213,79527,181,103,78,97,6,2.28,2.00,103,0,32,65
28214,79528,333,214,119,171,43,2.13,3.95,214,8,31,140
28215,79529,634,470,164,352,118,2.48,2.06,470,11,72,280
28216,79530,332,220,112,175,45,2.19,2.04,220,19,44,131
28217,79532,370,233,137,195,38,3.96,2.11,233,5,60,135
28218,79533,276,218,58,160,58,1.78,2.97,218,10,13,147
28219,79534,88,73,15,73,0,2.21,-,73,0,37,36
28220,79535,93,70,23,66,4,2.18,2.75,70,0,8,58
28221,79536,2393,1937,456,1631,306,2.90,3.01,1937,72,929,702
28222,79537,34,21,13,11,10,2.00,3.30,21,0,0,11
28223,79538,118,66,52,65,1,2.77,-,66,2,16,49
28224,79539,121,82,39,64,18,2.66,3.33,82,8,5,59
28225,79540,35,21,14,21,0,2.57,-,21,0,0,21
28226,79541,516,453,63,353,100,2.69,1.27,453,0,119,234
28227,79543,608,490,118,385,105,2.69,2.31,490,31,97,288
28228,79544,232,170,62,134,36,2.80,4.72,170,10,37,97
28229,79545,935,742,193,649,93,2.58,1.92,742,5,182,467
28230,79546,980,696,284,464,232,2.38,2.25,696,41,123,341
28231,79547,514,345,169,273,72,2.26,1.96,345,14,92,181
28232,79548,108,62,46,54,8,2.02,3.25,62,0,14,40
28233,79549,6326,5500,826,4331,1169,2.55,2.45,5500,172,1771,2560
28234,79553,1516,1322,194,1020,302,2.35,2.41,1322,98,301,719
28235,79556,6038,4698,1340,2894,1804,2.54,2.84,4698,425,847,2047
28236,79560,91,54,37,27,27,2.44,2.67,54,0,3,24
28237,79561,311,252,59,208,44,2.40,2.89,252,7,71,137
28238,79562,1526,1450,76,1322,128,2.81,3.37,1450,23,748,574
28239,79563,528,424,104,347,77,2.61,3.14,424,21,97,250
28240,79565,96,75,21,68,7,4.50,6.14,75,0,15,53
28241,79566,123,72,51,55,17,1.75,5.41,72,9,2,53
28242,79567,1593,1101,492,817,284,2.69,3.13,1101,51,269,548
28243,79601,9451,7748,1703,3738,4010,2.39,2.31,7748,429,1878,1860
28244,79602,10518,9454,1064,7150,2304,2.78,2.47,9454,453,4300,2850
28245,79603,10067,8755,1312,5183,3572,2.74,2.66,8755,427,2380,2803
28246,79605,12928,11493,1435,6263,5230,2.52,2.30,11493,595,3266,2997
28247,79606,12200,11330,870,6171,5159,2.69,1.93,11330,459,3863,2308
28248,79607,924,883,41,57,826,3.54,3.24,883,9,36,21
28249,79699,49,0,49,0,0,-,-,0,0,0,0
28250,79701,11922,10769,1153,6840,3929,2.83,2.61,10769,687,2437,4403
28251,79703,8480,8071,409,5238,2833,2.75,2.77,8071,217,2777,2461
28252,79705,18165,16635,1530,11599,5036,2.55,1.98,16635,470,6634,4965
28253,79706,11422,10450,972,8391,2059,2.95,3.07,10450,258,5059,3332
28254,79707,15428,14786,642,9017,5769,2.80,1.84,14786,928,5381,3636
28255,79713,314,272,42,193,79,2.50,4.68,272,2,10,183
28256,79714,6870,6263,607,4570,1693,2.74,3.29,6263,168,2205,2365
28257,79718,361,194,167,148,46,3.47,3.17,194,5,8,140
28258,79719,202,135,67,111,24,2.50,1.79,135,3,5,106
28259,79720,13267,11564,1703,7736,3828,2.64,2.22,11564,604,3418,4318
28260,79721,0,0,0,0,0,-,-,0,0,0,0
28261,79730,87,47,40,47,0,3.83,-,47,13,0,47
28262,79731,1734,1557,177,1328,229,2.82,2.79,1557,149,405,923
28263,79733,123,123,0,64,59,2.45,4.14,123,3,2,62
28264,79734,1639,946,693,853,93,1.76,3.92,946,34,139,714
28265,79735,4931,4359,572,3031,1328,2.67,2.17,4359,458,1299,1732
28266,79738,101,71,30,46,25,2.43,4.04,71,4,4,42
28267,79739,414,372,42,231,141,2.67,3.09,372,0,43,188
28268,79741,132,113,19,94,19,2.66,2.37,113,6,41,53
28269,79742,261,230,31,180,50,2.26,3.56,230,12,47,133
28270,79743,159,96,63,52,44,2.81,2.43,96,0,0,52
28271,79744,576,489,87,312,177,3.66,2.20,489,0,156,156
28272,79745,2715,2334,381,1825,509,2.68,3.08,2334,62,420,1405
28273,79748,120,72,48,45,27,2.89,6.67,72,0,6,39
28274,79749,182,168,14,129,39,3.50,2.59,168,0,28,101
28275,79752,1061,828,233,599,229,2.42,2.38,828,47,97,502
28276,79754,50,33,17,16,17,3.56,1.53,33,1,0,16
28277,79755,51,37,14,4,33,2.50,1.79,37,0,0,4
28278,79756,4177,3533,644,2695,838,2.62,2.79,3533,163,906,1789
28279,79758,911,823,88,739,84,2.81,2.45,823,0,251,488
28280,79759,0,0,0,0,0,-,-,0,0,0,0
28281,79761,13572,12448,1124,7097,5351,2.63,2.32,12448,1117,3232,3865
28282,79762,16841,15322,1519,8716,6606,2.83,2.41,15322,589,4679,4037
28283,79763,14808,12967,1841,9209,3758,2.85,2.51,12967,572,3154,6055
28284,79764,9876,9088,788,6532,2556,2.89,2.71,9088,328,2145,4387
28285,79765,8302,7788,514,5200,2588,2.92,1.88,7788,267,3918,1282
28286,79766,3215,3165,50,2551,614,3.15,3.47,3165,67,1113,1438
28287,79769,0,0,0,0,0,-,-,0,0,0,0
28288,79770,28,0,28,0,0,-,-,0,0,0,0
28289,79772,4516,3868,648,2930,938,3.24,3.47,3868,237,498,2432
28290,79776,0,0,0,0,0,-,-,0,0,0,0
28291,79777,81,55,26,44,11,2.70,2.00,55,0,18,26
28292,79778,584,537,47,411,126,2.34,1.79,537,66,166,245
28293,79780,38,11,27,0,11,-,-,11,0,0,0
28294,79781,76,57,19,57,0,1.56,-,57,0,7,50
28295,79782,1855,1608,247,1073,535,2.41,4.04,1608,0,335,738
28296,79783,104,94,10,73,21,1.86,4.38,94,0,44,29
28297,79785,46,13,33,13,0,6.69,-,13,0,0,13
28298,79788,359,330,29,309,21,2.54,1.95,330,11,132,177
28299,79789,471,389,82,314,75,2.71,2.91,389,19,97,217
28300,79821,1912,1716,196,1408,308,3.22,3.44,1716,87,662,746
28301,79830,4664,3887,777,2393,1494,2.11,1.87,3887,267,986,1407
28302,79832,0,0,0,0,0,-,-,0,0,0,0
28303,79834,182,163,19,5,158,3.80,1.24,163,0,0,5
28304,79835,4552,4001,551,2949,1052,2.97,3.22,4001,286,1030,1919
28305,79836,2596,2405,191,1848,557,3.15,3.89,2405,22,773,1075
28306,79837,188,84,104,40,44,1.70,2.43,84,2,0,40
28307,79838,2330,1992,338,1392,600,3.00,2.51,1992,252,253,1139
28308,79839,564,454,110,336,118,2.71,2.22,454,76,52,284
28309,79842,491,289,202,197,92,1.63,1.43,289,20,46,151
28310,79843,1570,1064,506,658,406,2.31,2.31,1064,174,142,516
28311,79845,1690,1104,586,696,408,4.31,2.02,1104,45,21,675
28312,79846,56,27,29,0,27,-,1.59,27,0,0,0
28313,79847,60,30,30,24,6,1.50,9.83,30,0,3,21
28314,79848,617,381,236,360,21,2.45,2.52,381,0,78,282
28315,79849,4341,3840,501,2659,1181,3.63,2.99,3840,134,937,1722
28316,79851,180,136,44,111,25,3.00,11.32,136,29,15,96
28317,79852,450,307,143,219,88,2.02,2.11,307,11,41,178
28318,79853,956,880,76,839,41,3.24,3.37,880,60,134,705
28319,79854,110,64,46,56,8,1.70,-,64,0,0,56
28320,79855,891,617,274,461,156,2.81,5.17,617,59,93,368
28321,79901,4400,3516,884,266,3250,2.65,2.05,3516,1675,6,260
28322,79902,9951,8724,1227,3455,5269,2.40,2.03,8724,1690,1642,1813
28323,79903,6873,6125,748,3705,2420,2.52,2.66,6125,857,1580,2125
28324,79904,13070,11609,1461,4712,6897,2.73,2.79,11609,1666,2020,2692
28325,79905,9114,7866,1248,3776,4090,2.60,2.93,7866,1367,1278,2498
28326,79906,1831,1569,262,0,1569,-,3.24,1569,50,0,0
28327,79907,17478,16389,1089,9704,6685,3.10,3.06,16389,1213,3354,6350
28328,79908,1152,1098,54,0,1098,-,4.33,1098,0,0,0
28329,79911,2997,2854,143,2256,598,2.88,1.96,2854,0,1909,347
28330,79912,33163,29596,3567,16463,13133,2.84,2.39,29596,1458,9982,6481
28331,79915,14303,13119,1184,7603,5516,2.84,2.68,13119,1467,2584,5019
28332,79916,0,0,0,0,0,-,-,0,0,0,0
28333,79918,0,0,0,0,0,-,-,0,0,0,0
28334,79920,0,0,0,0,0,-,-,0,0,0,0
28335,79922,3068,2686,382,2366,320,2.60,2.99,2686,47,956,1410
28336,79924,22505,20922,1583,12983,7939,2.95,2.64,20922,1241,6576,6407
28337,79925,16067,14788,1279,7898,6890,2.81,2.38,14788,993,3865,4033
28338,79927,13447,12952,495,10408,2544,3.19,3.49,12952,610,4107,6301
28339,79928,22876,21374,1502,18688,2686,3.61,3.32,21374,276,12696,5992
28340,79930,12114,10479,1635,4959,5520,2.58,2.50,10479,816,2359,2600
28341,79932,10728,9682,1046,6768,2914,3.16,2.46,9682,555,4239,2529
28342,79934,10668,9565,1103,6404,3161,2.95,2.55,9565,115,5180,1224
28343,79935,6906,6466,440,3346,3120,2.98,2.84,6466,325,1676,1670
28344,79936,37103,35736,1367,24329,11407,3.15,2.69,35736,1407,15071,9258
28345,79938,27863,26423,1440,20745,5678,3.44,3.15,26423,443,15550,5195
28346,80002,9482,9168,314,4850,4318,2.23,2.05,9168,306,3505,1345
28347,80003,14576,14298,278,9857,4441,2.63,2.42,14298,678,7636,2221
28348,80004,15328,14691,637,10488,4203,2.51,2.13,14691,844,7158,3330
28349,80005,11380,11210,170,9850,1360,2.58,2.52,11210,116,6902,2948
28350,80007,6194,6074,120,5775,299,2.86,2.08,6074,50,4706,1069
28351,80010,14880,13913,967,5629,8284,3.08,3.04,13913,1740,4296,1333
28352,80011,18358,17454,904,9331,8123,3.18,2.74,17454,1534,6230,3101
28353,80012,19793,18865,928,9223,9642,2.63,2.82,18865,1469,6648,2575
28354,80013,26595,25850,745,19829,6021,2.86,3.11,25850,600,15890,3939
28355,80014,19526,18468,1058,11018,7450,2.13,2.06,18468,1295,7617,3401
28356,80015,24706,24088,618,19823,4265,3.00,2.86,24088,462,15898,3925
28357,80016,22657,21874,783,17705,4169,2.98,2.46,21874,289,14398,3307
28358,80017,14642,14037,605,8582,5455,2.89,2.77,14037,549,6624,1958
28359,80018,4881,4701,180,4001,700,3.05,3.30,4701,20,3380,621
28360,80019,1507,1390,117,1146,244,2.88,3.52,1390,28,941,205
28361,80020,21111,20733,378,14356,6377,2.69,2.27,20733,609,10447,3909
28362,80021,16650,15839,811,8479,7360,2.52,1.86,15839,501,6439,2040
28363,80022,18186,17427,759,12640,4787,3.27,3.22,17427,425,9482,3158
28364,80023,9734,9321,413,7467,1854,2.82,2.08,9321,220,5471,1996
28365,80024,18,18,0,7,11,-,4.09,18,0,7,0
28366,80025,45,15,30,15,0,-,-,15,0,9,6
28367,80026,13831,13439,392,9517,3922,2.47,2.32,13439,463,6966,2551
28368,80027,13473,13086,387,8535,4551,2.86,2.16,13086,441,6417,2118
28369,80030,6949,6634,315,3782,2852,2.85,2.02,6634,478,2677,1105
28370,80031,14844,14219,625,10504,3715,2.65,2.43,14219,467,7804,2700
28371,80033,13168,12488,680,6229,6259,2.26,2.07,12488,846,4371,1858
28372,80045,822,698,124,0,698,-,1.71,698,71,0,0
28373,80101,237,208,29,150,58,2.27,2.03,208,0,102,48
28374,80102,2238,2169,69,1825,344,3.04,2.59,2169,129,1346,479
28375,80103,980,871,109,730,141,3.15,3.21,871,14,605,125
28376,80104,12947,12645,302,9898,2747,2.80,2.23,12645,181,8200,1698
28377,80105,650,620,30,560,60,2.48,1.72,620,15,282,278
28378,80106,1894,1857,37,1782,75,2.59,2.39,1857,7,1377,405
28379,80107,4984,4843,141,4571,272,2.88,3.01,4843,53,3520,1051
28380,80108,11423,10760,663,9191,1569,3.01,2.40,10760,208,7110,2081
28381,80109,9044,8945,99,7279,1666,3.05,2.69,8945,253,6237,1042
28382,80110,10439,9839,600,5632,4207,2.54,2.23,9839,498,3821,1811
28383,80111,13444,12677,767,7967,4710,2.76,2.13,12677,347,5455,2512
28384,80112,15730,14946,784,8352,6594,2.41,2.04,14946,426,6271,2081
28385,80113,11016,10333,683,5461,4872,2.48,1.77,10333,979,3622,1839
28386,80116,1854,1749,105,1667,82,2.71,2.82,1749,17,916,751
28387,80117,972,928,44,822,106,2.77,2.24,928,14,608,214
28388,80118,2367,2270,97,2168,102,2.73,2.14,2270,31,1529,639
28389,80120,14065,13342,723,7804,5538,2.46,1.84,13342,1115,5394,2410
28390,80121,7396,7134,262,6094,1040,2.50,2.33,7134,257,3855,2239
28391,80122,13007,12632,375,10787,1845,2.60,2.10,12632,265,7839,2948
28392,80123,19579,19186,393,14229,4957,2.51,1.95,19186,538,10616,3613
28393,80124,9831,9286,545,5132,4154,2.69,1.99,9286,337,3579,1553
28394,80125,4286,4073,213,3868,205,2.79,3.20,4073,0,3156,712
28395,80126,16221,15812,409,13457,2355,2.83,2.58,15812,305,10628,2829
28396,80127,17390,16950,440,14763,2187,2.61,2.64,16950,237,10786,3977
28397,80128,14639,14335,304,11896,2439,2.58,2.60,14335,314,8991,2905
28398,80129,12088,11882,206,8587,3295,2.74,2.07,11882,423,6646,1941
28399,80130,9555,9357,198,7153,2204,2.91,2.65,9357,118,5827,1326
28400,80131,124,119,5,114,5,2.02,7.00,119,0,72,42
28401,80132,10139,9774,365,8466,1308,2.97,2.42,9774,114,6466,2000
28402,80133,1128,1069,59,984,85,2.37,2.12,1069,10,675,309
28403,80134,26786,26038,748,21010,5028,2.91,2.39,26038,477,17579,3431
28404,80135,1803,1501,302,1379,122,2.62,3.48,1501,48,861,518
28405,80136,1903,1903,0,1711,192,3.07,3.44,1903,0,1340,371
28406,80137,619,587,32,507,80,2.99,1.89,587,4,388,119
28407,80138,12256,11737,519,9650,2087,3.01,2.48,11737,173,7925,1725
28408,80202,12798,10497,2301,2641,7856,1.54,1.59,10497,2187,1520,1121
28409,80203,15864,15040,824,3037,12003,1.59,1.33,15040,3032,2134,903
28410,80204,16625,15339,1286,6108,9231,2.30,2.03,15339,2722,4791,1317
28411,80205,17237,15924,1313,6230,9694,2.29,1.90,15924,2761,5259,971
28412,80206,15326,13925,1401,6430,7495,2.03,1.55,13925,1524,4662,1768
28413,80207,9066,8887,179,6629,2258,2.53,2.57,8887,589,5066,1563
28414,80209,14940,13534,1406,6358,7176,2.10,1.49,13534,1325,4209,2149
28415,80210,17580,16401,1179,9671,6730,2.39,1.85,16401,813,6907,2764
28416,80211,19248,18061,1187,8958,9103,2.25,1.74,18061,1529,6981,1977
28417,80212,10355,9767,588,6369,3398,2.11,1.84,9767,836,4856,1513
28418,80214,12739,11707,1032,4291,7416,2.26,2.08,11707,1570,3241,1050
28419,80215,8905,8568,337,5201,3367,2.22,2.26,8568,452,3143,2058
28420,80216,6084,5524,560,1796,3728,2.73,2.45,5524,403,1449,347
28421,80218,12566,11649,917,3947,7702,1.90,1.44,11649,1858,2887,1060
28422,80219,22955,22222,733,12059,10163,2.87,3.21,22222,2020,8922,3137
28423,80220,17454,16401,1053,9317,7084,2.25,2.20,16401,1148,6956,2361
28424,80221,14531,13892,639,9162,4730,2.77,3.06,13892,812,6701,2461
28425,80222,11411,11011,400,4843,6168,2.27,2.03,11011,1194,3414,1429
28426,80223,9167,8688,479,4095,4593,2.52,2.13,8688,926,3249,846
28427,80224,8651,8013,638,4665,3348,2.28,2.39,8013,513,3214,1451
28428,80226,14316,13469,847,7252,6217,2.44,2.23,13469,898,4767,2485
28429,80227,16182,15312,870,10039,5273,2.28,2.34,15312,728,6519,3520
28430,80228,15456,14797,659,10081,4716,2.52,2.04,14797,448,7408,2673
28431,80229,19967,19251,716,12486,6765,2.99,2.81,19251,805,8858,3628
28432,80230,5127,4840,287,2611,2229,2.09,1.93,4840,503,2040,571
28433,80231,17746,15965,1781,6426,9539,2.23,2.18,15965,1003,4410,2016
28434,80232,9559,9314,245,6509,2805,2.48,2.20,9314,310,4705,1804
28435,80233,17721,17154,567,10534,6620,2.84,2.67,17154,683,7835,2699
28436,80234,12374,11714,660,6985,4729,2.64,2.19,11714,526,4701,2284
28437,80235,4129,3887,242,1974,1913,2.23,2.09,3887,138,1253,721
28438,80236,6293,6055,238,3713,2342,2.48,2.67,6055,458,2325,1388
28439,80237,12034,11300,734,4879,6421,2.14,1.82,11300,355,3073,1806
28440,80238,10502,10124,378,7153,2971,3.07,2.01,10124,373,6359,794
28441,80239,13815,13385,430,7893,5492,3.57,2.99,13385,728,6366,1527
28442,80241,12228,11834,394,9508,2326,2.89,2.84,11834,342,7638,1870
28443,80246,8120,7369,751,1606,5763,2.11,1.64,7369,560,1196,410
28444,80247,15933,14878,1055,5709,9169,1.70,2.11,14878,1782,3827,1882
28445,80249,11849,11655,194,9252,2403,3.13,3.21,11655,435,8133,1119
28446,80260,12735,12251,484,7273,4978,3.05,2.62,12251,644,3722,3551
28447,80264,0,0,0,0,0,-,-,0,0,0,0
28448,80266,0,0,0,0,0,-,-,0,0,0,0
28449,80290,192,192,0,0,192,-,1.46,192,72,0,0
28450,80293,0,0,0,0,0,-,-,0,0,0,0
28451,80294,0,0,0,0,0,-,-,0,0,0,0
28452,80301,12131,11750,381,6511,5239,2.14,1.99,11750,656,4112,2399
28453,80302,13252,12294,958,4786,7508,2.22,2.32,12294,1245,2782,2004
28454,80303,12179,11128,1051,5153,5975,2.33,2.03,11128,1151,3298,1855
28455,80304,11556,11072,484,7520,3552,2.33,2.09,11072,533,4469,3051
28456,80305,7050,6744,306,4247,2497,2.32,2.50,6744,306,2700,1547
28457,80310,0,0,0,0,0,-,-,0,0,0,0
28458,80401,17319,16535,784,10964,5571,2.45,2.22,16535,645,7151,3813
28459,80403,8773,8435,338,7396,1039,2.48,2.37,8435,257,5310,2086
28460,80419,0,0,0,0,0,-,-,0,0,0,0
28461,80420,908,328,580,272,56,2.30,3.16,328,0,150,122
28462,80421,4351,3373,978,3127,246,2.57,3.01,3373,56,2395,732
28463,80422,2607,1992,615,1777,215,2.12,1.30,1992,102,1470,307
28464,80423,188,44,144,44,0,3.14,-,44,0,37,7
28465,80424,11537,3727,7810,2569,1158,2.40,3.93,3727,128,1945,624
28466,80425,228,73,155,47,26,1.62,2.04,73,0,29,18
28467,80426,59,46,13,46,0,1.59,-,46,0,15,31
28468,80427,479,375,104,167,208,1.88,1.76,375,11,110,57
28469,80428,489,194,295,164,30,2.68,1.67,194,0,125,39
28470,80430,64,55,9,55,0,2.69,-,55,6,28,27
28471,80432,1002,159,843,159,0,1.79,-,159,0,81,78
28472,80433,3767,3557,210,3209,348,2.39,2.45,3557,27,2273,936
28473,80434,72,14,58,14,0,1.64,-,14,0,4,10
28474,80435,7688,2584,5104,1601,983,2.65,3.66,2584,71,984,617
28475,80436,231,179,52,179,0,2.25,-,179,0,52,127
28476,80438,534,372,162,232,140,1.95,1.30,372,9,97,135
28477,80439,11003,10271,732,9085,1186,2.47,2.30,10271,146,6309,2776
28478,80440,2359,1178,1181,895,283,2.28,1.82,1178,0,620,275
28479,80442,2787,772,2015,423,349,1.96,4.06,772,52,237,186
28480,80443,5695,1849,3846,1264,585,2.28,2.47,1849,50,991,273
28481,80444,731,548,183,340,208,2.03,1.47,548,42,231,109
28482,80446,3216,1468,1748,989,479,2.45,2.48,1468,35,695,294
28483,80447,3711,975,2736,711,264,1.71,3.96,975,43,369,342
28484,80448,196,0,196,0,0,-,-,0,0,0,0
28485,80449,1135,489,646,489,0,2.23,-,489,12,118,371
28486,80451,365,305,60,251,54,3.26,2.20,305,11,194,57
28487,80452,2238,1561,677,1182,379,2.14,2.00,1561,89,862,320
28488,80453,108,108,0,81,27,2.57,2.56,108,0,81,0
28489,80454,654,640,14,615,25,2.45,-,640,0,391,224
28490,80455,301,213,88,174,39,1.93,2.46,213,0,87,87
28491,80456,1227,179,1048,172,7,1.74,-,179,0,95,77
28492,80457,238,206,32,169,37,1.67,3.57,206,0,105,64
28493,80459,1247,836,411,610,226,3.21,2.66,836,43,360,250
28494,80461,3786,2651,1135,2068,583,2.72,2.48,2651,64,1265,803
28495,80463,86,68,18,63,5,1.94,3.00,68,0,44,19
28496,80465,6213,5927,286,5273,654,2.63,2.56,5927,125,3831,1442
28497,80466,1964,1650,314,1104,546,2.20,1.95,1650,38,807,297
28498,80467,1322,1004,318,757,247,2.32,1.72,1004,32,517,240
28499,80468,191,152,39,38,114,6.00,1.54,152,0,17,21
28500,80469,136,136,0,107,29,2.36,3.48,136,0,79,28
28501,80470,1785,1560,225,1465,95,2.54,2.95,1560,9,991,474
28502,80471,0,0,0,0,0,-,-,0,0,0,0
28503,80473,73,40,33,7,33,2.57,-,40,0,4,3
28504,80474,114,114,0,114,0,1.73,-,114,0,114,0
28505,80475,121,9,112,9,0,-,-,9,0,9,0
28506,80476,191,87,104,62,25,2.76,1.12,87,3,39,23
28507,80478,1308,520,788,478,42,2.47,3.81,520,0,283,195
28508,80479,54,0,54,0,0,-,-,0,0,0,0
28509,80480,1012,523,489,396,127,2.15,2.27,523,24,165,231
28510,80481,467,236,231,217,19,2.64,2.11,236,2,137,80
28511,80482,3499,620,2879,516,104,2.04,1.97,620,9,209,307
28512,80483,336,237,99,209,28,2.48,2.32,237,0,103,106
28513,80487,12745,7431,5314,5599,1832,2.41,2.54,7431,186,3644,1955
28514,80498,6494,3347,3147,2490,857,2.40,2.88,3347,42,1974,516
28515,80501,18530,17570,960,10009,7561,2.46,2.45,17570,928,7187,2822
28516,80503,15279,14591,688,10159,4432,2.64,2.24,14591,698,6766,3393
28517,80504,21699,21219,480,17420,3799,2.75,2.81,21219,426,12680,4740
28518,80510,671,176,495,136,40,2.42,3.13,176,0,112,24
28519,80512,1474,853,621,801,52,2.00,2.10,853,13,587,214
28520,80513,6039,5929,110,5232,697,2.62,2.36,5929,160,3717,1515
28521,80514,2076,2056,20,1589,467,3.01,2.83,2056,32,1363,226
28522,80515,676,349,327,349,0,1.85,-,349,0,248,101
28523,80516,11496,11227,269,9726,1501,2.98,2.84,11227,199,7938,1788
28524,80517,7485,5071,2414,3720,1351,2.10,1.78,5071,119,2448,1272
28525,80520,697,670,27,560,110,2.86,2.46,670,0,475,85
28526,80521,15122,14179,943,5303,8876,2.21,2.24,14179,1097,3240,2063
28527,80524,16402,15527,875,10414,5113,2.47,2.18,15527,587,6586,3828
28528,80525,23765,23060,705,14158,8902,2.52,2.02,23060,848,9522,4636
28529,80526,19322,18546,776,10372,8174,2.59,2.15,18546,752,6911,3461
28530,80528,8257,8083,174,5844,2239,3.04,2.50,8083,187,4363,1481
28531,80530,1885,1820,65,1572,248,2.78,3.33,1820,58,1354,218
28532,80532,282,107,175,107,0,2.22,-,107,0,20,87
28533,80534,6726,6699,27,5413,1286,2.99,1.76,6699,345,4409,1004
28534,80535,1144,1092,52,824,268,1.99,2.34,1092,38,493,331
28535,80536,1169,892,277,872,20,2.34,3.00,892,0,597,275
28536,80537,19882,19064,818,12461,6603,2.34,2.09,19064,719,9035,3426
28537,80538,20962,20358,604,14292,6066,2.47,2.36,20358,1003,9445,4847
28538,80540,2620,2103,517,1816,287,2.44,2.43,2103,6,1258,558
28539,80542,1544,1475,69,1438,37,3.22,4.14,1475,9,1127,311
28540,80543,3139,3065,74,2690,375,2.76,1.97,3065,140,2218,472
28541,80544,16,16,0,16,0,2.06,-,16,0,16,0
28542,80545,1991,603,1388,597,6,1.73,2.17,603,0,320,277
28543,80546,87,70,17,70,0,2.70,-,70,0,70,0
28544,80547,2121,1991,130,1898,93,3.15,3.43,1991,14,1610,288
28545,80549,5095,4994,101,4253,741,2.73,2.54,4994,131,3431,822
28546,80550,14763,14320,443,11713,2607,2.77,2.27,14320,464,9380,2333
28547,80601,13479,13120,359,9053,4067,3.12,2.60,13120,381,7135,1918
28548,80602,12761,12446,315,11490,956,3.12,3.48,12446,261,9665,1825
28549,80603,5363,5279,84,4790,489,2.80,3.52,5279,50,3746,1044
28550,80610,1370,1311,59,975,336,2.76,2.59,1311,10,543,432
28551,80611,318,274,44,226,48,3.11,2.96,274,4,144,82
28552,80612,142,115,27,105,10,2.46,-,115,0,77,28
28553,80615,3598,3376,222,3005,371,2.57,3.26,3376,108,2107,898
28554,80620,6559,6318,241,4292,2026,3.43,3.00,6318,143,3552,740
28555,80621,4817,4611,206,3321,1290,3.03,2.69,4611,169,2261,1060
28556,80622,67,67,0,67,0,3.09,-,67,0,67,0
28557,80623,372,339,33,293,46,3.23,4.87,339,0,201,92
28558,80624,390,334,56,232,102,3.14,1.96,334,0,164,68
28559,80631,18319,17183,1136,8084,9099,2.85,2.90,17183,979,5053,3031
28560,80634,24045,22988,1057,16705,6283,2.64,2.53,22988,723,11668,5037
28561,80640,4512,4471,41,3536,935,3.11,2.29,4471,86,2938,598
28562,80642,1722,1688,34,1303,385,3.11,2.82,1688,66,784,519
28563,80643,1285,1256,29,1001,255,2.87,3.30,1256,39,651,350
28564,80644,1008,973,35,733,240,2.60,3.26,973,25,481,252
28565,80645,1675,1636,39,1346,290,3.16,2.88,1636,28,834,512
28566,80646,0,0,0,0,0,-,-,0,0,0,0
28567,80648,439,415,24,392,23,3.10,3.87,415,6,307,85
28568,80649,202,197,5,137,60,2.29,1.92,197,3,60,77
28569,80650,682,633,49,581,52,2.91,2.90,633,6,382,199
28570,80651,1539,1437,102,1195,242,2.95,2.55,1437,20,769,426
28571,80652,119,101,18,101,0,2.05,-,101,0,47,54
28572,80653,484,307,177,216,91,2.55,2.77,307,1,89,127
28573,80654,1036,956,80,644,312,3.23,2.82,956,8,465,179
28574,80701,6425,6104,321,3672,2432,2.72,2.60,6104,387,2125,1547
28575,80705,374,356,18,212,144,2.94,2.74,356,11,105,107
28576,80720,1194,1028,166,724,304,2.13,2.20,1028,57,382,342
28577,80721,120,120,0,88,32,4.55,2.41,120,25,28,60
28578,80722,154,149,5,122,27,3.19,3.56,149,0,105,17
28579,80723,2821,2581,240,1810,771,2.66,2.40,2581,105,975,835
28580,80726,220,179,41,95,84,2.36,1.96,179,5,26,69
28581,80727,280,264,16,169,95,2.20,1.69,264,8,54,115
28582,80728,418,384,34,318,66,3.07,2.30,384,20,183,135
28583,80729,234,197,37,136,61,2.13,2.28,197,2,42,94
28584,80731,674,582,92,445,137,2.42,1.63,582,12,217,228
28585,80732,4,4,0,4,0,4.00,-,4,0,0,4
28586,80733,242,226,16,150,76,2.69,2.33,226,11,94,56
28587,80734,1349,1119,230,744,375,2.81,2.19,1119,57,412,332
28588,80735,188,145,43,76,69,2.26,2.09,145,3,29,47
28589,80736,233,218,15,178,40,2.34,2.83,218,5,112,66
28590,80737,818,702,116,430,272,2.58,2.04,702,40,187,243
28591,80740,37,35,2,21,14,1.90,2.21,35,1,4,17
28592,80741,426,388,38,307,81,2.53,3.00,388,16,144,163
28593,80742,161,129,32,85,44,1.98,1.89,129,2,38,47
28594,80743,557,477,80,315,162,2.49,2.52,477,13,129,186
28595,80744,197,182,15,160,22,2.61,1.95,182,1,85,75
28596,80745,48,32,16,23,9,2.13,2.11,32,0,0,23
28597,80746,24,20,4,8,12,1.75,2.58,20,0,4,4
28598,80747,194,180,14,138,42,2.53,2.50,180,1,93,45
28599,80749,187,133,54,105,28,2.35,1.68,133,8,58,47
28600,80750,106,77,29,58,19,2.62,4.11,77,0,41,17
28601,80751,7034,6421,613,4297,2124,2.70,2.40,6421,312,2454,1843
28602,80754,76,58,18,40,18,2.43,3.00,58,2,12,28
28603,80755,38,38,0,24,14,2.83,2.50,38,0,3,21
28604,80757,126,102,24,53,49,1.96,1.69,102,7,7,46
28605,80758,1572,1375,197,976,399,2.49,2.29,1375,68,553,423
28606,80759,1866,1736,130,1318,418,2.77,2.74,1736,42,703,615
28607,80801,54,54,0,50,4,1.72,-,54,0,18,32
28608,80802,72,48,24,27,21,1.67,5.57,48,0,8,19
28609,80804,194,154,40,90,64,1.73,2.25,154,3,29,61
28610,80805,156,149,7,123,26,2.39,3.85,149,2,35,88
28611,80807,2137,1890,247,1176,714,2.30,2.24,1890,193,589,587
28612,80808,2665,2441,224,1847,594,2.60,2.95,2441,57,1138,709
28613,80809,588,436,152,389,47,2.24,1.40,436,0,303,86
28614,80810,604,462,142,346,116,2.45,2.12,462,10,133,213
28615,80812,120,114,6,84,30,1.93,4.20,114,0,23,61
28616,80813,1325,742,583,388,354,1.81,2.20,742,52,257,131
28617,80814,2265,1801,464,1433,368,2.03,1.68,1801,0,1089,344
28618,80815,424,360,64,241,119,2.05,2.33,360,17,116,125
28619,80816,4341,2998,1343,2785,213,2.18,2.43,2998,0,2065,720
28620,80817,11227,10827,400,7619,3208,2.93,2.84,10827,202,6308,1311
28621,80818,225,150,75,133,17,3.33,1.65,150,2,40,93
28622,80819,662,393,269,257,136,1.92,2.13,393,0,192,65
28623,80820,702,304,398,283,21,2.43,-,304,0,194,89
28624,80821,607,539,68,380,159,2.08,2.40,539,19,146,234
28625,80822,129,114,15,83,31,2.17,1.39,114,2,24,59
28626,80823,117,86,31,61,25,2.59,2.28,86,1,7,54
28627,80824,169,152,17,117,35,1.79,4.86,152,0,28,89
28628,80825,239,162,77,124,38,2.39,1.71,162,6,52,72
28629,80826,0,0,0,0,0,-,-,0,0,0,0
28630,80827,809,322,487,322,0,1.90,-,322,0,83,239
28631,80828,1015,846,169,538,308,2.39,1.86,846,88,251,287
28632,80829,2859,2573,286,1444,1129,2.64,1.57,2573,91,909,535
28633,80830,58,46,12,41,5,2.27,1.60,46,0,23,18
28634,80831,10117,9679,438,9001,678,3.18,3.28,9679,169,7435,1566
28635,80832,390,353,37,315,38,2.39,2.61,353,1,185,130
28636,80833,505,457,48,416,41,2.03,1.83,457,0,124,292
28637,80834,175,130,45,93,37,1.99,2.97,130,0,43,50
28638,80835,347,304,43,179,125,2.36,2.47,304,26,102,77
28639,80836,457,387,70,258,129,2.67,3.12,387,4,120,138
28640,80840,643,643,0,0,643,-,3.36,643,0,0,0
28641,80860,425,232,193,170,62,1.99,1.63,232,2,84,86
28642,80861,122,83,39,68,15,2.68,2.27,83,2,36,32
28643,80862,28,21,7,21,0,1.62,-,21,0,0,21
28644,80863,5547,5023,524,3862,1161,2.59,2.71,5023,0,2515,1347
28645,80864,633,565,68,487,78,2.39,1.81,565,7,343,144
28646,80902,3661,3300,361,7,3293,2.86,3.46,3300,41,7,0
28647,80903,7963,7427,536,3207,4220,2.20,1.75,7427,970,2481,726
28648,80904,11314,10552,762,6371,4181,2.11,1.79,10552,769,4158,2213
28649,80905,8667,8039,628,3997,4042,2.11,2.00,8039,541,2955,1042
28650,80906,16314,15068,1246,9395,5673,2.55,2.27,15068,505,5657,3738
28651,80907,13171,12512,659,6884,5628,2.22,2.22,12512,698,4094,2790
28652,80908,7501,7111,390,6579,532,2.95,2.22,7111,81,4725,1854
28653,80909,16853,16460,393,8340,8120,2.40,2.15,16460,1615,5460,2880
28654,80910,13618,12705,913,5792,6913,2.59,2.36,12705,910,4255,1537
28655,80911,12708,12224,484,9672,2552,2.90,3.25,12224,272,7230,2442
28656,80913,0,0,0,0,0,-,-,0,0,0,0
28657,80914,0,0,0,0,0,-,-,0,0,0,0
28658,80915,8798,8438,360,6097,2341,2.69,2.54,8438,165,4345,1752
28659,80916,15155,14249,906,7704,6545,2.76,3.03,14249,511,5753,1951
28660,80917,13341,13096,245,8072,5024,2.47,2.28,13096,692,5850,2222
28661,80918,19974,19196,778,12188,7008,2.57,2.25,19196,984,8640,3548
28662,80919,11849,11375,474,8314,3061,2.47,2.33,11375,172,5720,2594
28663,80920,14220,13880,340,9765,4115,2.84,2.73,13880,182,7023,2742
28664,80921,9250,8755,495,6916,1839,2.81,1.76,8755,330,5401,1515
28665,80922,10732,10496,236,7761,2735,2.81,2.86,10496,55,6566,1195
28666,80923,12022,11670,352,8306,3364,2.81,2.59,11670,164,7158,1148
28667,80924,4551,4339,212,2988,1351,3.34,2.69,4339,7,2521,467
28668,80925,4515,4261,254,3639,622,3.54,1.96,4261,22,3340,299
28669,80926,708,708,0,650,58,3.00,1.40,708,0,390,260
28670,80927,1781,1638,143,1471,167,3.14,3.69,1638,0,1260,211
28671,80928,336,277,59,227,50,2.71,4.30,277,1,182,45
28672,80929,34,29,5,29,0,1.34,-,29,0,9,20
28673,80930,599,557,42,222,335,2.45,3.42,557,0,93,129
28674,80938,188,188,0,188,0,3.01,-,188,0,177,11
28675,80939,0,0,0,0,0,-,-,0,0,0,0
28676,80951,1662,1649,13,1299,350,3.14,3.64,1649,86,1212,87
28677,81001,13773,12628,1145,6478,6150,2.41,2.32,12628,1437,3887,2591
28678,81003,6222,5774,448,2865,2909,2.13,2.20,5774,890,1743,1122
28679,81004,12430,11169,1261,5919,5250,2.35,2.33,11169,1370,3700,2219
28680,81005,13636,12975,661,9696,3279,2.47,2.41,12975,664,6074,3622
28681,81006,4769,4406,363,3569,837,2.55,2.64,4406,161,1946,1623
28682,81007,11852,11507,345,9698,1809,2.93,2.47,11507,216,7289,2409
28683,81008,5040,4844,196,2809,2035,2.64,1.87,4844,332,1797,1012
28684,81019,841,721,120,470,251,2.55,2.96,721,11,363,107
28685,81020,742,489,253,400,89,1.99,2.10,489,3,249,151
28686,81021,4,3,1,3,0,2.67,-,3,0,0,3
28687,81022,551,518,33,431,87,2.83,2.68,518,0,202,229
28688,81023,865,642,223,538,104,2.02,2.60,642,5,218,320
28689,81024,188,145,43,128,17,1.77,-,145,0,76,52
28690,81025,574,378,196,322,56,1.85,3.14,378,31,144,178
28691,81027,116,63,53,32,31,1.28,3.06,63,0,5,27
28692,81029,199,133,66,96,37,2.57,3.14,133,8,33,63
28693,81030,78,67,11,55,12,1.89,2.25,67,0,28,27
28694,81033,60,56,4,45,11,6.40,1.64,56,0,35,10
28695,81036,561,463,98,371,92,2.29,2.13,463,14,167,204
28696,81039,880,748,132,516,232,2.00,2.30,748,55,202,314
28697,81040,419,125,294,125,0,1.52,-,125,0,9,116
28698,81041,327,242,85,178,64,2.51,2.69,242,0,74,104
28699,81043,28,24,4,23,1,2.30,3.00,24,0,9,14
28700,81044,97,67,30,59,8,2.29,1.63,67,5,27,32
28701,81045,51,37,14,26,11,2.73,2.09,37,0,6,20
28702,81046,0,0,0,0,0,-,-,0,0,0,0
28703,81047,728,617,111,440,177,2.87,1.81,617,105,164,276
28704,81049,135,96,39,62,34,1.77,1.62,96,0,15,47
28705,81050,4579,4281,298,2834,1447,2.15,2.43,4281,412,1515,1319
28706,81052,4182,3340,842,2312,1028,2.65,2.57,3340,223,1236,1076
28707,81054,1735,1482,253,825,657,2.32,2.36,1482,192,375,450
28708,81055,1688,703,985,598,105,2.34,2.50,703,19,166,432
28709,81057,176,131,45,100,31,2.13,3.52,131,0,45,55
28710,81058,520,428,92,329,99,2.54,4.09,428,22,174,155
28711,81059,59,19,40,19,0,1.79,-,19,0,7,12
28712,81062,372,337,35,238,99,3.68,1.80,337,10,108,130
28713,81063,866,760,106,484,276,3.84,3.19,760,51,219,265
28714,81064,137,112,25,86,26,2.08,2.73,112,3,16,70
28715,81067,2449,1878,571,1249,629,2.72,3.14,1878,141,554,695
28716,81069,1341,885,456,793,92,2.58,1.85,885,0,388,405
28717,81071,111,84,27,42,42,2.86,2.95,84,0,13,29
28718,81073,927,774,153,544,230,2.42,1.52,774,34,238,306
28719,81076,224,187,37,121,66,3.44,4.98,187,12,56,65
28720,81077,364,309,55,263,46,2.13,1.26,309,0,119,144
28721,81081,94,89,5,48,41,2.13,1.34,89,0,13,35
28722,81082,6104,5121,983,3522,1599,2.21,2.12,5121,579,1976,1546
28723,81084,53,40,13,20,20,1.90,1.45,40,0,1,19
28724,81087,88,69,19,37,32,2.54,2.34,69,11,9,28
28725,81089,2547,1862,685,1275,587,2.55,2.32,1862,173,448,827
28726,81090,602,468,134,372,96,2.05,1.76,468,40,98,274
28727,81091,668,378,290,264,114,2.21,3.38,378,12,120,144
28728,81092,364,301,63,238,63,2.72,2.48,301,10,85,153
28729,81101,6539,5902,637,3243,2659,2.55,2.18,5902,503,1923,1320
28730,81120,1688,1061,627,792,269,1.99,2.20,1061,103,307,485
28731,81121,235,160,75,144,16,2.23,2.56,160,4,80,64
28732,81122,4390,3432,958,2819,613,2.63,2.39,3432,11,1991,828
28733,81123,451,346,105,266,80,2.20,2.94,346,0,72,194
28734,81124,59,59,0,59,0,2.73,-,59,0,0,59
28735,81125,1552,1459,93,856,603,2.32,2.64,1459,62,478,378
28736,81126,209,74,135,74,0,5.23,-,74,6,18,56
28737,81128,110,30,80,17,13,1.71,1.23,30,0,5,12
28738,81129,31,7,24,7,0,-,-,7,0,0,7
28739,81130,1323,369,954,270,99,2.08,1.78,369,11,140,130
28740,81131,788,604,184,442,162,1.70,1.79,604,25,260,182
28741,81132,1912,1513,399,1232,281,2.28,1.63,1513,97,679,553
28742,81133,703,422,281,327,95,2.38,3.08,422,12,132,195
28743,81136,125,112,13,49,63,2.63,3.16,112,0,24,25
28744,81137,2593,2250,343,1624,626,2.58,2.30,2250,62,762,862
28745,81138,41,24,17,12,12,2.08,-,24,0,0,12
28746,81140,893,797,96,627,170,2.57,1.97,797,29,241,386
28747,81141,483,409,74,322,87,2.70,2.07,409,24,125,197
28748,81143,489,340,149,270,70,2.33,2.00,340,15,86,184
28749,81144,2828,2551,277,1744,807,2.89,2.15,2551,188,1008,736
28750,81146,379,336,43,233,103,2.69,4.00,336,29,91,142
28751,81147,8991,5437,3554,3864,1573,2.25,2.40,5437,108,2054,1810
28752,81148,163,137,26,111,26,2.25,2.42,137,6,36,75
28753,81149,563,418,145,324,94,2.31,1.80,418,9,158,166
28754,81151,785,662,123,547,115,2.76,2.33,662,8,265,282
28755,81152,857,492,365,324,168,2.31,2.04,492,35,69,255
28756,81154,1954,474,1480,393,81,2.18,3.05,474,2,231,162
28757,81155,233,140,93,112,28,1.63,2.00,140,5,11,101
28758,81201,4843,4119,724,2969,1150,2.26,1.88,4119,142,1764,1205
28759,81210,659,184,475,155,29,1.64,-,184,0,12,143
28760,81211,4202,3280,922,2234,1046,2.02,2.35,3280,291,1236,998
28761,81212,12801,11622,1179,8297,3325,2.25,1.90,11622,661,4683,3614
28762,81220,561,64,497,56,8,2.00,-,64,5,34,22
28763,81221,156,140,16,122,18,3.08,2.11,140,4,54,68
28764,81222,238,210,28,210,0,2.02,-,210,21,127,83
28765,81223,1627,951,676,874,77,1.86,2.58,951,13,369,505
28766,81224,2443,1564,879,1060,504,2.35,1.93,1564,29,688,372
28767,81225,1816,488,1328,342,146,2.19,2.08,488,14,226,116
28768,81226,2757,2510,247,1848,662,2.24,2.20,2510,112,983,865
28769,81227,35,0,35,0,0,-,-,0,0,0,0
28770,81228,0,0,0,0,0,-,-,0,0,0,0
28771,81230,5136,4189,947,2349,1840,2.48,2.20,4189,263,1377,972
28772,81232,23,23,0,23,0,1.96,-,23,0,0,23
28773,81233,582,434,148,352,82,2.45,1.73,434,8,244,108
28774,81235,1096,414,682,331,83,1.96,1.83,414,5,172,159
28775,81236,1198,626,572,549,77,1.81,1.34,626,54,187,362
28776,81237,221,48,173,48,0,2.40,-,48,0,31,17
28777,81239,158,116,42,116,0,1.39,-,116,0,55,61
28778,81240,1731,1434,297,1221,213,2.68,2.19,1434,34,794,427
28779,81241,436,101,335,97,4,1.90,3.00,101,0,14,83
28780,81242,559,522,37,411,111,1.89,3.32,522,25,361,50
28781,81243,219,38,181,29,9,1.66,1.89,38,0,10,19
28782,81244,269,219,50,201,18,2.41,1.56,219,0,119,82
28783,81248,132,74,58,74,0,2.49,-,74,0,0,74
28784,81251,336,144,192,128,16,1.45,2.50,144,5,37,91
28785,81252,3676,1831,1845,1562,269,2.05,2.69,1831,30,688,874
28786,81253,269,198,71,198,0,2.05,-,198,12,23,175
28787,81301,16031,12202,3829,8173,4029,2.33,2.17,12202,296,4977,3196
28788,81303,4002,3595,407,2748,847,2.59,2.65,3595,65,1738,1010
28789,81320,237,207,30,207,0,2.43,-,207,0,76,131
28790,81321,6562,5775,787,3994,1781,2.74,2.24,5775,208,2100,1894
28791,81323,2742,2182,560,1610,572,2.30,2.01,2182,169,960,650
28792,81324,980,767,213,686,81,1.99,1.68,767,26,162,524
28793,81325,109,71,38,58,13,1.66,-,71,0,0,58
28794,81326,1342,1045,297,907,138,2.61,2.95,1045,30,458,449
28795,81327,279,200,79,164,36,1.96,-,200,0,92,72
28796,81328,2153,1710,443,1487,223,2.18,2.09,1710,22,816,671
28797,81330,110,75,35,0,75,-,-,75,0,0,0
28798,81331,83,66,17,66,0,1.77,-,66,0,46,20
28799,81332,319,217,102,186,31,1.42,3.61,217,2,120,66
28800,81334,464,428,36,231,197,3.39,4.14,428,34,34,197
28801,81335,33,33,0,33,0,1.67,-,33,0,33,0
28802,81401,10505,9486,1019,6799,2687,2.49,2.31,9486,443,3458,3341
28803,81403,5008,4557,451,3739,818,2.52,2.23,4557,29,1881,1858
28804,81410,802,783,19,657,126,2.19,2.64,783,16,320,337
28805,81411,20,20,0,18,2,1.83,-,20,0,0,18
28806,81413,3086,2265,821,1701,564,2.36,3.14,2265,65,913,788
28807,81415,991,783,208,673,110,2.13,2.30,783,0,406,267
28808,81416,5697,5041,656,3411,1630,2.57,2.63,5041,354,1842,1569
28809,81418,643,526,117,420,106,2.65,3.18,526,33,276,144
28810,81419,1739,1324,415,959,365,2.23,2.51,1324,9,413,546
28811,81422,288,217,71,153,64,2.36,1.91,217,14,74,79
28812,81423,822,699,123,509,190,2.23,2.84,699,11,236,273
28813,81424,710,509,201,397,112,2.02,2.07,509,44,103,294
28814,81425,2108,1880,228,1427,453,2.82,3.04,1880,37,890,537
28815,81426,92,71,21,57,14,3.04,1.79,71,0,48,9
28816,81427,945,526,419,387,139,2.22,2.79,526,6,154,233
28817,81428,2033,1623,410,1272,351,2.28,1.68,1623,74,650,622
28818,81429,55,36,19,36,0,3.19,-,36,0,9,27
28819,81430,632,326,306,273,53,2.08,2.77,326,0,103,170
28820,81431,201,156,45,140,16,2.55,4.25,156,0,46,94
28821,81432,1806,1403,403,1044,359,2.15,2.13,1403,10,475,569
28822,81433,545,307,238,169,138,2.18,2.04,307,11,60,109
28823,81434,141,86,55,74,12,1.51,1.58,86,0,24,50
28824,81435,4984,2492,2492,1333,1159,2.17,2.25,2492,135,777,556
28825,81501,11174,10534,640,4648,5886,2.13,1.93,10534,1304,2991,1657
28826,81503,6499,6066,433,4550,1516,2.61,2.67,6066,199,3472,1078
28827,81504,12469,11942,527,9157,2785,2.56,2.74,11942,392,6847,2310
28828,81505,5034,4962,72,3562,1400,2.38,2.53,4962,109,2232,1330
28829,81506,5559,5076,483,3279,1797,2.40,1.93,5076,625,1806,1473
28830,81507,6960,6471,489,5838,633,2.47,2.33,6471,121,3613,2225
28831,81520,5590,5258,332,3269,1989,2.80,2.45,5258,280,2357,912
28832,81521,6084,5865,219,4525,1340,2.76,2.44,5865,349,3350,1175
28833,81522,141,52,89,52,0,2.00,-,52,0,0,52
28834,81523,561,442,119,368,74,1.55,1.32,442,0,271,97
28835,81524,914,784,130,739,45,2.65,13.71,784,0,530,209
28836,81525,547,498,49,349,149,3.12,2.13,498,38,177,172
28837,81526,2352,2193,159,1765,428,2.28,2.28,2193,90,991,774
28838,81527,894,688,206,561,127,2.53,1.90,688,0,367,194
28839,81601,6632,5945,687,3844,2101,2.81,2.55,5945,282,2494,1350
28840,81610,221,100,121,60,40,3.35,2.23,100,0,29,31
28841,81611,7464,4218,3246,2682,1536,2.79,1.90,4218,183,1640,1042
28842,81612,49,31,18,0,31,-,2.94,31,0,0,0
28843,81615,3509,1503,2006,1090,413,1.91,2.40,1503,95,601,489
28844,81620,8738,4037,4701,2393,1644,2.43,3.23,4037,291,1602,791
28845,81621,3189,2357,832,1722,635,2.58,2.63,2357,9,1128,594
28846,81623,6909,6024,885,4001,2023,2.72,2.69,6024,218,2572,1429
28847,81624,822,493,329,442,51,2.43,2.16,493,2,253,189
28848,81625,5679,4935,744,3275,1660,2.81,2.05,4935,303,1993,1282
28849,81630,471,415,56,332,83,2.76,2.89,415,11,188,144
28850,81631,2858,2616,242,1998,618,3.09,3.21,2616,106,1577,421
28851,81632,5493,3641,1852,2626,1015,2.82,3.02,3641,31,1703,923
28852,81633,18,0,18,0,0,-,-,0,0,0,0
28853,81635,3148,2698,450,1827,871,2.66,2.51,2698,192,1200,627
28854,81637,3169,2875,294,2124,751,3.11,3.59,2875,0,1631,493
28855,81638,78,34,44,28,6,2.18,-,34,0,0,28
28856,81639,1283,1041,242,818,223,2.65,2.35,1041,36,530,288
28857,81640,76,27,49,19,8,3.74,5.88,27,0,14,5
28858,81641,2040,1578,462,1149,429,2.49,2.28,1578,37,781,368
28859,81642,30,12,18,0,12,-,-,12,0,0,0
28860,81643,491,204,287,178,26,1.85,1.46,204,0,94,84
28861,81645,536,379,157,237,142,2.59,3.41,379,0,147,90
28862,81646,101,82,19,76,6,2.37,2.00,82,0,53,23
28863,81647,2509,2371,138,1794,577,2.77,2.82,2371,113,1354,440
28864,81648,1198,899,299,740,159,2.68,1.73,899,41,367,373
28865,81649,156,99,57,57,42,3.19,2.36,99,0,45,12
28866,81650,4973,4586,387,3350,1236,3.18,2.62,4586,171,2228,1122
28867,81652,2038,1972,66,1552,420,3.10,2.90,1972,7,1173,379
28868,81653,26,0,26,0,0,-,-,0,0,0,0
28869,81654,658,518,140,437,81,2.78,2.81,518,0,336,101
28870,81655,229,147,82,130,17,1.64,5.53,147,0,130,0
28871,81656,263,158,105,158,0,1.89,-,158,0,62,96
28872,81657,7443,2327,5116,1751,576,2.08,2.65,2327,161,976,775
28873,82001,17456,16085,1371,10094,5991,2.41,2.05,16085,874,7332,2762
28874,82005,0,0,0,0,0,-,-,0,0,0,0
28875,82007,9318,8736,582,5756,2980,2.59,2.43,8736,540,3691,2065
28876,82009,14997,14092,905,11941,2151,2.55,1.80,14092,593,8081,3860
28877,82050,131,127,4,117,10,2.36,2.20,127,0,90,27
28878,82051,19,4,15,4,0,3.00,-,4,0,0,4
28879,82052,54,38,16,38,0,2.03,-,38,0,32,6
28880,82053,510,502,8,420,82,2.23,2.13,502,20,290,130
28881,82054,270,270,0,254,16,3.25,7.00,270,0,208,46
28882,82055,385,170,215,142,28,2.14,1.43,170,0,41,101
28883,82058,102,16,86,16,0,-,-,16,0,0,16
28884,82059,181,124,57,124,0,2.25,-,124,8,50,74
28885,82060,149,149,0,149,0,3.54,-,149,0,100,49
28886,82061,24,0,24,0,0,-,-,0,0,0,0
28887,82063,123,47,76,29,18,2.17,-,47,0,29,0
28888,82070,9482,8405,1077,4451,3954,2.27,2.00,8405,431,2747,1704
28889,82072,7907,7111,796,3329,3782,2.51,2.03,7111,381,1963,1366
28890,82073,20,12,8,12,0,3.17,-,12,0,6,6
28891,82081,28,28,0,18,10,2.00,4.10,28,0,0,18
28892,82082,836,738,98,633,105,2.44,2.58,738,5,410,223
28893,82083,200,130,70,71,59,2.44,2.59,130,7,29,42
28894,82084,64,42,22,42,0,1.86,-,42,0,28,14
28895,82190,453,219,234,0,219,-,1.34,219,0,0,0
28896,82201,3585,2941,644,2353,588,2.46,1.56,2941,71,1000,1353
28897,82210,224,156,68,134,22,1.75,1.64,156,0,43,91
28898,82212,375,263,112,203,60,2.97,2.10,263,2,76,127
28899,82213,417,188,229,154,34,1.64,1.82,188,12,29,125
28900,82214,601,515,86,419,96,2.22,2.28,515,5,173,246
28901,82215,96,70,26,44,26,3.05,3.19,70,2,24,20
28902,82217,57,32,25,32,0,1.63,-,32,0,0,32
28903,82218,6,6,0,6,0,2.67,-,6,0,6,0
28904,82219,49,10,39,10,0,2.40,-,10,0,3,7
28905,82221,262,244,18,178,66,1.73,1.62,244,4,30,148
28906,82222,77,62,15,57,5,2.63,1.80,62,0,31,26
28907,82223,414,373,41,277,96,2.12,1.98,373,0,104,173
28908,82224,23,2,21,2,0,-,-,2,0,0,2
28909,82225,1000,745,255,522,223,1.96,2.75,745,31,215,307
28910,82227,176,118,58,101,17,2.33,1.41,118,10,29,72
28911,82229,0,0,0,0,0,-,-,0,0,0,0
28912,82240,4368,3764,604,2759,1005,2.47,2.23,3764,184,1435,1324
28913,82242,29,27,2,27,0,2.67,-,27,0,26,1
28914,82243,45,45,0,45,0,4.42,-,45,0,6,39
28915,82244,279,205,74,150,55,2.09,2.29,205,0,102,48
28916,82301,4097,3296,801,2189,1107,2.49,2.19,3296,170,1321,868
28917,82310,50,12,38,12,0,2.00,-,12,0,0,12
28918,82321,303,243,60,168,75,2.42,2.61,243,0,51,117
28919,82322,99,72,27,68,4,2.34,2.50,72,0,16,52
28920,82323,134,84,50,65,19,4.23,4.21,84,1,34,31
28921,82324,172,78,94,48,30,1.67,3.90,78,0,16,32
28922,82325,576,391,185,322,69,1.70,2.57,391,16,106,216
28923,82327,627,304,323,206,98,2.45,2.96,304,26,90,116
28924,82329,213,172,41,138,34,2.08,2.82,172,15,52,86
28925,82331,1500,1082,418,809,273,2.16,2.22,1082,11,406,403
28926,82332,75,23,52,8,15,2.38,-,23,0,0,8
28927,82334,344,226,118,191,35,2.68,2.54,226,2,104,87
28928,82335,0,0,0,0,0,-,-,0,0,0,0
28929,82336,207,81,126,28,53,2.75,3.13,81,4,7,21
28930,82401,3397,2997,400,2197,800,2.44,1.86,2997,106,1111,1086
28931,82410,880,780,100,625,155,2.75,1.48,780,49,320,305
28932,82411,238,202,36,139,63,2.60,3.48,202,0,48,91
28933,82412,221,180,41,146,34,2.85,3.21,180,28,70,76
28934,82414,7997,6881,1116,4926,1955,2.39,2.14,6881,196,2689,2237
28935,82420,263,233,30,212,21,3.04,6.19,233,0,105,107
28936,82421,196,130,66,120,10,2.04,1.30,130,2,45,75
28937,82422,0,0,0,0,0,-,-,0,0,0,0
28938,82423,97,84,13,40,44,2.75,2.80,84,2,21,19
28939,82426,1317,1138,179,873,265,2.77,3.06,1138,20,447,426
28940,82428,134,72,62,55,17,1.76,2.59,72,0,3,52
28941,82430,35,29,6,29,0,1.66,-,29,5,14,15
28942,82431,1461,1086,375,800,286,3.22,2.05,1086,40,392,408
28943,82432,207,147,60,100,47,1.65,2.06,147,0,26,74
28944,82433,657,525,132,315,210,2.21,2.22,525,5,83,232
28945,82434,69,28,41,8,20,1.88,2.30,28,0,0,8
28946,82435,5427,4919,508,3682,1237,2.35,2.19,4919,150,2184,1498
28947,82440,101,101,0,47,54,3.64,-,101,0,47,0
28948,82441,156,92,64,83,9,1.87,-,92,0,26,57
28949,82442,510,436,74,286,150,2.09,2.17,436,26,127,159
28950,82443,2475,2048,427,1516,532,2.32,1.92,2048,89,679,837
28951,82450,80,80,0,80,0,1.66,-,80,0,12,68
28952,82501,7984,6946,1038,4753,2193,2.62,2.71,6946,483,2364,2389
28953,82510,283,245,38,155,90,4.34,4.66,245,26,30,125
28954,82512,221,158,63,92,66,1.59,2.33,158,0,4,88
28955,82513,1420,791,629,598,193,1.74,1.63,791,7,210,388
28956,82514,507,418,89,252,166,3.42,4.40,418,27,39,213
28957,82515,195,160,35,125,35,2.76,2.60,160,1,65,60
28958,82516,176,135,41,103,32,3.07,1.16,135,0,56,47
28959,82520,5602,4846,756,3544,1302,2.69,2.71,4846,212,1937,1607
28960,82523,393,324,69,280,44,2.63,4.11,324,3,142,138
28961,82601,12856,11183,1673,7785,3398,2.61,1.86,11183,493,5241,2544
28962,82604,11342,10494,848,8503,1991,2.58,2.44,10494,385,5399,3104
28963,82609,9269,8359,910,5146,3213,2.29,1.98,8359,376,2919,2227
28964,82620,450,111,339,74,37,1.93,2.70,111,0,46,28
28965,82630,0,0,0,0,0,-,-,0,0,0,0
28966,82633,4663,4042,621,3260,782,2.41,2.02,4042,81,1738,1522
28967,82635,61,43,18,23,20,2.09,2.30,43,7,3,20
28968,82636,1714,1491,223,1075,416,2.59,2.93,1491,16,636,439
28969,82637,1942,1599,343,1257,342,2.82,2.00,1599,3,705,552
28970,82638,17,17,0,17,0,6.47,-,17,0,0,17
28971,82639,457,273,184,216,57,2.52,3.58,273,0,61,155
28972,82640,77,77,0,77,0,1.68,-,77,0,0,77
28973,82642,58,27,31,24,3,1.50,2.00,27,0,5,19
28974,82643,158,106,52,89,17,1.75,2.18,106,2,20,69
28975,82644,841,766,75,613,153,2.11,1.91,766,42,312,301
28976,82646,13,13,0,13,0,2.08,-,13,0,0,13
28977,82648,35,35,0,35,0,2.49,-,35,0,35,0
28978,82649,571,425,146,314,111,2.75,1.86,425,15,133,181
28979,82701,2526,1985,541,1777,208,2.61,1.79,1985,51,878,899
28980,82710,130,98,32,90,8,2.72,-,98,0,15,75
28981,82711,45,10,35,10,0,-,-,10,0,0,10
28982,82712,163,140,23,109,31,2.47,2.55,140,0,31,78
28983,82714,69,0,69,0,0,-,-,0,0,0,0
28984,82716,7953,6783,1170,4825,1958,2.68,2.21,6783,395,3177,1648
28985,82718,9824,8789,1035,7238,1551,2.92,2.44,8789,166,5147,2091
28986,82720,387,301,86,218,83,2.42,2.35,301,9,76,142
28987,82721,1472,1067,405,904,163,3.23,2.00,1067,12,470,434
28988,82723,113,71,42,71,0,2.04,-,71,0,0,71
28989,82725,102,102,0,84,18,1.58,1.94,102,0,16,68
28990,82727,776,679,97,597,82,2.51,1.45,679,0,320,277
28991,82729,1334,1135,199,816,319,2.35,1.74,1135,27,505,311
28992,82730,889,801,88,635,166,2.07,1.77,801,48,381,254
28993,82731,85,85,0,13,72,1.62,2.76,85,0,0,13
28994,82732,1097,738,359,625,113,2.69,1.88,738,0,397,228
28995,82801,11729,10771,958,7146,3625,2.51,1.81,10771,492,4022,3124
28996,82831,144,104,40,97,7,2.59,1.71,104,0,11,86
28997,82832,598,510,88,460,50,2.30,3.84,510,0,291,169
28998,82833,313,139,174,44,95,1.93,-,139,0,0,44
28999,82834,3958,3398,560,2471,927,2.10,2.32,3398,83,1211,1260
29000,82835,199,144,55,72,72,2.32,3.03,144,5,8,64
29001,82836,513,380,133,302,78,2.93,2.10,380,3,150,152
29002,82837,15,13,2,7,6,2.29,1.33,13,0,4,3
29003,82838,324,235,89,217,18,2.30,1.22,235,0,183,34
29004,82839,561,535,26,468,67,2.80,2.51,535,2,304,164
29005,82842,505,233,272,178,55,1.80,2.07,233,0,62,116
29006,82844,20,20,0,8,12,2.50,-,20,0,0,8
29007,82845,26,26,0,26,0,2.12,-,26,0,0,26
29008,82901,12516,10225,2291,7577,2648,2.68,2.80,10225,251,4021,3556
29009,82922,336,169,167,169,0,1.83,-,169,0,86,83
29010,82923,519,276,243,276,0,1.60,-,276,0,56,220
29011,82925,305,162,143,162,0,2.39,-,162,0,67,95
29012,82929,63,18,45,0,18,-,2.33,18,0,0,0
29013,82930,7195,5629,1566,4279,1350,2.67,2.34,5629,207,2502,1777
29014,82932,479,301,178,191,110,2.56,1.96,301,0,88,103
29015,82933,291,200,91,200,0,2.87,-,200,0,158,42
29016,82934,126,56,70,52,4,2.33,1.50,56,4,0,52
29017,82935,5191,4494,697,3431,1063,2.84,2.45,4494,73,2064,1367
29018,82936,6,6,0,6,0,1.67,-,6,0,0,6
29019,82937,1298,1171,127,1012,159,2.95,1.97,1171,62,569,443
29020,82938,175,99,76,99,0,2.29,-,99,0,34,65
29021,82939,646,583,63,393,190,2.38,1.88,583,7,175,218
29022,82941,2516,1781,735,1402,379,2.83,2.79,1781,0,978,424
29023,82942,54,45,9,45,0,1.47,-,45,0,10,35
29024,82943,100,76,24,22,54,4.23,-,76,0,22,0
29025,82944,204,114,90,114,0,5.24,-,114,0,76,38
29026,82945,149,62,87,54,8,2.50,1.88,62,0,16,38
29027,83001,8938,7296,1642,4200,3096,2.47,2.42,7296,206,2753,1447
29028,83011,231,104,127,104,0,3.12,-,104,0,33,71
29029,83012,92,41,51,0,41,-,2.34,41,0,0,0
29030,83013,281,65,216,65,0,1.97,-,65,0,47,18
29031,83014,2253,1225,1028,944,281,2.18,2.04,1225,0,406,538
29032,83025,947,435,512,134,301,1.64,1.57,435,50,44,90
29033,83101,1815,1439,376,1091,348,2.09,2.03,1439,99,577,514
29034,83110,1958,1750,208,1241,509,3.18,1.96,1750,0,675,566
29035,83111,189,189,0,153,36,3.44,2.22,189,11,89,64
29036,83112,362,186,176,186,0,4.58,-,186,0,151,35
29037,83113,1218,833,385,613,220,2.75,3.11,833,15,272,341
29038,83114,327,272,55,228,44,2.88,3.39,272,0,89,139
29039,83115,352,116,236,116,0,2.36,-,116,0,59,57
29040,83116,408,328,80,267,61,2.26,2.97,328,10,93,174
29041,83118,378,339,39,339,0,1.83,-,339,0,233,106
29042,83119,78,78,0,44,34,3.89,-,78,34,44,0
29043,83120,185,136,49,101,35,2.58,3.97,136,0,62,39
29044,83121,17,0,17,0,0,-,-,0,0,0,0
29045,83122,184,184,0,147,37,5.30,3.65,184,0,79,68
29046,83123,394,265,129,218,47,2.31,1.98,265,0,36,182
29047,83124,102,51,51,45,6,2.02,3.50,51,0,18,27
29048,83126,211,178,33,178,0,3.44,-,178,0,122,56
29049,83127,2198,1515,683,1303,212,2.39,2.62,1515,101,812,491
29050,83128,664,502,162,367,135,2.54,2.58,502,11,288,79
29051,83201,15329,13995,1334,9401,4594,2.88,2.37,13995,440,6105,3296
29052,83202,8718,8313,405,5959,2354,2.83,2.42,8313,563,3478,2481
29053,83203,13,13,0,0,13,-,-,13,0,0,0
29054,83204,8259,7722,537,4909,2813,2.54,2.09,7722,629,2753,2156
29055,83209,245,217,28,0,217,-,1.73,217,0,0,0
29056,83210,1507,1362,145,1061,301,3.28,2.73,1362,66,458,603
29057,83211,2300,2154,146,1436,718,3.20,2.13,2154,2,837,599
29058,83212,136,126,10,113,13,2.95,3.54,126,0,55,58
29059,83213,706,450,256,342,108,2.69,3.43,450,72,140,202
29060,83214,241,233,8,164,69,3.23,2.17,233,8,100,64
29061,83215,35,28,7,26,2,1.69,2.00,28,0,19,7
29062,83217,407,320,87,268,52,2.89,2.31,320,0,127,141
29063,83218,151,151,0,123,28,2.83,3.32,151,11,75,48
29064,83220,44,44,0,25,19,1.88,1.16,44,7,0,25
29065,83221,9808,9076,732,6944,2132,3.18,2.73,9076,353,4158,2786
29066,83223,132,84,48,66,18,2.58,1.72,84,4,41,25
29067,83226,1267,832,435,547,285,2.72,1.58,832,52,226,321
29068,83227,100,23,77,23,0,1.65,-,23,0,0,23
29069,83228,338,314,24,262,52,3.34,4.25,314,4,132,130
29070,83232,130,130,0,121,9,3.21,1.22,130,0,83,38
29071,83233,146,95,51,95,0,2.29,-,95,0,64,31
29072,83234,522,482,40,400,82,2.83,2.73,482,11,200,200
29073,83235,119,92,27,92,0,3.91,-,92,0,34,58
29074,83236,892,884,8,730,154,2.45,2.64,884,0,273,457
29075,83237,381,381,0,327,54,3.42,3.13,381,0,205,122
29076,83238,72,36,36,30,6,2.23,2.17,36,20,0,30
29077,83239,212,187,25,173,14,3.30,5.57,187,4,73,100
29078,83241,826,775,51,658,117,3.01,3.40,775,2,364,294
29079,83243,16,16,0,16,0,-,-,16,0,16,0
29080,83244,200,177,23,129,48,2.64,1.08,177,0,92,37
29081,83245,853,844,9,740,104,2.91,2.54,844,12,345,395
29082,83246,661,359,302,308,51,2.56,2.14,359,4,170,138
29083,83250,759,664,95,607,57,3.02,2.46,664,19,323,284
29084,83251,893,518,375,452,66,2.78,2.91,518,4,176,276
29085,83252,1976,1736,240,1530,206,2.63,2.13,1736,18,900,630
29086,83253,123,22,101,22,0,1.86,-,22,0,12,10
29087,83254,1709,1335,374,976,359,3.04,2.16,1335,48,601,375
29088,83255,519,382,137,318,64,2.64,2.88,382,7,110,208
29089,83261,328,207,121,187,20,3.59,3.40,207,2,110,77
29090,83262,373,308,65,278,30,2.88,4.13,308,0,109,169
29091,83263,3548,3218,330,2605,613,3.17,2.23,3218,58,1388,1217
29092,83271,144,106,38,92,14,2.57,3.64,106,0,44,48
29093,83272,331,84,247,77,7,2.64,3.14,84,0,32,45
29094,83274,3488,3310,178,2538,772,2.98,3.10,3310,95,1719,819
29095,83276,1802,1392,410,1096,296,2.82,2.18,1392,60,563,533
29096,83277,61,61,0,51,10,2.92,2.70,61,7,23,28
29097,83278,573,197,376,190,7,1.43,3.43,197,0,2,188
29098,83281,25,3,22,3,0,7.33,-,3,0,3,0
29099,83283,70,54,16,54,0,4.65,-,54,0,37,17
29100,83285,140,7,133,7,0,2.14,-,7,0,7,0
29101,83286,466,434,32,345,89,3.37,1.89,434,1,213,132
29102,83287,832,117,715,117,0,2.07,-,117,0,53,64
29103,83301,23667,22622,1045,15287,7335,2.72,2.45,22622,733,9954,5333
29104,83302,168,83,85,48,35,3.71,2.57,83,0,15,33
29105,83311,267,244,23,188,56,3.40,3.34,244,0,61,127
29106,83312,76,46,30,41,5,2.27,4.60,46,0,6,35
29107,83313,1482,1249,233,1046,203,3.11,4.29,1249,53,653,393
29108,83314,462,375,87,288,87,2.29,3.70,375,1,148,140
29109,83316,4382,3969,413,3168,801,2.67,2.58,3969,133,2217,951
29110,83318,6581,6215,366,4063,2152,3.07,2.81,6215,335,2354,1709
29111,83320,408,342,66,289,53,4.71,3.32,342,2,191,98
29112,83321,215,197,18,153,44,1.97,2.75,197,5,52,101
29113,83322,61,33,28,11,22,4.18,1.41,33,0,8,3
29114,83323,669,591,78,406,185,2.38,3.15,591,0,234,172
29115,83324,232,197,35,132,65,3.39,3.69,197,5,72,60
29116,83325,267,233,34,136,97,2.28,4.02,233,13,84,52
29117,83327,562,267,295,185,82,2.86,4.54,267,5,111,74
29118,83328,2133,2011,122,1458,553,2.80,3.16,2011,74,943,515
29119,83330,2558,2355,203,1558,797,2.84,2.60,2355,165,943,615
29120,83332,1410,1196,214,907,289,2.08,2.21,1196,28,531,376
29121,83333,5536,4333,1203,3049,1284,2.53,2.67,4333,120,2210,839
29122,83334,916,886,30,506,380,2.71,3.33,886,34,297,209
29123,83335,694,632,62,428,204,2.86,3.02,632,7,256,172
29124,83336,2200,2015,185,1409,606,3.32,2.33,2015,13,836,573
29125,83337,36,17,19,12,5,1.42,-,17,0,6,6
29126,83338,7479,6947,532,4790,2157,3.09,3.00,6947,262,3130,1660
29127,83340,5334,2234,3100,1670,564,2.27,2.76,2234,85,780,890
29128,83341,2625,2498,127,2263,235,3.31,2.94,2498,36,1546,717
29129,83342,609,436,173,375,61,2.91,4.30,436,0,200,175
29130,83344,423,369,54,241,128,3.44,3.59,369,21,160,81
29131,83346,545,412,133,330,82,3.35,3.23,412,3,198,132
29132,83347,1262,1141,121,852,289,2.92,2.81,1141,93,413,439
29133,83348,32,32,0,15,17,2.07,14.76,32,0,12,3
29134,83349,464,420,44,316,104,3.12,2.60,420,1,190,126
29135,83350,4815,4261,554,3007,1254,2.79,3.10,4261,146,1761,1246
29136,83352,1400,1210,190,859,351,2.67,2.66,1210,4,526,333
29137,83353,2446,503,1943,465,38,2.01,2.24,503,0,161,304
29138,83354,19,10,9,10,0,-,-,10,0,10,0
29139,83355,1638,1517,121,1116,401,3.53,3.61,1517,109,637,479
29140,83401,15308,14702,606,10564,4138,3.22,2.83,14702,561,7166,3398
29141,83402,11501,10529,972,6340,4189,2.78,2.22,10529,446,3703,2637
29142,83404,9306,8948,358,6699,2249,2.95,2.41,8948,468,4219,2480
29143,83406,6646,6279,367,4662,1617,3.28,2.38,6279,556,3346,1316
29144,83414,227,227,0,209,18,2.03,-,227,0,138,71
29145,83420,1139,865,274,698,167,2.61,3.04,865,4,297,401
29146,83421,169,169,0,169,0,2.25,-,169,0,83,86
29147,83422,1789,1106,683,746,360,3.35,2.93,1106,34,457,289
29148,83423,369,249,120,149,100,3.07,2.80,249,0,60,89
29149,83424,28,28,0,28,0,3.79,-,28,0,28,0
29150,83425,226,162,64,131,31,3.75,3.97,162,4,69,62
29151,83427,801,730,71,699,31,3.39,3.58,730,9,575,124
29152,83428,495,237,258,217,20,2.46,1.70,237,3,123,94
29153,83429,3428,380,3048,376,4,1.98,1.75,380,0,185,191
29154,83431,326,320,6,246,74,2.64,4.70,320,8,94,152
29155,83433,556,28,528,28,0,1.79,-,28,0,14,14
29156,83434,647,622,25,497,125,2.89,3.00,622,0,195,302
29157,83435,255,210,45,112,98,2.88,2.80,210,4,55,57
29158,83436,230,228,2,196,32,3.38,4.19,228,3,119,77
29159,83438,70,64,6,46,18,5.09,3.94,64,0,15,31
29160,83440,13026,10436,2590,5147,5289,4.95,4.12,10436,325,3076,2071
29161,83442,7312,7050,262,6043,1007,3.43,2.83,7050,78,4161,1882
29162,83443,453,368,85,296,72,2.73,1.83,368,5,119,177
29163,83444,456,412,44,244,168,2.84,2.01,412,0,103,141
29164,83445,2525,2245,280,1780,465,3.31,2.78,2245,44,901,879
29165,83446,61,20,41,19,1,1.32,-,20,0,1,18
29166,83448,815,772,43,539,233,3.75,5.02,772,14,368,171
29167,83449,214,92,122,80,12,2.35,2.00,92,0,55,25
29168,83450,463,324,139,210,114,3.34,3.65,324,0,87,123
29169,83451,396,327,69,265,62,3.18,2.55,327,8,140,125
29170,83452,981,849,132,698,151,2.13,4.01,849,0,237,461
29171,83454,99,77,22,65,12,2.97,5.50,77,0,35,30
29172,83455,2961,2216,745,1712,504,2.44,3.09,2216,23,1246,466
29173,83460,0,0,0,0,0,-,-,0,0,0,0
29174,83462,300,198,102,186,12,1.79,-,198,0,58,128
29175,83463,96,29,67,29,0,1.38,-,29,0,0,29
29176,83464,226,110,116,69,41,2.32,2.73,110,2,13,56
29177,83465,58,31,27,23,8,3.13,2.00,31,0,3,20
29178,83466,172,111,61,83,28,1.22,-,111,0,31,52
29179,83467,3425,2776,649,2291,485,2.41,2.31,2776,177,1346,945
29180,83468,133,71,62,55,16,2.00,3.00,71,0,27,28
29181,83469,45,0,45,0,0,-,-,0,0,0,0
29182,83501,15823,14818,1005,10748,4070,2.54,1.99,14818,1204,7041,3707
29183,83520,91,64,27,37,27,2.57,5.70,64,2,0,37
29184,83522,872,688,184,545,143,3.12,2.92,688,13,251,294
29185,83523,413,358,55,319,39,2.26,3.31,358,11,155,164
29186,83524,464,410,54,312,98,2.16,2.58,410,6,163,149
29187,83525,535,142,393,113,29,1.84,-,142,0,62,51
29188,83526,123,109,14,92,17,2.74,3.53,109,0,45,47
29189,83530,2866,2238,628,1513,725,2.28,2.77,2238,39,774,739
29190,83533,76,76,0,52,24,2.46,4.83,76,0,22,30
29191,83535,543,444,99,311,133,2.43,2.34,444,7,143,168
29192,83536,2202,1845,357,1444,401,2.62,1.95,1845,91,610,834
29193,83537,610,418,192,355,63,2.51,2.51,418,14,185,170
29194,83539,1108,848,260,704,144,2.53,2.55,848,17,249,455
29195,83540,938,835,103,525,310,3.26,3.12,835,18,153,372
29196,83541,655,488,167,450,38,2.13,1.82,488,16,148,302
29197,83542,97,74,23,53,21,2.34,1.33,74,7,10,43
29198,83543,301,260,41,210,50,2.80,2.42,260,2,101,109
29199,83544,2952,2375,577,1772,603,2.34,2.37,2375,116,950,822
29200,83545,225,187,38,171,16,1.95,3.25,187,2,57,114
29201,83546,347,208,139,172,36,2.52,1.31,208,22,71,101
29202,83547,257,160,97,131,29,2.17,1.93,160,0,57,74
29203,83548,51,44,7,36,8,2.19,5.63,44,0,21,15
29204,83549,496,288,208,217,71,2.01,2.10,288,8,84,133
29205,83552,523,393,130,346,47,2.02,2.17,393,2,149,197
29206,83553,593,544,49,452,92,1.81,2.11,544,27,103,349
29207,83554,246,155,91,146,9,1.58,2.89,155,27,25,121
29208,83555,279,169,110,139,30,1.99,2.50,169,5,71,68
29209,83602,40,7,33,7,0,-,-,7,0,0,7
29210,83604,287,226,61,152,74,2.15,1.85,226,0,26,126
29211,83605,13086,12489,597,7927,4562,3.16,2.65,12489,700,5645,2282
29212,83607,11109,10712,397,8422,2290,3.23,3.00,10712,300,5830,2592
29213,83610,503,372,131,270,102,2.76,2.76,372,13,128,142
29214,83611,3023,853,2170,762,91,2.82,2.49,853,5,378,384
29215,83612,1195,855,340,655,200,2.47,1.99,855,39,280,375
29216,83615,2243,325,1918,255,70,3.27,7.27,325,7,112,143
29217,83616,12803,12248,555,10593,1655,2.68,2.55,12248,342,6796,3797
29218,83617,6844,6378,466,4749,1629,2.61,2.47,6378,360,2952,1797
29219,83619,3373,3258,115,2483,775,2.39,2.56,3258,81,1245,1238
29220,83622,1748,948,800,827,121,2.17,1.97,948,9,453,374
29221,83623,666,530,136,344,186,2.34,3.27,530,41,179,165
29222,83624,647,575,72,298,277,2.98,2.38,575,25,184,114
29223,83626,434,420,14,282,138,3.10,2.57,420,15,177,105
29224,83627,293,230,63,187,43,2.13,2.21,230,11,37,150
29225,83628,1729,1676,53,1087,589,2.87,2.92,1676,71,651,436
29226,83629,942,836,106,673,163,2.52,2.44,836,3,373,300
29227,83631,1037,552,485,424,128,2.01,2.23,552,5,73,351
29228,83632,208,162,46,128,34,3.04,3.06,162,0,70,58
29229,83633,258,239,19,170,69,2.33,3.75,239,0,95,75
29230,83634,9037,9016,21,7385,1631,3.06,3.64,9016,107,5585,1800
29231,83636,104,104,0,60,44,3.07,8.98,104,0,60,0
29232,83637,486,130,356,121,9,1.85,4.33,130,0,47,74
29233,83638,6851,2477,4374,1940,537,2.95,3.06,2477,130,1071,869
29234,83639,1231,1153,78,920,233,2.72,2.64,1153,37,488,432
29235,83641,1294,1232,62,1040,192,3.05,4.30,1232,37,646,394
29236,83642,19532,19115,417,13743,5372,2.81,2.28,19115,604,10491,3252
29237,83643,68,41,27,41,0,2.54,-,41,0,18,23
29238,83644,4690,4616,74,4099,517,3.12,2.98,4616,1,3182,917
29239,83645,351,280,71,247,33,2.97,2.27,280,2,152,95
29240,83646,24894,24139,755,20183,3956,2.97,2.93,24139,218,14656,5527
29241,83647,9802,8752,1050,5919,2833,2.66,2.30,8752,520,3688,2231
29242,83648,784,748,36,6,742,3.17,3.18,748,3,0,6
29243,83650,342,174,168,145,29,2.85,3.34,174,0,59,86
29244,83651,13751,13180,571,9212,3968,2.87,2.34,13180,572,6105,3107
29245,83654,1165,642,523,556,86,2.51,2.98,642,0,281,275
29246,83655,2027,1917,110,1564,353,2.94,1.98,1917,14,1187,377
29247,83656,211,195,16,161,34,4.02,3.24,195,0,98,63
29248,83657,169,55,114,55,0,4.78,-,55,0,42,13
29249,83660,2112,2057,55,1477,580,2.59,3.63,2057,16,748,729
29250,83661,3838,3687,151,2278,1409,2.93,2.51,3687,202,1589,689
29251,83666,75,31,44,26,5,1.96,-,31,0,15,11
29252,83669,4602,4523,79,3886,637,2.83,3.06,4523,18,3010,876
29253,83670,231,224,7,211,13,2.61,5.08,224,11,166,45
29254,83672,3665,3450,215,2452,998,2.61,2.05,3450,220,1332,1120
29255,83676,1922,1827,95,1352,475,3.11,2.64,1827,57,872,480
29256,83677,204,55,149,55,0,5.55,-,55,0,26,29
29257,83686,18992,18375,617,13511,4864,2.92,2.80,18375,798,10190,3321
29258,83687,12694,12317,377,8673,3644,2.86,2.73,12317,369,6191,2482
29259,83702,12143,11329,814,5825,5504,2.34,1.65,11329,888,3887,1938
29260,83703,7856,7624,232,4905,2719,2.45,2.13,7624,302,3467,1438
29261,83704,17276,16506,770,10150,6356,2.52,2.28,16506,633,6514,3636
29262,83705,12863,12249,614,6662,5587,2.46,2.24,12249,564,4458,2204
29263,83706,15623,14663,960,7003,7660,2.37,2.11,14663,840,4372,2631
29264,83709,21445,20640,805,16833,3807,2.71,2.85,20640,617,12185,4648
29265,83712,4332,4147,185,2568,1579,2.33,1.69,4147,185,1638,930
29266,83713,11591,11355,236,8811,2544,2.65,2.54,11355,517,6145,2666
29267,83714,11235,10670,565,7566,3104,2.34,2.35,10670,407,4465,3101
29268,83716,8426,7687,739,5999,1688,2.70,2.37,7687,299,4177,1822
29269,83720,0,0,0,0,0,-,-,0,0,0,0
29270,83725,0,0,0,0,0,-,-,0,0,0,0
29271,83801,2824,2620,204,2207,413,2.69,3.16,2620,98,1310,897
29272,83802,93,15,78,8,7,1.75,-,15,3,4,4
29273,83803,763,381,382,320,61,1.98,-,381,0,244,76
29274,83804,963,734,229,690,44,1.96,3.02,734,0,398,292
29275,83805,3548,3047,501,2394,653,2.77,2.89,3047,128,1118,1276
29276,83806,100,78,22,70,8,2.70,1.63,78,3,22,48
29277,83808,169,46,123,42,4,3.48,5.00,46,0,13,29
29278,83809,147,147,0,147,0,2.30,-,147,0,106,41
29279,83810,724,669,55,607,62,2.55,1.44,669,8,260,347
29280,83811,891,709,182,445,264,1.87,2.45,709,42,147,298
29281,83812,47,15,32,15,0,1.47,-,15,3,3,12
29282,83813,621,313,308,313,0,3.09,-,313,0,265,48
29283,83814,13695,11604,2091,6460,5144,2.43,2.07,11604,686,3929,2531
29284,83815,15631,15027,604,9874,5153,2.41,2.42,15027,696,5973,3901
29285,83821,974,107,867,99,8,2.02,2.63,107,0,22,77
29286,83822,1065,917,148,782,135,2.31,2.53,917,15,297,485
29287,83823,685,639,46,536,103,2.24,3.50,639,15,253,283
29288,83824,153,117,36,99,18,3.64,2.83,117,0,33,66
29289,83825,156,95,61,78,17,2.00,3.29,95,4,28,50
29290,83826,110,36,74,36,0,-,-,36,0,0,36
29291,83827,149,70,79,61,9,1.85,2.00,70,0,20,41
29292,83830,240,144,96,144,0,2.17,-,144,0,94,50
29293,83832,746,657,89,572,85,2.76,3.08,657,20,346,226
29294,83833,1638,772,866,715,57,1.99,2.12,772,10,214,501
29295,83834,91,62,29,62,0,2.58,-,62,0,36,26
29296,83835,10203,9101,1102,7930,1171,2.55,2.13,9101,277,5074,2856
29297,83836,727,433,294,376,57,1.99,1.77,433,0,166,210
29298,83837,1665,1305,360,746,559,2.53,2.25,1305,106,328,418
29299,83839,557,507,50,396,111,1.95,2.50,507,0,194,202
29300,83840,303,270,33,231,39,2.38,3.31,270,7,205,26
29301,83841,345,222,123,103,119,2.01,4.16,222,0,0,103
29302,83842,66,58,8,42,16,2.17,3.06,58,6,12,30
29303,83843,12154,11385,769,5403,5982,2.55,1.91,11385,653,3537,1866
29304,83844,22,22,0,0,22,-,-,22,0,0,0
29305,83845,983,876,107,643,233,2.56,1.97,876,4,338,305
29306,83846,483,357,126,261,96,2.10,2.51,357,6,98,163
29307,83847,691,533,158,389,144,2.48,1.69,533,0,201,188
29308,83848,516,74,442,62,12,1.85,1.92,74,0,26,36
29309,83849,969,895,74,749,146,2.53,2.20,895,37,363,386
29310,83850,1083,933,150,748,185,2.51,3.03,933,15,441,307
29311,83851,870,640,230,459,181,3.21,2.56,640,23,220,239
29312,83852,634,562,72,166,396,2.02,2.19,562,26,60,106
29313,83854,18207,16984,1223,12406,4578,2.80,2.93,16984,624,8755,3651
29314,83855,1004,810,194,655,155,2.33,2.41,810,3,428,227
29315,83856,4205,2828,1377,2372,456,2.49,2.38,2828,50,1361,1011
29316,83857,403,403,0,403,0,3.34,-,403,0,287,116
29317,83858,7144,6249,895,5368,881,2.83,2.96,6249,82,3818,1550
29318,83860,3643,2695,948,2270,425,2.52,3.94,2695,67,1279,991
29319,83861,3292,2647,645,1980,667,2.52,2.44,2647,46,1139,841
29320,83864,9563,7533,2030,5475,2058,2.38,2.49,7533,449,3243,2232
29321,83866,234,117,117,86,31,2.49,-,117,0,0,86
29322,83867,249,221,28,207,14,2.58,-,221,26,139,68
29323,83868,390,321,69,247,74,1.96,2.34,321,15,79,168
29324,83869,2267,1825,442,1677,148,2.95,2.28,1825,11,1109,568
29325,83870,158,126,32,91,35,3.65,1.83,126,6,49,42
29326,83871,977,862,115,729,133,2.81,1.80,862,8,358,371
29327,83872,281,235,46,203,32,2.89,1.72,235,8,120,83
29328,83873,1147,722,425,472,250,2.23,2.40,722,68,254,218
29329,83874,62,34,28,34,0,1.62,-,34,0,5,29
29330,83876,1513,679,834,556,123,2.44,2.73,679,15,287,269
29331,84001,240,199,41,191,8,3.41,4.00,199,1,99,92
29332,84002,115,105,10,86,19,2.10,4.58,105,0,52,34
29333,84003,15131,14430,701,11133,3297,3.81,2.91,14430,271,8116,3017
29334,84004,2876,2780,96,2391,389,3.83,2.71,2780,25,1502,889
29335,84005,9946,9731,215,8633,1098,4.42,3.72,9731,36,7716,917
29336,84006,336,336,0,211,125,2.81,3.59,336,4,156,55
29337,84007,162,139,23,92,47,3.46,2.04,139,0,57,35
29338,84008,5,0,5,0,0,-,-,0,0,0,0
29339,84009,11089,10682,407,9991,691,3.55,3.30,10682,309,8042,1949
29340,84010,16387,15337,1050,11082,4255,3.22,2.69,15337,610,7422,3660
29341,84013,218,211,7,203,8,4.49,2.00,211,1,166,37
29342,84014,5789,5688,101,4844,844,2.99,2.59,5688,81,3085,1759
29343,84015,21776,21039,737,15949,5090,3.35,2.96,21039,782,12632,3317
29344,84017,2110,1487,623,1194,293,3.44,3.33,1487,33,849,345
29345,84018,74,74,0,74,0,3.88,-,74,18,35,39
29346,84020,15388,14910,478,11304,3606,3.38,2.56,14910,264,8574,2730
29347,84021,1840,1157,683,885,272,2.85,3.34,1157,32,448,437
29348,84022,374,224,150,40,184,2.83,2.06,224,0,40,0
29349,84023,306,59,247,29,30,2.21,1.90,59,8,8,21
29350,84024,76,14,62,11,3,4.45,-,14,0,11,0
29351,84025,6996,6758,238,5584,1174,3.62,2.57,6758,169,4065,1519
29352,84026,451,277,174,200,77,3.57,1.44,277,33,30,170
29353,84027,987,221,766,203,18,2.78,7.00,221,0,92,111
29354,84028,2074,121,1953,82,39,3.13,5.54,121,0,47,35
29355,84029,3835,3528,307,3061,467,3.69,3.08,3528,103,2369,692
29356,84031,312,71,241,65,6,1.94,2.33,71,0,37,28
29357,84032,9054,7204,1850,5409,1795,3.49,2.91,7204,186,3831,1578
29358,84033,346,335,11,265,70,3.42,2.37,335,15,183,82
29359,84034,91,49,42,27,22,2.93,2.95,49,0,0,27
29360,84035,256,256,0,237,19,1.68,4.16,256,0,120,117
29361,84036,3589,2590,999,2070,520,3.02,3.98,2590,7,1458,612
29362,84037,11072,10945,127,9714,1231,3.64,3.19,10945,196,6825,2889
29363,84038,523,183,340,175,8,3.17,4.13,183,0,107,68
29364,84039,267,191,76,173,18,2.73,1.89,191,10,69,104
29365,84040,8713,8424,289,7303,1121,3.18,2.79,8424,145,4971,2332
29366,84041,18329,17664,665,11444,6220,3.35,2.66,17664,708,8412,3032
29367,84042,3096,3000,96,2372,628,3.93,3.00,3000,111,1673,699
29368,84043,20176,19629,547,15572,4057,3.93,3.14,19629,252,12913,2659
29369,84044,9173,8906,267,7085,1821,3.33,3.01,8906,534,5478,1607
29370,84045,9153,8721,432,7392,1329,4.29,3.73,8721,140,6287,1105
29371,84046,835,138,697,125,13,2.64,4.00,138,5,33,92
29372,84047,16429,15321,1108,7076,8245,2.35,2.36,15321,955,5194,1882
29373,84049,3300,2238,1062,1793,445,2.80,3.32,2238,62,1021,772
29374,84050,3585,3430,155,2971,459,3.46,3.49,3430,29,1927,1044
29375,84051,174,158,16,137,21,3.14,4.67,158,0,82,55
29376,84052,456,383,73,295,88,3.35,3.18,383,7,143,152
29377,84053,213,207,6,198,9,3.32,4.11,207,11,95,103
29378,84054,7447,7206,241,4965,2241,3.10,2.69,7206,127,3508,1457
29379,84055,1491,435,1056,375,60,3.67,2.75,435,13,287,88
29380,84056,1038,998,40,7,991,1.71,3.17,998,0,0,7
29381,84057,12575,11920,655,7545,4375,3.43,2.82,11920,335,5076,2469
29382,84058,10928,10263,665,4759,5504,3.56,2.83,10263,188,3164,1595
29383,84059,4538,4377,161,2309,2068,3.52,2.79,4377,187,2119,190
29384,84060,9036,3029,6007,2122,907,2.58,3.52,3029,44,1242,880
29385,84061,192,159,33,111,48,2.59,1.48,159,0,47,64
29386,84062,14248,13789,459,9738,4051,3.64,2.89,13789,402,6869,2869
29387,84063,218,97,121,79,18,1.99,3.61,97,0,0,79
29388,84064,235,193,42,98,95,5.87,4.17,193,0,50,48
29389,84065,14559,14448,111,12282,2166,3.37,3.49,14448,400,9486,2796
29390,84066,4687,4176,511,3186,990,3.33,2.68,4176,209,1942,1244
29391,84067,13392,12912,480,10867,2045,3.01,3.04,12912,310,8281,2586
29392,84069,214,178,36,140,38,3.03,2.18,178,0,79,61
29393,84070,11612,10741,871,6513,4228,2.92,2.58,10741,568,4517,1996
29394,84071,640,612,28,596,16,3.53,3.94,612,0,473,123
29395,84072,338,156,182,127,29,2.52,2.55,156,3,80,47
29396,84073,150,104,46,104,0,3.04,-,104,0,57,47
29397,84074,16868,16301,567,13756,2545,3.39,2.74,16301,539,10883,2873
29398,84075,8747,8480,267,7781,699,3.68,4.06,8480,122,6507,1274
29399,84076,116,92,24,83,9,5.24,3.22,92,7,29,54
29400,84078,11150,9369,1781,6770,2599,3.28,2.82,9369,268,4300,2470
29401,84080,126,98,28,86,12,2.31,3.75,98,0,28,58
29402,84081,14332,14098,234,11844,2254,3.69,2.97,14098,249,10226,1618
29403,84082,303,280,23,272,8,2.98,4.88,280,0,181,91
29404,84083,520,386,134,106,280,4.67,2.38,386,28,12,94
29405,84084,10752,10516,236,7589,2927,3.24,2.66,10516,200,5614,1975
29406,84085,156,92,64,65,27,3.38,3.30,92,0,0,65
29407,84086,189,164,25,159,5,2.81,4.80,164,0,61,98
29408,84087,4923,4861,62,4163,698,3.38,2.98,4861,40,3135,1028
29409,84088,12782,12432,350,9265,3167,3.21,2.95,12432,468,6981,2284
29410,84092,9880,9087,793,8435,652,3.10,2.68,9087,199,5605,2830
29411,84093,7947,7720,227,6810,910,3.13,3.30,7720,114,4587,2223
29412,84094,9518,9366,152,7268,2098,3.20,2.59,9366,281,5315,1953
29413,84095,12923,12578,345,9548,3030,3.36,1.89,12578,676,6612,2936
29414,84096,19252,18672,580,15751,2921,3.71,2.49,18672,266,13161,2590
29415,84097,7132,6703,429,4984,1719,3.48,2.70,6703,164,3140,1844
29416,84098,9572,6304,3268,5231,1073,3.00,3.25,6304,98,3786,1445
29417,84101,4497,3888,609,930,2958,1.85,1.54,3888,953,581,349
29418,84102,10764,9818,946,2256,7562,2.09,1.78,9818,1498,1587,669
29419,84103,12922,11720,1202,5473,6247,2.22,1.69,11720,834,3473,2000
29420,84104,8202,7713,489,4304,3409,3.08,3.31,7713,486,3024,1280
29421,84105,10433,9775,658,6102,3673,2.42,2.18,9775,242,4224,1878
29422,84106,16209,14994,1215,8736,6258,2.44,2.26,14994,901,5810,2926
29423,84107,16674,15655,1019,7388,8267,2.49,2.17,15655,1181,4703,2685
29424,84108,8016,7549,467,5931,1618,2.61,2.65,7549,133,3284,2647
29425,84109,9813,9011,802,6994,2017,2.99,2.34,9011,152,4449,2545
29426,84111,7867,6854,1013,1575,5279,1.95,1.70,6854,1694,950,625
29427,84112,236,236,0,0,236,-,2.42,236,44,0,0
29428,84113,0,0,0,0,0,-,-,0,0,0,0
29429,84114,0,0,0,0,0,-,-,0,0,0,0
29430,84115,12597,11684,913,4407,7277,2.29,2.43,11684,1426,3434,973
29431,84116,12931,12109,822,7011,5098,3.04,2.66,12109,1317,4806,2205
29432,84117,11213,10306,907,6996,3310,2.44,2.15,10306,556,4098,2898
29433,84118,11641,11518,123,9420,2098,3.41,4.42,11518,288,7025,2395
29434,84119,16910,15966,944,8478,7488,3.33,2.93,15966,1216,5548,2930
29435,84120,14326,13829,497,10012,3817,3.80,3.72,13829,604,7221,2791
29436,84121,16929,15503,1426,11529,3974,2.64,2.40,15503,482,7349,4180
29437,84123,14450,13798,652,7943,5855,2.89,2.49,13798,798,5281,2662
29438,84124,8814,8361,453,6369,1992,2.83,2.68,8361,209,3887,2482
29439,84128,8498,8429,69,7441,988,3.81,3.77,8429,99,6143,1298
29440,84129,12174,11854,320,9658,2196,3.29,2.96,11854,360,7146,2512
29441,84138,0,0,0,0,0,-,-,0,0,0,0
29442,84150,0,0,0,0,0,-,-,0,0,0,0
29443,84180,0,0,0,0,0,-,-,0,0,0,0
29444,84301,291,262,29,226,36,2.92,2.78,262,6,115,111
29445,84302,8990,8578,412,6032,2546,3.15,2.71,8578,626,3886,2146
29446,84304,29,29,0,29,0,3.66,-,29,0,13,16
29447,84305,292,265,27,252,13,2.62,1.69,265,10,173,79
29448,84306,124,124,0,124,0,2.59,-,124,0,52,72
29449,84307,398,367,31,328,39,3.13,4.08,367,8,270,58
29450,84308,98,93,5,81,12,2.98,3.42,93,0,58,23
29451,84309,247,144,103,140,4,2.99,4.25,144,0,78,62
29452,84310,2428,1735,693,1627,108,3.13,2.06,1735,0,1069,558
29453,84311,281,227,54,165,62,3.96,4.79,227,7,66,99
29454,84312,1600,1579,21,1195,384,3.33,2.47,1579,108,750,445
29455,84313,48,13,35,6,7,2.17,-,13,0,0,6
29456,84314,364,348,16,303,45,3.52,3.33,348,0,225,78
29457,84315,2801,2801,0,2786,15,3.34,-,2801,17,2021,765
29458,84316,115,101,14,89,12,3.39,3.08,101,2,43,46
29459,84317,2534,1036,1498,950,86,2.54,2.85,1036,2,647,303
29460,84318,1467,1435,32,1269,166,3.71,3.03,1435,83,803,466
29461,84319,2912,2758,154,2275,483,3.54,3.50,2758,37,1542,733
29462,84320,796,765,31,607,158,3.36,3.51,765,18,319,288
29463,84321,16654,15261,1393,7463,7798,3.22,2.85,15261,660,5006,2457
29464,84322,0,0,0,0,0,-,-,0,0,0,0
29465,84324,330,297,33,284,13,3.65,2.92,297,4,173,111
29466,84325,688,663,25,610,53,3.33,2.34,663,0,394,216
29467,84326,744,715,29,633,82,2.90,3.12,715,21,442,191
29468,84327,259,247,12,222,25,3.70,4.12,247,6,136,86
29469,84328,532,468,64,450,18,3.17,3.89,468,2,270,180
29470,84329,88,44,44,31,13,3.19,-,44,0,11,20
29471,84330,140,134,6,126,8,2.62,3.63,134,2,91,35
29472,84331,142,91,51,74,17,2.51,4.88,91,1,41,33
29473,84332,2603,2548,55,2217,331,3.31,2.58,2548,66,1259,958
29474,84333,967,924,43,749,175,3.30,3.18,924,18,509,240
29475,84334,64,64,0,64,0,5.28,-,64,0,47,17
29476,84335,4385,4209,176,3497,712,3.87,2.90,4209,69,2460,1037
29477,84336,128,74,54,70,4,4.16,2.00,74,0,30,40
29478,84337,4808,4611,197,3522,1089,3.29,2.58,4611,149,2371,1151
29479,84338,187,174,13,125,49,3.25,3.16,174,3,70,55
29480,84339,1577,1562,15,1394,168,3.86,2.70,1562,22,953,441
29481,84340,1131,1093,38,948,145,3.08,3.16,1093,26,628,320
29482,84341,8651,8246,405,3798,4448,2.96,2.88,8246,345,2247,1551
29483,84401,16573,15301,1272,8998,6303,3.05,2.38,15301,1263,6790,2208
29484,84403,14218,13353,865,9165,4188,2.82,2.55,13353,821,6432,2733
29485,84404,23127,21856,1271,16131,5725,2.92,2.82,21856,980,10903,5228
29486,84405,12323,11700,623,8676,3024,3.04,2.52,11700,417,5935,2741
29487,84408,0,0,0,0,0,-,-,0,0,0,0
29488,84414,9900,9607,293,8156,1451,3.39,3.22,9607,153,5904,2252
29489,84501,5391,4782,609,3312,1470,2.72,2.43,4782,238,1916,1396
29490,84511,1526,1332,194,973,359,3.48,2.70,1332,70,527,446
29491,84512,378,215,163,186,29,3.72,3.34,215,21,6,180
29492,84513,615,491,124,393,98,2.76,2.96,491,12,126,267
29493,84515,0,0,0,0,0,-,-,0,0,0,0
29494,84516,69,35,34,30,5,1.60,1.40,35,0,10,20
29495,84518,328,301,27,229,72,3.68,1.89,301,0,127,102
29496,84520,632,431,201,249,182,2.74,2.48,431,5,128,121
29497,84521,239,214,25,177,37,2.55,3.05,214,7,53,124
29498,84522,146,112,34,100,12,3.28,1.33,112,3,51,49
29499,84523,654,579,75,436,143,2.94,2.97,579,55,209,227
29500,84525,423,324,99,234,90,2.27,3.22,324,0,76,158
29501,84526,2576,1763,813,1242,521,2.41,2.31,1763,69,703,539
29502,84528,1094,982,112,727,255,2.80,3.13,982,3,429,298
29503,84529,59,59,0,35,24,1.86,-,59,8,20,15
29504,84530,90,65,25,46,19,-,3.53,65,0,46,0
29505,84531,142,118,24,111,7,4.03,4.43,118,9,15,96
29506,84532,5256,4392,864,2891,1501,2.34,2.11,4392,118,1578,1313
29507,84533,58,43,15,0,43,-,-,43,0,0,0
29508,84534,997,758,239,642,116,3.52,3.34,758,86,50,592
29509,84535,1172,952,220,773,179,2.83,3.20,952,26,336,437
29510,84536,571,482,89,418,64,3.02,3.42,482,28,8,410
29511,84537,557,412,145,328,84,2.64,2.57,412,20,156,172
29512,84539,195,132,63,110,22,3.28,1.32,132,0,41,69
29513,84540,77,22,55,22,0,4.73,-,22,0,0,22
29514,84542,717,595,122,394,201,2.65,1.96,595,20,190,204
29515,84601,11492,11051,441,4826,6225,3.36,2.66,11051,674,3418,1408
29516,84602,134,82,52,0,82,-,6.30,82,22,0,0
29517,84604,12821,11652,1169,6097,5555,3.35,2.92,11652,431,3559,2538
29518,84606,10808,10178,630,2389,7789,3.41,3.10,10178,365,1644,745
29519,84620,458,402,56,378,24,3.00,2.04,402,4,274,104
29520,84621,42,42,0,42,0,1.36,-,42,0,27,15
29521,84622,511,460,51,395,65,2.72,2.72,460,8,270,125
29522,84623,73,20,53,20,0,7.55,-,20,0,13,7
29523,84624,2254,1959,295,1322,637,2.96,2.66,1959,90,807,515
29524,84626,108,99,9,69,30,5.12,3.97,99,0,57,12
29525,84627,1905,1815,90,1025,790,3.29,3.07,1815,62,689,336
29526,84628,296,227,69,215,12,2.83,1.75,227,5,91,124
29527,84629,1972,1163,809,1101,62,2.82,3.26,1163,0,625,476
29528,84630,153,127,26,52,75,3.31,3.45,127,16,34,18
29529,84631,1002,886,116,674,212,3.62,2.02,886,21,349,325
29530,84632,409,372,37,330,42,3.08,3.12,372,5,202,128
29531,84633,352,328,24,245,83,2.85,3.67,328,27,120,125
29532,84634,638,595,43,487,108,2.73,4.49,595,11,359,128
29533,84635,359,296,63,187,109,2.79,2.89,296,14,85,102
29534,84636,193,173,20,141,32,3.02,2.72,173,4,66,75
29535,84637,274,203,71,138,65,3.66,3.77,203,12,93,45
29536,84638,97,97,0,91,6,3.42,1.67,97,0,62,29
29537,84639,342,285,57,243,42,3.14,3.05,285,21,163,80
29538,84640,79,66,13,44,22,3.68,2.45,66,0,27,17
29539,84642,1281,1181,100,795,386,3.28,2.38,1181,38,527,268
29540,84643,237,198,39,161,37,2.55,3.14,198,0,111,50
29541,84644,120,96,24,85,11,2.56,1.82,96,1,48,37
29542,84645,752,695,57,612,83,4.28,5.06,695,0,406,206
29543,84646,592,552,40,500,52,2.83,2.77,552,3,344,156
29544,84647,1606,1404,202,1177,227,3.07,2.85,1404,62,735,442
29545,84648,2333,2253,80,1633,620,3.02,3.07,2253,113,1144,489
29546,84649,355,289,66,256,33,3.09,3.67,289,0,135,121
29547,84651,8107,7722,385,6428,1294,3.72,3.15,7722,228,4675,1753
29548,84652,315,302,13,262,40,3.22,2.50,302,7,126,136
29549,84653,2859,2803,56,2577,226,3.82,4.57,2803,0,1820,757
29550,84654,1283,941,342,720,221,2.78,2.39,941,20,443,277
29551,84655,4100,4016,84,3504,512,3.88,3.28,4016,79,2847,657
29552,84656,144,119,25,113,6,3.04,2.50,119,1,65,48
29553,84657,177,164,13,127,37,3.23,5.08,164,0,65,62
29554,84660,12428,12118,310,9336,2782,3.78,3.23,12118,148,7397,1939
29555,84662,577,493,84,450,43,3.16,2.26,493,4,222,228
29556,84663,10311,9904,407,6995,2909,3.63,3.29,9904,282,5018,1977
29557,84664,3136,2993,143,2633,360,3.87,2.78,2993,90,1825,808
29558,84665,233,180,53,169,11,2.46,3.82,180,0,144,25
29559,84667,116,111,5,67,44,3.61,2.41,111,0,50,17
29560,84701,3054,2726,328,1823,903,3.20,2.60,2726,107,1104,719
29561,84710,221,51,170,34,17,9.32,6.29,51,0,16,18
29562,84711,322,310,12,301,9,2.84,3.44,310,0,163,138
29563,84712,156,63,93,59,4,1.86,3.50,63,0,19,40
29564,84713,1707,1242,465,1007,235,2.62,2.77,1242,39,701,306
29565,84714,403,269,134,199,70,2.77,2.84,269,0,89,110
29566,84715,220,170,50,147,23,2.10,1.91,170,5,41,106
29567,84716,267,167,100,118,49,2.31,2.73,167,0,13,105
29568,84718,155,124,31,93,31,2.63,4.16,124,3,23,70
29569,84719,1599,30,1569,24,6,1.21,-,30,6,0,24
29570,84720,8412,7563,849,4634,2929,2.94,3.04,7563,232,3076,1558
29571,84721,8689,8058,631,5642,2416,3.38,3.28,8058,162,3997,1645
29572,84722,428,389,39,379,10,2.42,-,389,0,187,192
29573,84723,202,144,58,125,19,3.93,2.16,144,0,68,57
29574,84724,473,416,57,374,42,2.52,3.05,416,0,168,206
29575,84725,542,496,46,433,63,3.12,3.35,496,0,257,176
29576,84726,525,382,143,264,118,1.84,1.76,382,18,93,171
29577,84728,20,20,0,6,14,3.00,2.21,20,0,0,6
29578,84729,201,125,76,118,7,3.45,-,125,14,38,80
29579,84730,246,230,16,212,18,2.78,2.11,230,0,91,121
29580,84731,9,9,0,9,0,-,-,9,0,9,0
29581,84732,42,18,24,18,0,3.11,-,18,0,11,7
29582,84733,151,151,0,136,15,1.50,3.53,151,0,63,73
29583,84734,173,137,36,66,71,2.11,2.41,137,13,21,45
29584,84735,294,49,245,38,11,2.74,5.09,49,0,17,21
29585,84736,122,99,23,83,16,3.08,3.06,99,0,38,45
29586,84737,8400,7255,1145,5027,2228,2.84,2.54,7255,214,3389,1638
29587,84738,4080,3713,367,3011,702,2.44,2.24,3713,66,2090,921
29588,84739,231,183,48,124,59,3.89,2.97,183,0,80,44
29589,84740,129,87,42,82,5,3.15,8.60,87,0,21,61
29590,84741,3076,2538,538,1941,597,2.38,2.02,2538,60,1144,797
29591,84742,147,137,10,121,16,2.43,2.25,137,0,53,68
29592,84743,113,85,28,78,7,3.33,2.86,85,0,68,10
29593,84744,203,78,125,55,23,2.53,4.22,78,0,11,44
29594,84745,1544,1428,116,1055,373,3.01,2.98,1428,123,662,393
29595,84746,560,438,122,395,43,2.72,2.58,438,0,200,195
29596,84747,565,389,176,246,143,2.70,2.57,389,0,136,110
29597,84749,120,86,34,86,0,2.60,-,86,0,47,39
29598,84750,337,190,147,162,28,3.26,1.64,190,26,51,111
29599,84751,738,592,146,494,98,3.96,5.18,592,9,369,125
29600,84752,341,283,58,244,39,3.66,3.67,283,0,169,75
29601,84753,0,0,0,0,0,-,-,0,0,0,0
29602,84754,1658,1437,221,1305,132,2.86,2.20,1437,32,813,492
29603,84755,77,10,67,10,0,3.10,-,10,0,4,6
29604,84756,126,113,13,81,32,2.46,2.25,113,0,20,61
29605,84757,639,586,53,511,75,2.08,2.67,586,6,301,210
29606,84758,273,176,97,158,18,2.96,3.78,176,6,78,80
29607,84759,1294,672,622,575,97,3.14,3.10,672,11,326,249
29608,84760,438,333,105,292,41,2.99,2.68,333,8,180,112
29609,84761,1414,1086,328,697,389,3.01,2.06,1086,16,344,353
29610,84762,2278,63,2215,36,27,2.08,-,63,0,0,36
29611,84763,181,120,61,94,26,1.66,1.65,120,0,36,58
29612,84764,182,89,93,12,77,3.42,1.88,89,5,12,0
29613,84765,2669,2343,326,1768,575,3.24,3.41,2343,17,1138,630
29614,84766,111,66,45,47,19,2.98,4.84,66,0,47,0
29615,84767,353,227,126,170,57,2.54,1.58,227,3,91,79
29616,84770,20107,16188,3919,9319,6869,2.75,2.70,16188,895,5385,3934
29617,84772,97,97,0,44,53,3.11,1.96,97,32,21,23
29618,84773,176,78,98,52,26,1.50,3.15,78,0,8,44
29619,84774,613,506,107,478,28,3.60,2.64,506,0,305,173
29620,84775,416,195,221,155,40,1.81,2.40,195,6,98,57
29621,84776,277,187,90,163,24,2.37,3.17,187,6,52,111
29622,84779,633,264,369,235,29,2.85,2.45,264,2,155,80
29623,84780,11006,9155,1851,6386,2769,2.97,3.17,9155,224,4020,2366
29624,84781,591,116,475,104,12,2.78,5.17,116,0,47,57
29625,84782,265,235,30,187,48,1.90,2.38,235,0,101,86
29626,84783,480,444,36,367,77,2.39,2.16,444,0,233,134
29627,84784,250,168,82,83,85,5.40,7.31,168,7,80,3
29628,84790,19091,17191,1900,12670,4521,2.83,3.21,17191,604,7616,5054
29629,85003,5030,4282,748,1443,2839,1.96,1.65,4282,529,910,533
29630,85004,5300,4052,1248,931,3121,1.88,1.63,4052,690,588,343
29631,85006,10572,9286,1286,3411,5875,2.98,2.40,9286,1254,2287,1124
29632,85007,6046,5333,713,2101,3232,2.73,2.46,5333,883,1506,595
29633,85008,24296,22582,1714,6467,16115,2.89,2.51,22582,2181,4108,2359
29634,85009,15116,14167,949,6915,7252,3.51,3.18,14167,1594,3019,3896
29635,85012,4728,4183,545,1820,2363,2.31,1.45,4183,286,1031,789
29636,85013,10942,10003,939,4463,5540,2.30,1.74,10003,870,3265,1198
29637,85014,14545,12757,1788,4753,8004,2.33,1.86,12757,1274,3719,1034
29638,85015,17553,15938,1615,5484,10454,2.41,2.71,15938,2741,3529,1955
29639,85016,21264,18082,3182,8943,9139,2.15,1.84,18082,1352,5547,3396
29640,85017,12892,11948,944,5353,6595,3.48,3.16,11948,1660,2904,2449
29641,85018,18981,16966,2015,9208,7758,2.46,1.90,16966,1602,6503,2705
29642,85019,8384,7898,486,4040,3858,3.76,3.59,7898,643,2467,1573
29643,85020,17867,16169,1698,8538,7631,2.04,2.08,16169,1327,5327,3211
29644,85021,17809,16273,1536,6386,9887,2.55,2.28,16273,2673,4397,1989
29645,85022,24114,23116,998,11888,11228,2.31,2.02,23116,1039,7938,3950
29646,85023,14395,13599,796,8001,5598,2.70,2.19,13599,898,4921,3080
29647,85024,10599,10054,545,6508,3546,2.62,2.23,10054,201,4887,1621
29648,85026,0,0,0,0,0,-,-,0,0,0,0
29649,85027,16956,16102,854,8676,7426,2.45,2.26,16102,664,6200,2476
29650,85028,8241,7557,684,6412,1145,2.46,2.02,7557,172,4358,2054
29651,85029,19448,18414,1034,10192,8222,2.66,2.47,18414,1522,7324,2868
29652,85031,8994,8495,499,5102,3393,4.21,3.51,8495,803,3273,1829
29653,85032,29834,28279,1555,16105,12174,2.42,2.43,28279,1426,10620,5485
29654,85033,17107,16404,703,8649,7755,3.87,3.43,16404,803,5897,2752
29655,85034,2647,2331,316,406,1925,2.66,2.04,2331,720,242,164
29656,85035,16147,15445,702,6989,8456,3.79,3.31,15445,971,4819,2170
29657,85037,15634,14939,695,9155,5784,3.43,3.57,14939,527,6730,2425
29658,85040,11556,10761,795,4850,5911,3.16,3.11,10761,1537,3447,1403
29659,85041,19207,17994,1213,13023,4971,3.40,3.64,17994,907,8707,4316
29660,85042,15570,14847,723,9144,5703,3.11,2.88,14847,829,6557,2587
29661,85043,11133,10796,337,7079,3717,3.46,3.88,10796,208,5531,1548
29662,85044,18636,17275,1361,10898,6377,2.40,2.28,17275,460,7811,3087
29663,85045,2869,2609,260,2345,264,2.57,2.38,2609,19,1785,560
29664,85048,13962,13195,767,9269,3926,2.66,2.37,13195,262,7210,2059
29665,85050,12292,11738,554,8913,2825,2.69,2.55,11738,225,6591,2322
29666,85051,16486,15641,845,8397,7244,3.01,2.50,15641,1761,5971,2426
29667,85053,11671,11127,544,6693,4434,2.65,2.51,11127,586,4806,1887
29668,85054,5314,4201,1113,1522,2679,2.34,1.70,4201,281,771,751
29669,85083,6782,6476,306,5985,491,3.00,3.08,6476,82,4815,1170
29670,85085,11268,10265,1003,6253,4012,2.82,2.20,10265,194,5364,889
29671,85086,17027,15500,1527,12941,2559,2.60,3.19,15500,250,9608,3333
29672,85087,3436,3366,70,3166,200,2.53,2.53,3366,20,1981,1185
29673,85118,8324,6303,2021,5834,469,1.98,2.00,6303,56,2913,2921
29674,85119,13451,10377,3074,8123,2254,2.28,2.32,10377,472,3694,4429
29675,85120,17166,13622,3544,11111,2511,2.09,2.26,13622,748,4664,6447
29676,85121,740,640,100,231,409,4.09,2.58,640,159,11,220
29677,85122,22522,19441,3081,12683,6758,2.81,2.79,19441,854,7107,5576
29678,85123,4738,3874,864,2763,1111,2.46,1.98,3874,164,1700,1063
29679,85128,5735,5062,673,3294,1768,3.16,3.54,5062,334,1681,1613
29680,85131,4198,3334,864,2127,1207,2.85,2.87,3334,316,982,1145
29681,85132,10857,8913,1944,7304,1609,2.70,3.43,8913,369,4502,2802
29682,85135,246,141,105,121,20,2.80,1.75,141,31,20,101
29683,85137,1167,908,259,736,172,2.51,3.83,908,29,351,385
29684,85138,16923,14714,2209,12215,2499,3.14,3.33,14714,150,9799,2416
29685,85139,7348,6265,1083,4822,1443,2.85,3.34,6265,237,3515,1307
29686,85140,15893,14790,1103,11972,2818,2.98,3.45,14790,272,9695,2277
29687,85141,166,140,26,114,26,2.28,2.08,140,0,7,107
29688,85142,25401,23923,1478,20568,3355,3.28,3.17,23923,254,17175,3393
29689,85143,15417,12917,2500,10002,2915,2.98,2.98,12917,535,8063,1939
29690,85145,1153,1124,29,1007,117,2.94,3.79,1124,0,662,345
29691,85147,1298,1237,61,706,531,3.28,2.93,1237,285,70,636
29692,85172,637,618,19,299,319,2.94,3.04,618,0,128,171
29693,85173,1517,1284,233,962,322,2.11,2.00,1284,122,414,548
29694,85191,45,45,0,45,0,2.40,-,45,0,45,0
29695,85192,1096,956,140,849,107,2.29,2.78,956,31,192,657
29696,85193,1734,1489,245,1143,346,3.68,3.15,1489,40,401,742
29697,85194,3743,2966,777,2639,327,2.26,3.60,2966,42,1311,1328
29698,85201,23238,21388,1850,7470,13918,2.65,2.38,21388,2644,4726,2744
29699,85202,17736,16480,1256,7889,8591,2.42,2.27,16480,1190,5908,1981
29700,85203,13917,13093,824,7319,5774,3.18,2.64,13093,750,5101,2218
29701,85204,24582,23207,1375,13247,9960,2.95,2.82,23207,1205,8903,4344
29702,85205,23376,18992,4384,13373,5619,2.31,2.33,18992,831,7780,5593
29703,85206,18822,15656,3166,9858,5798,2.15,2.29,15656,1145,5026,4832
29704,85207,21921,18678,3243,15054,3624,2.64,2.69,18678,611,9808,5246
29705,85208,18599,14686,3913,11518,3168,2.35,3.01,14686,625,6224,5294
29706,85209,21641,17164,4477,12779,4385,2.30,2.36,17164,548,7287,5492
29707,85210,16585,15326,1259,6688,8638,2.54,2.63,15326,1068,4820,1868
29708,85212,14360,13299,1061,11032,2267,3.23,3.23,13299,99,9258,1774
29709,85213,15413,13172,2241,10598,2574,2.80,2.87,13172,373,6712,3886
29710,85215,8986,7409,1577,5859,1550,2.15,2.13,7409,340,3125,2734
29711,85224,21556,20077,1479,10555,9522,2.52,2.33,20077,783,7650,2905
29712,85225,28773,27448,1325,16560,10888,2.64,2.69,27448,1295,12091,4469
29713,85226,16808,16284,524,9898,6386,2.67,2.42,16284,410,7346,2552
29714,85233,15079,14552,527,10154,4398,2.65,2.42,14552,220,7865,2289
29715,85234,17864,17100,764,12310,4790,3.01,2.75,17100,353,9240,3070
29716,85236,0,0,0,0,0,-,-,0,0,0,0
29717,85248,19679,17310,2369,13419,3891,2.15,1.89,17310,854,7854,5565
29718,85249,16588,15533,1055,13973,1560,2.83,2.74,15533,217,10443,3530
29719,85250,9753,8212,1541,6137,2075,1.95,1.90,8212,161,3912,2225
29720,85251,25877,21337,4540,9906,11431,1.94,1.77,21337,1123,6242,3664
29721,85253,8922,7462,1460,6267,1195,2.39,1.79,7462,94,3804,2463
29722,85254,20599,18581,2018,13169,5412,2.45,2.17,18581,627,9560,3609
29723,85255,21973,17959,4014,13303,4656,2.45,1.98,17959,487,8693,4610
29724,85256,1532,1380,152,1076,304,3.61,3.68,1380,121,233,843
29725,85257,15922,14674,1248,9208,5466,2.10,2.02,14674,733,5167,4041
29726,85258,15148,12331,2817,8895,3436,2.08,1.98,12331,381,5341,3554
29727,85259,10825,9650,1175,7298,2352,2.49,1.77,9650,424,4694,2604
29728,85260,20368,17996,2372,11032,6964,2.27,1.85,17996,736,8107,2925
29729,85262,8369,6010,2359,5703,307,2.07,2.97,6010,66,3264,2439
29730,85263,2337,1674,663,1595,79,1.84,1.85,1674,49,799,796
29731,85264,388,370,18,334,36,3.77,3.19,370,28,162,172
29732,85266,6507,5247,1260,5079,168,2.34,1.43,5247,45,3092,1987
29733,85268,13545,11048,2497,9080,1968,2.20,1.92,11048,183,5456,3624
29734,85281,30031,26312,3719,5398,20914,2.15,2.16,26312,3619,2997,2401
29735,85282,24835,23101,1734,10228,12873,2.23,2.24,23101,1747,6358,3870
29736,85283,20238,19006,1232,8719,10287,2.49,2.34,19006,959,5736,2983
29737,85284,7379,7070,309,5756,1314,2.63,2.96,7070,53,3759,1997
29738,85286,16857,16256,601,11368,4888,3.09,2.35,16256,319,8956,2412
29739,85295,18211,17654,557,11770,5884,3.24,2.32,17654,421,9747,2023
29740,85296,17160,16227,933,11987,4240,3.14,2.69,16227,240,9625,2362
29741,85297,10667,10276,391,8054,2222,3.47,2.88,10276,167,6884,1170
29742,85298,14065,13223,842,12223,1000,3.04,3.71,13223,128,9558,2665
29743,85301,23943,22028,1915,8261,13767,3.39,2.86,22028,3058,4631,3630
29744,85302,15345,14502,843,7255,7247,3.10,2.46,14502,1485,4716,2539
29745,85303,10352,10001,351,5871,4130,3.33,3.61,10001,321,4145,1726
29746,85304,10053,9494,559,7360,2134,3.02,2.47,9494,537,5036,2324
29747,85305,5135,4631,504,2912,1719,3.45,2.57,4631,123,2152,760
29748,85306,9771,8985,786,5498,3487,2.73,2.31,8985,613,4135,1363
29749,85307,4236,4005,231,1800,2205,3.04,2.80,4005,365,1091,709
29750,85308,25818,24944,874,18108,6836,2.58,2.37,24944,605,12982,5126
29751,85309,0,0,0,0,0,-,-,0,0,0,0
29752,85310,6946,6758,188,5697,1061,2.80,3.39,6758,147,4435,1262
29753,85320,382,249,133,201,48,2.62,4.10,249,0,49,152
29754,85321,2357,1607,750,1157,450,2.37,2.20,1607,250,433,724
29755,85322,245,186,59,177,9,2.21,4.89,186,0,95,82
29756,85323,14161,13468,693,8032,5436,3.30,3.29,13468,1108,6108,1924
29757,85324,1532,1233,299,1072,161,1.99,2.14,1233,10,541,531
29758,85325,860,655,205,630,25,1.85,2.00,655,21,146,484
29759,85326,21310,19376,1934,15337,4039,3.35,3.53,19376,566,11686,3651
29760,85328,186,117,69,117,0,1.21,-,117,14,0,117
29761,85329,823,809,14,573,236,3.71,2.94,809,170,285,288
29762,85331,13187,12124,1063,11125,999,2.53,2.43,12124,160,7959,3166
29763,85332,1013,810,203,677,133,1.98,3.14,810,0,230,447
29764,85333,429,236,193,143,93,2.02,2.28,236,9,48,95
29765,85334,849,558,291,301,257,1.79,1.64,558,33,162,139
29766,85335,12012,11300,712,7541,3759,2.92,3.55,11300,320,5026,2515
29767,85336,3214,3085,129,1531,1554,3.54,3.15,3085,349,1113,418
29768,85337,900,799,101,415,384,2.60,3.51,799,101,132,283
29769,85338,20782,19110,1672,14660,4450,2.96,3.14,19110,290,11690,2970
29770,85339,14985,14482,503,11113,3369,3.41,3.65,14482,363,8549,2564
29771,85340,12078,11398,680,9019,2379,3.12,3.13,11398,159,6783,2236
29772,85341,39,16,23,0,16,-,2.56,16,0,0,0
29773,85342,1001,854,147,733,121,2.09,1.84,854,27,407,326
29774,85343,30,30,0,30,0,3.03,-,30,0,22,8
29775,85344,6523,4304,2219,2826,1478,2.14,2.14,4304,144,918,1908
29776,85345,23822,22323,1499,14673,7650,2.65,2.66,22323,938,9794,4879
29777,85346,2776,1341,1435,906,435,1.52,2.09,1341,108,470,436
29778,85347,258,180,78,44,136,2.34,3.68,180,0,4,40
29779,85348,2086,1261,825,1182,79,1.73,1.41,1261,54,103,1079
29780,85349,6278,6027,251,4279,1748,4.01,3.25,6027,340,3188,1091
29781,85350,6130,5730,400,4093,1637,3.33,3.16,5730,337,2711,1382
29782,85351,20777,17400,3377,14651,2749,1.62,1.56,17400,849,6564,8087
29783,85352,267,156,111,90,66,2.17,3.21,156,0,0,90
29784,85353,11670,11274,396,7574,3700,3.75,3.68,11274,373,5798,1776
29785,85354,2801,2432,369,2110,322,2.95,3.51,2432,8,1373,737
29786,85355,4099,3983,116,3713,270,3.16,3.65,3983,54,3046,667
29787,85356,2735,1896,839,1530,366,2.15,2.55,1896,104,553,977
29788,85357,375,311,64,239,72,1.54,-,311,0,109,130
29789,85360,113,36,77,36,0,1.58,-,36,0,7,29
29790,85361,2584,2319,265,2070,249,3.12,2.04,2319,17,1585,485
29791,85362,635,437,198,290,147,1.39,2.05,437,41,95,195
29792,85363,2775,2588,187,1249,1339,2.95,2.27,2588,313,930,319
29793,85364,31170,26634,4536,15656,10978,2.77,2.52,26634,1949,9307,6349
29794,85365,25426,18889,6537,14101,4788,2.47,2.68,18889,660,7066,7035
29795,85367,15839,9894,5945,8276,1618,1.99,2.39,9894,198,3508,4768
29796,85371,142,131,11,29,102,2.07,1.86,131,45,0,29
29797,85373,10595,9223,1372,8018,1205,2.20,2.11,9223,410,4295,3723
29798,85374,22194,18619,3575,14243,4376,2.08,2.38,18619,820,7694,6549
29799,85375,19341,15811,3530,13993,1818,1.68,1.43,15811,856,6149,7844
29800,85377,2464,1797,667,1603,194,2.03,1.30,1797,0,813,790
29801,85378,4803,4018,785,2265,1753,2.22,2.54,4018,195,977,1288
29802,85379,15726,14871,855,10921,3950,3.11,3.55,14871,305,9326,1595
29803,85381,11279,10433,846,6844,3589,2.75,2.02,10433,652,4980,1864
29804,85382,19228,17240,1988,11902,5338,2.48,2.18,17240,1083,8104,3798
29805,85383,23095,21972,1123,20210,1762,3.01,3.25,21972,101,15192,5018
29806,85387,6690,6181,509,5731,450,2.33,2.65,6181,84,3738,1993
29807,85388,10590,10011,579,8118,1893,3.25,3.63,10011,66,7024,1094
29808,85390,5342,4424,918,3573,851,2.00,2.33,4424,372,1687,1886
29809,85392,13955,13267,688,8096,5171,3.15,2.57,13267,331,6440,1656
29810,85395,14204,12412,1792,10114,2298,2.65,2.38,12412,292,7054,3060
29811,85396,12123,10599,1524,9818,781,3.01,3.64,10599,379,7457,2361
29812,85501,6293,5181,1112,3746,1435,2.49,2.07,5181,335,1811,1935
29813,85530,545,464,81,416,48,2.94,6.08,464,99,73,343
29814,85531,255,243,12,67,176,2.99,1.33,243,0,28,39
29815,85532,111,111,0,98,13,3.05,-,111,0,43,55
29816,85533,1583,1132,451,963,169,2.16,5.01,1132,41,408,555
29817,85534,1252,931,321,750,181,2.87,2.92,931,8,279,471
29818,85535,0,0,0,0,0,-,-,0,0,0,0
29819,85536,233,160,73,128,32,2.55,1.75,160,7,74,54
29820,85539,1819,1207,612,846,361,2.33,2.49,1207,89,264,582
29821,85540,1499,1158,341,0,1158,-,3.27,1158,0,0,0
29822,85541,15688,10712,4976,8618,2094,2.09,2.12,10712,390,4136,4482
29823,85542,824,746,78,310,436,5.72,4.80,746,92,13,297
29824,85543,1699,1435,264,1029,406,2.84,2.82,1435,64,508,521
29825,85544,3548,1419,2129,1211,208,1.87,1.77,1419,43,551,660
29826,85545,530,377,153,280,97,1.69,1.66,377,44,27,253
29827,85546,7380,6231,1149,4689,1542,2.95,2.56,6231,264,2977,1712
29828,85550,1455,1300,155,709,591,3.83,4.57,1300,260,162,547
29829,85551,156,131,25,103,28,4.16,2.43,131,10,24,79
29830,85552,2332,2069,263,1451,618,3.21,2.71,2069,7,1017,434
29831,85553,1282,883,399,741,142,1.76,1.49,883,97,193,548
29832,85554,649,276,373,222,54,1.44,1.69,276,14,99,123
29833,85601,425,330,95,276,54,1.67,-,330,18,43,233
29834,85602,5121,4131,990,3152,979,2.32,2.27,4131,322,1463,1689
29835,85603,4218,3229,989,2348,881,1.98,1.81,3229,142,1150,1198
29836,85605,288,228,60,147,81,2.42,3.42,228,28,39,108
29837,85606,584,361,223,290,71,2.35,2.30,361,8,118,172
29838,85607,6690,5519,1171,3717,1802,3.07,3.02,5519,504,1854,1863
29839,85608,0,0,0,0,0,-,-,0,0,0,0
29840,85609,233,195,38,195,0,2.10,-,195,0,86,109
29841,85610,622,311,311,276,35,2.42,3.06,311,26,93,183
29842,85611,753,586,167,552,34,2.34,3.88,586,0,267,285
29843,85613,997,882,115,0,882,-,3.59,882,7,0,0
29844,85614,16671,13132,3539,10788,2344,1.77,1.83,13132,535,5186,5602
29845,85615,4074,3781,293,3423,358,2.37,2.45,3781,0,1876,1547
29846,85616,2526,2271,255,1505,766,2.37,2.15,2271,130,824,681
29847,85617,718,554,164,435,119,2.07,1.77,554,55,166,269
29848,85618,785,541,244,419,122,2.68,2.64,541,37,154,265
29849,85619,349,17,332,17,0,1.53,-,17,0,9,8
29850,85620,387,334,53,281,53,2.59,4.02,334,10,107,174
29851,85621,8446,7482,964,3797,3685,3.00,2.72,7482,835,1839,1958
29852,85622,4746,3576,1170,3254,322,1.69,2.11,3576,86,1283,1971
29853,85623,2739,2304,435,2030,274,2.00,3.14,2304,46,1034,996
29854,85624,1024,672,352,362,310,1.81,2.11,672,16,132,230
29855,85625,1408,969,439,853,116,1.87,2.32,969,21,336,517
29856,85626,460,353,107,302,51,4.05,-,353,28,123,179
29857,85627,206,179,27,178,1,2.48,14.00,179,0,99,79
29858,85629,9824,9152,672,7690,1462,3.12,3.64,9152,148,5892,1798
29859,85630,1251,876,375,665,211,2.19,1.69,876,35,346,319
29860,85631,1706,1609,97,1259,350,2.02,2.76,1609,25,589,670
29861,85632,673,384,289,316,68,2.04,2.06,384,14,78,238
29862,85633,30,12,18,0,12,-,1.25,12,0,0,0
29863,85634,2244,1650,594,966,684,3.75,3.60,1650,445,136,830
29864,85635,17339,15395,1944,9204,6191,2.37,2.11,15395,976,5548,3656
29865,85637,589,464,125,416,48,2.46,1.98,464,0,190,226
29866,85638,1114,793,321,586,207,2.04,2.28,793,38,291,295
29867,85639,152,104,48,62,42,2.26,6.79,104,63,12,50
29868,85640,127,43,84,43,0,2.00,-,43,0,21,22
29869,85641,10441,9993,448,9311,682,2.97,3.61,9993,67,7282,2029
29870,85643,4070,3087,983,2150,937,2.64,2.37,3087,150,983,1167
29871,85645,651,627,24,571,56,2.51,2.98,627,37,247,324
29872,85646,1101,660,441,569,91,2.01,1.46,660,0,321,248
29873,85648,6908,6669,239,5463,1206,3.14,3.17,6669,108,4131,1332
29874,85650,6457,5929,528,4933,996,2.39,2.65,5929,419,3083,1850
29875,85653,7121,6626,495,5462,1164,2.95,2.74,6626,155,3726,1736
29876,85654,23,0,23,0,0,-,-,0,0,0,0
29877,85658,7500,6457,1043,5704,753,2.38,2.57,6457,46,4045,1659
29878,85701,3539,2939,600,776,2163,1.93,1.71,2939,482,462,314
29879,85704,17557,15821,1736,9024,6797,2.27,1.98,15821,1086,4938,4086
29880,85705,28332,24779,3553,11674,13105,2.33,2.11,24779,3689,4825,6849
29881,85706,19751,18211,1540,10320,7891,3.16,3.18,18211,1723,5699,4621
29882,85707,0,0,0,0,0,-,-,0,0,0,0
29883,85708,1351,1309,42,10,1299,1.90,2.99,1309,9,0,10
29884,85709,0,0,0,0,0,-,-,0,0,0,0
29885,85710,27583,24664,2919,13595,11069,2.22,1.97,24664,2627,8243,5352
29886,85711,19425,17570,1855,8563,9007,2.38,2.28,17570,2757,5651,2912
29887,85712,18212,16437,1775,6435,10002,1.95,1.74,16437,2465,3795,2640
29888,85713,19212,16496,2716,10378,6118,2.62,2.67,16496,1881,5998,4380
29889,85714,6182,5561,621,2927,2634,2.84,2.73,5561,728,1785,1142
29890,85715,9394,8581,813,5748,2833,2.21,2.03,8581,332,3870,1878
29891,85716,18590,15729,2861,6353,9376,2.19,1.81,15729,1782,3836,2517
29892,85718,14965,12747,2218,8379,4368,2.26,1.65,12747,460,4564,3815
29893,85719,21035,18548,2487,5289,13259,2.02,2.07,18548,2306,2666,2623
29894,85721,0,0,0,0,0,-,-,0,0,0,0
29895,85723,0,0,0,0,0,-,-,0,0,0,0
29896,85724,0,0,0,0,0,-,-,0,0,0,0
29897,85726,0,0,0,0,0,-,-,0,0,0,0
29898,85730,16609,15441,1168,10462,4979,2.53,2.40,15441,1016,7024,3438
29899,85734,0,0,0,0,0,-,-,0,0,0,0
29900,85735,4550,4060,490,3637,423,2.61,3.06,4060,32,2257,1380
29901,85736,2028,1794,234,1529,265,2.34,3.40,1794,105,665,864
29902,85737,10443,9666,777,7392,2274,2.38,2.09,9666,320,4612,2780
29903,85739,9565,8471,1094,7630,841,2.02,2.16,8471,186,3974,3656
29904,85741,14812,14053,759,8442,5611,2.52,2.23,14053,572,5822,2620
29905,85742,12119,11516,603,8832,2684,2.53,2.42,11516,399,6306,2526
29906,85743,12510,11768,742,10016,1752,2.60,2.58,11768,340,6186,3830
29907,85745,17786,16314,1472,10244,6070,2.28,2.25,16314,1425,6355,3889
29908,85746,17125,15645,1480,10893,4752,2.96,2.97,15645,763,7336,3557
29909,85747,9381,8791,590,7026,1765,2.96,3.00,8791,117,5461,1565
29910,85748,8518,8082,436,6005,2077,2.51,2.25,8082,51,4241,1764
29911,85749,8350,7663,687,6481,1182,2.46,1.83,7663,94,3946,2535
29912,85750,13388,11659,1729,8684,2975,2.20,1.75,11659,438,4777,3907
29913,85755,9210,7731,1479,6865,866,2.27,1.90,7731,120,3820,3045
29914,85756,12467,11200,1267,8869,2331,2.93,3.46,11200,324,5489,3380
29915,85757,6837,6448,389,5213,1235,3.07,3.52,6448,322,3560,1653
29916,85901,11946,7494,4452,5502,1992,2.50,2.52,7494,136,2647,2855
29917,85902,0,0,0,0,0,-,-,0,0,0,0
29918,85911,362,333,29,172,161,3.79,4.82,333,69,60,112
29919,85912,98,98,0,98,0,1.64,-,98,0,48,50
29920,85920,949,293,656,255,38,2.00,1.34,293,0,111,144
29921,85922,76,44,32,44,0,1.36,-,44,0,0,44
29922,85923,282,229,53,208,21,2.06,-,229,0,54,154
29923,85924,1545,892,653,856,36,2.12,-,892,41,286,570
29924,85925,2007,1447,560,1204,243,3.19,2.59,1447,64,846,358
29925,85926,261,251,10,66,185,4.27,3.08,251,68,8,58
29926,85927,580,39,541,39,0,3.21,-,39,0,0,39
29927,85928,509,211,298,133,78,2.69,2.65,211,9,72,61
29928,85929,5312,3226,2086,2402,824,2.39,1.93,3226,184,1043,1359
29929,85930,425,306,119,161,145,6.20,3.64,306,45,102,59
29930,85931,1087,96,991,87,9,2.05,4.67,96,0,15,72
29931,85932,482,181,301,181,0,3.51,-,181,0,57,124
29932,85933,4792,1373,3419,1075,298,1.96,2.68,1373,9,513,562
29933,85934,470,236,234,201,35,2.24,-,236,0,140,61
29934,85935,6028,2003,4025,1676,327,2.28,1.84,2003,87,686,990
29935,85936,1504,928,576,798,130,3.53,5.17,928,61,430,368
29936,85937,3127,2786,341,2299,487,3.26,3.12,2786,72,1363,936
29937,85938,1261,873,388,629,244,2.71,2.69,873,40,333,296
29938,85939,1654,1445,209,1199,246,2.92,1.93,1445,20,591,608
29939,85940,757,477,280,416,61,2.81,4.93,477,30,211,205
29940,85941,3019,2739,280,1620,1119,3.68,4.09,2739,646,164,1456
29941,85942,0,0,0,0,0,-,-,0,0,0,0
29942,86001,14165,12703,1462,4848,7855,2.46,2.19,12703,768,2934,1914
29943,86003,35,29,6,22,7,2.68,1.86,29,3,7,15
29944,86004,16661,13863,2798,8907,4956,2.65,2.53,13863,412,6021,2886
29945,86005,8757,6607,2150,3926,2681,2.59,2.14,6607,167,2522,1404
29946,86011,33,33,0,2,31,2.50,2.03,33,20,0,2
29947,86015,648,545,103,470,75,2.08,1.83,545,0,442,28
29948,86016,31,19,12,19,0,2.21,-,19,12,0,19
29949,86017,3147,493,2654,479,14,1.57,1.86,493,0,227,252
29950,86018,881,333,548,269,64,2.31,2.33,333,13,131,138
29951,86020,834,635,199,570,65,3.60,3.54,635,77,37,533
29952,86021,849,708,141,352,356,5.36,6.47,708,0,161,191
29953,86022,1004,752,252,569,183,2.66,2.87,752,1,217,352
29954,86023,819,453,366,112,341,4.95,1.64,453,86,78,34
29955,86024,2057,485,1572,462,23,2.09,1.61,485,23,226,236
29956,86025,1948,1686,262,1076,610,2.84,2.69,1686,98,446,630
29957,86028,15,15,0,15,0,2.60,-,15,0,15,0
29958,86029,173,27,146,27,0,2.22,-,27,0,17,10
29959,86030,445,278,167,230,48,3.40,3.02,278,44,8,222
29960,86031,838,646,192,480,166,2.53,3.57,646,114,19,461
29961,86032,661,578,83,415,163,3.75,3.33,578,4,232,183
29962,86033,3371,2584,787,1462,1122,3.11,3.17,2584,198,120,1342
29963,86034,879,535,344,343,192,2.60,2.96,535,85,7,336
29964,86035,671,572,99,444,128,3.41,3.23,572,80,38,406
29965,86036,148,88,60,57,31,3.32,-,88,3,3,54
29966,86038,482,39,443,39,0,1.87,-,39,0,9,30
29967,86039,766,537,229,499,38,2.77,5.50,537,116,83,416
29968,86040,4539,3777,762,2391,1386,2.83,2.81,3777,225,895,1496
29969,86042,763,628,135,329,299,4.32,2.63,628,90,52,277
29970,86043,691,589,102,463,126,4.70,3.44,589,96,19,444
29971,86044,1485,1120,365,848,272,2.95,2.39,1120,341,55,793
29972,86045,3925,3300,625,1971,1329,3.94,2.97,3300,266,170,1801
29973,86046,3325,2438,887,1787,651,2.37,2.43,2438,122,881,906
29974,86047,4920,4118,802,2385,1733,3.08,3.06,4118,470,803,1582
29975,86052,8,0,8,0,0,-,-,0,0,0,0
29976,86053,833,716,117,618,98,3.50,3.44,716,110,124,494
29977,86054,869,578,291,409,169,2.99,2.41,578,132,26,383
29978,86301,12877,11194,1683,7962,3232,2.07,2.20,11194,677,4518,3444
29979,86303,11851,9352,2499,6381,2971,2.01,1.84,9352,599,3300,3081
29980,86305,10062,8549,1513,6899,1650,2.12,2.14,8549,293,3510,3389
29981,86313,0,0,0,0,0,-,-,0,0,0,0
29982,86314,16525,15876,649,10156,5720,2.45,2.45,15876,393,6292,3864
29983,86315,4096,3689,407,3259,430,2.31,3.66,3689,0,2314,945
29984,86320,1589,1240,349,1144,96,2.40,2.39,1240,24,400,744
29985,86321,1034,878,156,108,770,2.62,3.20,878,20,4,104
29986,86322,4676,4308,368,3304,1004,2.69,2.86,4308,152,1438,1866
29987,86323,9118,8248,870,6730,1518,2.27,2.37,8248,248,3994,2736
29988,86324,2509,2375,134,1751,624,1.92,1.69,2375,28,752,999
29989,86325,3015,2502,513,1861,641,2.30,2.03,2502,46,1172,689
29990,86326,11979,11417,562,7054,4363,2.27,1.98,11417,907,4209,2845
29991,86327,5594,4726,868,4227,499,2.10,2.02,4726,20,2286,1941
29992,86329,575,454,121,373,81,3.49,3.01,454,13,289,84
29993,86331,299,226,73,144,82,2.28,1.43,226,10,63,81
29994,86332,1303,1030,273,919,111,1.86,2.77,1030,18,520,399
29995,86333,3213,2635,578,2036,599,2.36,1.76,2635,80,891,1145
29996,86334,2040,1773,267,1239,534,2.08,3.41,1773,72,783,456
29997,86335,2774,2462,312,1463,999,1.99,1.66,2462,120,881,582
29998,86336,7591,5647,1944,4169,1478,1.93,1.91,5647,152,2105,2064
29999,86337,1218,747,471,613,134,2.15,2.05,747,14,225,388
30000,86338,347,261,86,175,86,2.01,1.99,261,8,70,105
30001,86343,222,61,161,37,24,2.22,1.96,61,4,20,17
30002,86351,4475,3407,1068,2245,1162,1.84,1.80,3407,131,1114,1131
30003,86401,12965,11657,1308,8139,3518,2.32,2.32,11657,685,5182,2957
30004,86403,11330,8197,3133,5166,3031,2.24,2.12,8197,533,2635,2531
30005,86404,10758,8365,2393,6813,1552,2.07,2.49,8365,323,4150,2663
30006,86406,14292,11683,2609,9001,2682,2.11,1.82,11683,278,5599,3402
30007,86409,14096,12832,1264,8848,3984,2.29,2.20,12832,822,4298,4550
30008,86411,264,202,62,188,14,2.52,3.14,202,0,138,50
30009,86413,5801,4914,887,4306,608,2.00,2.11,4914,78,2336,1970
30010,86426,7685,6588,1097,5292,1296,2.38,2.34,6588,139,3421,1871
30011,86429,5427,3968,1459,2589,1379,2.19,1.96,3968,207,1302,1287
30012,86431,258,189,69,107,82,1.52,1.62,189,44,22,85
30013,86432,2533,1852,681,1330,522,2.07,2.39,1852,0,124,1206
30014,86433,26,26,0,26,0,1.65,-,26,0,0,26
30015,86434,638,518,120,268,250,2.61,3.87,518,58,53,215
30016,86435,1,0,1,0,0,-,-,0,0,0,0
30017,86436,1678,763,915,429,334,1.45,1.40,763,52,228,201
30018,86437,29,23,6,18,5,2.83,10.20,23,0,8,10
30019,86438,640,338,302,324,14,2.00,-,338,0,111,213
30020,86440,4721,3255,1466,2584,671,2.46,2.63,3255,129,1362,1222
30021,86441,1481,924,557,825,99,2.01,1.58,924,32,275,550
30022,86442,19233,14982,4251,9106,5876,2.11,2.40,14982,894,4446,4660
30023,86443,135,0,135,0,0,-,-,0,0,0,0
30024,86444,1409,786,623,721,65,2.01,-,786,52,100,621
30025,86445,218,129,89,129,0,1.96,-,129,0,58,71
30026,86502,469,300,169,285,15,2.95,5.20,300,73,12,273
30027,86503,3773,3005,768,2248,757,2.86,3.39,3005,360,107,2141
30028,86504,2166,1599,567,1163,436,4.09,3.65,1599,223,81,1082
30029,86505,2869,1963,906,1656,307,3.84,3.69,1963,493,71,1585
30030,86506,614,422,192,405,17,3.43,2.88,422,86,25,380
30031,86507,945,576,369,530,46,3.58,2.30,576,112,15,515
30032,86508,261,182,79,171,11,2.92,1.45,182,48,4,167
30033,86510,1884,1323,561,1056,267,2.72,2.57,1323,212,47,1009
30034,86511,1597,951,646,890,61,3.85,2.98,951,160,85,805
30035,86512,838,714,124,485,229,3.84,2.85,714,125,12,473
30036,86514,1322,873,449,632,241,3.72,4.09,873,75,56,576
30037,86515,1470,994,476,580,414,2.94,3.17,994,111,53,527
30038,86520,1036,706,330,646,60,3.13,4.08,706,242,49,597
30039,86535,445,343,102,337,6,4.20,1.83,343,75,6,331
30040,86538,690,554,136,401,153,2.85,2.22,554,77,0,401
30041,86540,372,228,144,180,48,4.29,5.56,228,42,13,167
30042,86544,545,356,189,312,44,3.74,4.80,356,35,14,298
30043,86545,417,340,77,299,41,3.85,2.83,340,51,8,291
30044,86547,332,266,66,243,23,3.86,4.39,266,37,10,233
30045,86556,832,560,272,370,190,4.35,3.93,560,160,10,360
30046,87001,1185,1061,124,724,337,4.09,2.65,1061,89,228,496
30047,87002,9055,7501,1554,5801,1700,2.77,2.58,7501,254,2695,3106
30048,87004,5071,4693,378,3504,1189,2.47,2.40,4693,217,1536,1968
30049,87005,190,67,123,67,0,1.43,-,67,17,50,17
30050,87006,452,305,147,281,24,5.20,2.75,305,5,150,131
30051,87007,489,309,180,187,122,3.53,5.52,309,52,25,162
30052,87008,1369,1157,212,1048,109,1.90,3.58,1157,26,773,275
30053,87010,838,615,223,371,244,1.76,1.44,615,0,127,244
30054,87011,6,0,6,0,0,-,-,0,0,0,0
30055,87012,294,190,104,136,54,1.90,3.28,190,0,12,124
30056,87013,2135,1557,578,1160,397,3.52,3.92,1557,126,140,1020
30057,87014,321,259,62,223,36,1.84,2.47,259,0,0,223
30058,87015,6363,5929,434,5360,569,2.49,2.24,5929,235,3083,2277
30059,87016,1381,1088,293,883,205,2.55,2.25,1088,37,191,692
30060,87017,264,154,110,151,3,4.01,4.33,154,0,31,120
30061,87018,248,196,52,129,67,4.04,6.13,196,15,0,129
30062,87020,4285,3430,855,2268,1162,2.76,3.10,3430,222,1162,1106
30063,87021,1110,917,193,679,238,2.25,5.03,917,7,344,335
30064,87022,331,217,114,211,6,1.96,5.00,217,17,29,182
30065,87023,307,182,125,182,0,2.80,-,182,31,61,121
30066,87024,703,615,88,430,185,4.19,3.81,615,64,11,419
30067,87025,1168,629,539,588,41,1.92,5.15,629,16,332,256
30068,87026,1408,1124,284,902,222,3.75,3.81,1124,136,75,827
30069,87027,208,157,51,73,84,1.93,2.60,157,39,27,46
30070,87028,91,49,42,49,0,1.78,-,49,0,0,49
30071,87029,238,160,78,138,22,1.70,1.18,160,3,29,109
30072,87031,16571,14324,2247,11832,2492,3.10,2.92,14324,418,6474,5358
30073,87032,179,92,87,92,0,-,-,92,0,47,45
30074,87034,1117,705,412,666,39,4.60,4.03,705,59,102,564
30075,87035,3087,2301,786,1872,429,3.05,3.68,2301,103,916,956
30076,87036,929,584,345,507,77,2.91,3.32,584,37,133,374
30077,87037,566,441,125,366,75,4.00,4.11,441,74,25,341
30078,87038,105,73,32,73,0,5.34,-,73,11,6,67
30079,87040,199,146,53,146,0,5.36,-,146,30,0,146
30080,87041,363,319,44,271,48,2.60,2.58,319,2,104,167
30081,87042,1588,1376,212,1175,201,2.46,2.70,1376,0,726,449
30082,87043,2080,1909,171,1733,176,2.00,2.24,1909,13,838,895
30083,87044,134,73,61,73,0,1.64,-,73,0,23,50
30084,87045,743,488,255,448,40,3.82,4.35,488,102,61,387
30085,87046,204,74,130,74,0,2.89,-,74,0,4,70
30086,87047,2224,1897,327,1665,232,2.44,2.11,1897,0,970,695
30087,87048,4046,3673,373,3371,302,2.39,2.16,3673,9,1973,1398
30088,87049,89,68,21,68,0,3.66,-,68,19,49,19
30089,87051,607,424,183,424,0,4.45,-,424,0,0,424
30090,87052,631,548,83,386,162,5.53,3.33,548,36,33,353
30091,87053,418,345,73,241,104,3.78,3.28,345,29,52,189
30092,87056,578,496,82,467,29,2.43,1.69,496,12,253,214
30093,87059,4417,4056,361,3724,332,2.37,2.57,4056,0,2259,1465
30094,87060,0,0,0,0,0,-,-,0,0,0,0
30095,87061,206,132,74,132,0,1.95,-,132,0,30,102
30096,87062,791,538,253,446,92,2.79,4.14,538,4,43,403
30097,87063,156,110,46,80,30,3.88,1.90,110,18,47,33
30098,87064,127,55,72,55,0,1.53,-,55,0,0,55
30099,87068,2044,1904,140,1789,115,2.70,4.37,1904,85,855,934
30100,87070,9,9,0,0,9,-,-,9,0,0,0
30101,87072,243,177,66,154,23,3.56,2.39,177,16,20,134
30102,87083,294,238,56,217,21,1.61,2.38,238,5,104,113
30103,87101,0,0,0,0,0,-,-,0,0,0,0
30104,87102,11279,9798,1481,3373,6425,2.40,1.61,9798,1794,2018,1355
30105,87104,6479,5856,623,3809,2047,2.51,1.91,5856,507,2423,1386
30106,87105,20849,18886,1963,13621,5265,2.86,2.82,18886,1383,7592,6029
30107,87106,13391,11909,1482,5009,6900,2.28,1.87,11909,1218,2811,2198
30108,87107,13557,12334,1223,7801,4533,2.36,1.96,12334,1108,4773,3028
30109,87108,19150,17128,2022,5941,11187,2.20,2.03,17128,3448,3325,2616
30110,87109,20474,18919,1555,9603,9316,2.20,2.02,18919,1676,5501,4102
30111,87110,19408,18135,1273,10939,7196,2.23,2.17,18135,1469,6632,4307
30112,87111,27609,25998,1611,15756,10242,2.33,2.00,25998,1331,9013,6743
30113,87112,19889,18760,1129,11212,7548,2.35,2.02,18760,827,6991,4221
30114,87113,6595,6417,178,4475,1942,2.72,2.40,6417,208,3039,1436
30115,87114,27531,26615,916,18207,8408,2.71,2.41,26615,887,13880,4327
30116,87116,1448,1384,64,54,1330,1.24,2.96,1384,20,0,54
30117,87117,0,0,0,0,0,-,-,0,0,0,0
30118,87120,27040,25860,1180,19962,5898,2.53,2.51,25860,988,15048,4914
30119,87121,26719,25665,1054,18570,7095,3.00,2.77,25665,711,13364,5206
30120,87122,6807,6559,248,5969,590,2.75,2.71,6559,155,3906,2063
30121,87123,19914,18500,1414,12035,6465,2.39,2.36,18500,1733,6988,5047
30122,87124,22494,21614,880,16458,5156,2.66,2.45,21614,699,11507,4951
30123,87144,16962,16204,758,13332,2872,2.92,2.85,16204,236,10241,3091
30124,87151,0,0,0,0,0,-,-,0,0,0,0
30125,87301,7854,7428,426,4097,3331,3.21,2.73,7428,664,2141,1956
30126,87305,817,601,216,567,34,3.53,3.62,601,66,79,488
30127,87310,371,288,83,266,22,3.84,3.05,288,13,12,254
30128,87311,1580,1241,339,991,250,4.13,3.91,1241,136,105,886
30129,87312,197,171,26,136,35,2.49,2.26,171,39,31,105
30130,87313,2016,1614,402,1017,597,3.41,2.91,1614,100,147,870
30131,87315,73,56,17,56,0,2.52,-,56,0,0,56
30132,87316,582,485,97,282,203,4.54,1.72,485,45,40,242
30133,87317,341,329,12,284,45,4.51,-,329,0,185,99
30134,87319,1036,735,301,640,95,3.76,5.08,735,74,137,503
30135,87320,291,193,98,175,18,2.94,3.50,193,17,14,161
30136,87321,1064,725,339,546,179,3.05,1.85,725,22,163,383
30137,87322,188,137,51,134,3,4.27,19.33,137,17,47,87
30138,87323,2040,1388,652,1234,154,3.01,2.87,1388,186,307,927
30139,87325,970,672,298,571,101,3.85,3.66,672,60,44,527
30140,87326,875,591,284,562,29,3.99,4.90,591,121,35,527
30141,87327,2152,1804,348,1509,295,4.77,4.03,1804,338,192,1317
30142,87328,1134,800,334,296,504,3.41,3.63,800,106,19,277
30143,87347,117,117,0,81,36,1.59,3.69,117,0,9,72
30144,87357,546,327,219,175,152,3.01,3.64,327,45,18,157
30145,87364,748,497,251,449,48,3.24,3.85,497,99,36,413
30146,87365,24,22,2,19,3,1.58,-,22,10,0,19
30147,87375,1531,1155,376,1064,91,3.78,4.67,1155,144,133,931
30148,87401,17188,15255,1933,9694,5561,2.99,3.02,15255,1027,5324,4370
30149,87402,3933,3509,424,2654,855,2.78,2.83,3509,65,1586,1068
30150,87410,6766,5838,928,4380,1458,2.68,2.18,5838,196,2113,2267
30151,87412,536,438,98,391,47,3.89,3.85,438,6,200,191
30152,87413,5795,5168,627,3888,1280,2.98,2.73,5168,260,1627,2261
30153,87415,895,825,70,594,231,2.43,2.64,825,18,442,152
30154,87416,1721,1349,372,1087,262,3.08,4.69,1349,103,150,937
30155,87417,1893,1473,420,892,581,3.34,3.44,1473,105,438,454
30156,87418,432,357,75,334,23,2.45,1.83,357,5,196,138
30157,87419,319,161,158,123,38,2.40,3.58,161,0,34,89
30158,87420,4108,3201,907,1936,1265,3.73,3.15,3201,182,254,1682
30159,87421,634,513,121,443,70,3.89,3.67,513,15,144,299
30160,87455,811,520,291,453,67,2.90,3.78,520,98,27,426
30161,87461,792,451,341,429,22,3.27,3.64,451,41,57,372
30162,87499,360,293,67,247,46,3.58,2.87,293,36,0,247
30163,87501,10206,7913,2293,5104,2809,1.95,1.66,7913,288,2574,2530
30164,87505,18131,15273,2858,9449,5824,2.08,1.90,15273,739,5392,4057
30165,87506,8222,6710,1512,5433,1277,2.32,2.25,6710,221,2416,3017
30166,87507,20424,19449,975,13355,6094,2.77,2.39,19449,817,7778,5577
30167,87508,7921,7333,588,6567,766,2.34,2.40,7333,102,3916,2651
30168,87510,540,449,91,361,88,2.15,-,449,0,41,320
30169,87511,1134,697,437,551,146,3.87,3.04,697,0,288,263
30170,87512,198,84,114,84,0,2.11,-,84,0,0,84
30171,87513,595,433,162,349,84,1.41,3.96,433,0,231,118
30172,87514,1099,542,557,542,0,3.35,-,542,0,93,449
30173,87515,221,82,139,66,16,1.74,-,82,0,45,21
30174,87516,66,28,38,28,0,1.79,-,28,0,0,28
30175,87517,366,216,150,182,34,1.62,-,216,44,62,120
30176,87518,24,0,24,0,0,-,-,0,0,0,0
30177,87519,395,281,114,252,29,3.48,-,281,0,68,184
30178,87520,1139,568,571,486,82,2.56,1.56,568,27,221,265
30179,87521,414,335,79,261,74,2.66,1.53,335,47,25,236
30180,87522,1635,1276,359,1094,182,2.58,2.64,1276,57,343,751
30181,87523,277,161,116,144,17,1.17,-,161,17,28,116
30182,87524,188,118,70,118,0,3.29,-,118,0,99,19
30183,87525,288,22,266,22,0,3.50,-,22,0,13,9
30184,87527,406,250,156,250,0,2.52,-,250,0,66,184
30185,87528,1031,753,278,446,307,4.97,3.58,753,18,84,362
30186,87529,2769,1921,848,1639,282,2.62,2.16,1921,75,651,988
30187,87530,711,436,275,436,0,2.06,-,436,0,172,264
30188,87531,164,91,73,91,0,1.92,-,91,0,0,91
30189,87532,9025,7091,1934,4804,2287,2.85,2.77,7091,406,1952,2852
30190,87535,1043,917,126,694,223,1.48,2.04,917,7,224,470
30191,87537,1203,841,362,619,222,2.90,2.38,841,11,191,428
30192,87538,299,143,156,71,72,2.52,-,143,0,41,30
30193,87539,216,54,162,54,0,7.00,-,54,0,23,31
30194,87540,644,515,129,324,191,2.02,1.10,515,0,168,156
30195,87543,203,45,158,45,0,-,-,45,0,0,45
30196,87544,6221,5993,228,4012,1981,2.39,1.90,5993,145,2416,1596
30197,87547,2372,2036,336,1951,85,2.81,2.82,2036,0,1227,724
30198,87548,263,233,30,174,59,1.60,1.64,233,29,79,95
30199,87549,590,486,104,426,60,1.92,3.43,486,0,212,214
30200,87551,325,109,216,109,0,1.26,-,109,0,23,86
30201,87552,1182,915,267,704,211,2.87,1.77,915,44,227,477
30202,87553,648,477,171,380,97,2.85,4.57,477,33,81,299
30203,87554,34,0,34,0,0,-,-,0,0,0,0
30204,87556,1565,922,643,758,164,3.40,2.01,922,11,290,468
30205,87557,2861,1965,896,1599,366,2.71,2.58,1965,116,636,963
30206,87558,1367,380,987,210,170,2.61,3.07,380,54,176,34
30207,87560,744,563,181,450,113,2.84,2.59,563,94,108,342
30208,87562,199,139,60,113,26,4.39,-,139,0,0,113
30209,87564,145,44,101,44,0,1.77,-,44,0,44,0
30210,87565,190,190,0,190,0,1.71,-,190,0,44,146
30211,87566,902,644,258,565,79,4.56,3.05,644,50,117,448
30212,87567,610,344,266,226,118,2.48,1.15,344,0,23,203
30213,87569,327,282,45,270,12,2.19,-,282,0,92,178
30214,87571,6571,4372,2199,3208,1164,2.63,2.59,4372,209,1568,1640
30215,87573,265,14,251,14,0,-,-,14,0,14,0
30216,87575,696,318,378,187,131,3.34,2.70,318,44,0,187
30217,87577,231,136,95,136,0,1.18,-,136,0,23,113
30218,87578,273,143,130,80,63,3.38,1.65,143,0,45,35
30219,87579,770,423,347,309,114,2.53,2.24,423,4,121,188
30220,87580,315,222,93,222,0,1.21,-,222,0,61,161
30221,87581,90,15,75,15,0,1.67,-,15,15,0,15
30222,87582,524,340,184,293,47,3.36,-,340,0,57,236
30223,87583,314,173,141,124,49,3.49,-,173,16,0,124
30224,87701,9422,7799,1623,5028,2771,2.25,2.06,7799,596,1831,3197
30225,87710,2835,642,2193,508,134,2.17,2.51,642,0,200,308
30226,87711,432,260,172,237,23,3.94,-,260,0,5,232
30227,87712,221,174,47,174,0,1.72,-,174,0,30,144
30228,87713,261,176,85,151,25,1.33,1.96,176,0,5,146
30229,87714,701,564,137,257,307,2.04,1.65,564,44,98,159
30230,87715,225,225,0,203,22,2.44,2.82,225,0,54,149
30231,87718,780,272,508,226,46,1.68,2.24,272,3,58,168
30232,87722,627,436,191,423,13,2.18,1.77,436,56,112,311
30233,87723,259,177,82,177,0,1.80,-,177,0,113,64
30234,87724,53,22,31,0,22,-,-,22,0,0,0
30235,87728,228,182,46,125,57,3.30,3.23,182,9,48,77
30236,87729,57,45,12,45,0,1.78,-,45,0,9,36
30237,87730,21,9,12,5,4,2.20,-,9,0,0,5
30238,87731,180,132,48,113,19,2.54,4.37,132,0,0,113
30239,87732,750,434,316,364,70,1.64,3.21,434,39,63,301
30240,87733,95,31,64,20,11,1.80,5.27,31,5,1,19
30241,87734,163,107,56,92,15,2.49,-,107,6,7,85
30242,87735,70,43,27,24,19,-,-,43,0,24,0
30243,87736,22,22,0,22,0,2.95,-,22,0,0,22
30244,87740,3883,3258,625,2267,991,2.10,2.08,3258,375,1082,1185
30245,87742,322,145,177,145,0,1.81,-,145,4,30,115
30246,87743,241,123,118,83,40,2.78,2.08,123,13,12,71
30247,87745,550,410,140,396,14,2.19,-,410,14,98,298
30248,87746,60,26,34,24,2,2.38,2.00,26,17,0,24
30249,87747,864,601,263,477,124,1.98,2.04,601,13,237,240
30250,87749,195,39,156,39,0,2.36,-,39,0,0,39
30251,87750,8,0,8,0,0,-,-,0,0,0,0
30252,87752,389,295,94,231,64,1.99,1.98,295,16,39,192
30253,87753,87,24,63,24,0,1.92,-,24,0,0,24
30254,87801,4273,2918,1355,2008,910,3.07,3.26,2918,198,667,1341
30255,87820,144,75,69,70,5,1.97,2.40,75,0,0,70
30256,87821,616,336,280,320,16,2.11,6.00,336,12,0,320
30257,87823,260,94,166,94,0,3.56,-,94,6,8,86
30258,87824,238,48,190,48,0,1.75,-,48,0,0,48
30259,87825,1383,780,603,671,109,3.17,3.66,780,45,84,587
30260,87827,325,105,220,48,57,2.02,1.32,105,45,13,35
30261,87828,188,139,49,126,13,6.16,-,139,13,10,116
30262,87829,827,358,469,327,31,1.92,4.55,358,29,16,311
30263,87830,574,285,289,217,68,2.94,3.25,285,0,18,199
30264,87831,121,81,40,75,6,2.84,-,81,0,5,70
30265,87832,227,67,160,67,0,2.18,-,67,0,27,40
30266,87901,3843,2708,1135,1850,858,2.08,2.51,2708,209,888,962
30267,87930,457,303,154,227,76,2.05,1.42,303,0,82,145
30268,87931,546,404,142,272,132,1.43,2.95,404,44,81,191
30269,87933,55,55,0,55,0,3.65,-,55,0,55,0
30270,87935,2005,1003,1002,902,101,1.69,2.23,1003,89,214,688
30271,87936,144,113,31,113,0,1.42,-,113,24,0,113
30272,87937,1187,1044,143,830,214,3.83,3.06,1044,130,209,621
30273,87939,187,96,91,96,0,2.05,-,96,0,19,77
30274,87940,144,133,11,93,40,2.66,5.03,133,0,0,93
30275,87941,293,253,40,121,132,3.06,2.74,253,71,0,121
30276,87942,585,441,144,355,86,2.80,3.10,441,11,149,206
30277,87943,161,107,54,107,0,1.68,-,107,0,17,90
30278,88001,16514,14806,1708,6473,8333,2.65,2.34,14806,1514,3744,2729
30279,88002,513,374,139,18,356,-,3.14,374,7,0,18
30280,88003,10,0,10,0,0,-,-,0,0,0,0
30281,88004,0,0,0,0,0,-,-,0,0,0,0
30282,88005,12266,10949,1317,6309,4640,2.55,2.46,10949,1098,3373,2936
30283,88007,9614,8690,924,6965,1725,2.75,2.82,8690,251,3616,3349
30284,88008,4245,4001,244,3137,864,2.76,2.70,4001,0,2467,670
30285,88009,72,0,72,0,0,-,-,0,0,0,0
30286,88011,14863,13486,1377,7871,5615,2.47,1.87,13486,603,4325,3546
30287,88012,11524,10579,945,8354,2225,2.94,3.03,10579,201,5531,2823
30288,88020,420,306,114,258,48,2.47,2.94,306,3,106,152
30289,88021,5692,5141,551,3735,1406,2.89,3.28,5141,173,1607,2128
30290,88022,458,266,192,205,61,2.80,2.30,266,11,95,110
30291,88023,1258,898,360,569,329,2.35,2.62,898,74,146,423
30292,88024,197,180,17,102,78,5.60,2.46,180,0,19,83
30293,88025,70,40,30,40,0,2.50,-,40,0,0,40
30294,88026,783,587,196,399,188,2.87,2.95,587,77,148,251
30295,88027,291,245,46,188,57,2.65,3.68,245,19,35,153
30296,88028,176,110,66,83,27,2.53,-,110,0,11,72
30297,88029,763,385,378,222,163,3.64,2.04,385,13,76,146
30298,88030,10699,8662,2037,5478,3184,2.88,2.50,8662,596,2524,2954
30299,88034,10,10,0,10,0,2.70,-,10,0,0,10
30300,88038,147,107,40,74,33,5.01,-,107,0,13,61
30301,88039,562,292,270,273,19,2.19,-,292,0,122,151
30302,88040,90,32,58,23,9,2.35,-,32,0,5,18
30303,88041,598,463,135,375,88,2.63,3.15,463,0,173,202
30304,88042,268,200,68,168,32,1.90,-,200,0,30,138
30305,88043,855,642,213,483,159,2.52,3.25,642,41,166,317
30306,88044,1214,912,302,801,111,3.22,1.91,912,8,339,462
30307,88045,1557,1151,406,782,369,2.71,2.79,1151,98,239,543
30308,88046,414,358,56,208,150,2.63,1.41,358,80,92,116
30309,88047,794,588,206,555,33,2.45,3.64,588,45,194,361
30310,88048,1277,1206,71,1040,166,2.59,2.53,1206,79,467,573
30311,88049,632,376,256,321,55,1.99,1.71,376,32,143,178
30312,88051,85,52,33,35,17,1.71,-,52,0,0,35
30313,88052,119,96,23,56,40,1.61,1.95,96,0,52,4
30314,88053,110,85,25,24,61,1.63,2.11,85,0,1,23
30315,88055,54,21,33,21,0,1.95,-,21,6,0,21
30316,88056,152,111,41,93,18,1.81,-,111,0,53,40
30317,88061,8933,7176,1757,4758,2418,2.63,1.92,7176,306,1858,2900
30318,88063,4450,4074,376,2974,1100,2.92,2.57,4074,430,1172,1802
30319,88065,386,284,102,234,50,2.59,2.66,284,0,188,46
30320,88072,643,619,24,470,149,3.67,7.09,619,0,92,378
30321,88081,5378,4139,1239,2883,1256,3.28,3.68,4139,270,1027,1856
30322,88101,19729,17171,2558,9526,7645,2.66,2.59,17171,625,5572,3954
30323,88103,0,0,0,0,0,-,-,0,0,0,0
30324,88112,141,112,29,101,11,2.30,4.09,112,0,67,34
30325,88113,59,38,21,16,22,6.19,4.36,38,0,1,15
30326,88114,42,25,17,25,0,1.92,-,25,0,11,14
30327,88115,15,15,0,15,0,-,-,15,0,7,8
30328,88116,236,149,87,120,29,2.87,2.62,149,0,30,90
30329,88118,167,141,26,111,30,2.32,1.73,141,0,76,35
30330,88119,951,549,402,349,200,2.65,4.25,549,54,113,236
30331,88120,197,174,23,93,81,2.33,1.52,174,1,39,54
30332,88121,104,59,45,47,12,2.32,6.25,59,0,19,28
30333,88124,512,365,147,299,66,2.32,2.47,365,7,90,209
30334,88125,28,21,7,6,15,1.33,4.60,21,2,3,3
30335,88126,15,7,8,7,0,1.71,-,7,0,0,7
30336,88130,7806,6395,1411,3755,2640,2.74,2.45,6395,478,2065,1690
30337,88132,118,102,16,45,57,2.42,3.26,102,0,12,33
30338,88134,51,36,15,14,22,1.43,4.45,36,0,14,0
30339,88135,599,523,76,374,149,2.43,2.34,523,76,133,241
30340,88136,13,13,0,8,5,2.63,-,13,0,0,8
30341,88201,11383,9968,1415,7119,2849,2.57,2.59,9968,531,3455,3664
30342,88203,12154,10641,1513,6610,4031,2.84,2.59,10641,568,3160,3450
30343,88210,7999,6915,1084,4481,2434,2.76,2.61,6915,329,2033,2448
30344,88220,16700,14453,2247,10582,3871,2.62,2.91,14453,697,4842,5740
30345,88230,1953,1706,247,1273,433,2.82,2.85,1706,35,301,972
30346,88231,1527,1226,301,966,260,2.80,2.97,1226,44,271,695
30347,88232,828,638,190,492,146,3.06,3.23,638,41,167,325
30348,88240,15976,13876,2100,8677,5199,3.00,2.77,13876,827,3828,4849
30349,88242,2824,2606,218,2083,523,2.98,2.53,2606,126,1210,873
30350,88244,0,0,0,0,0,-,-,0,0,0,0
30351,88250,112,107,5,61,46,2.11,3.67,107,0,10,51
30352,88252,1061,840,221,641,199,2.41,3.07,840,24,47,594
30353,88253,348,291,57,203,88,3.08,3.53,291,29,63,140
30354,88254,44,44,0,36,8,-,2.00,44,8,0,36
30355,88255,77,27,50,27,0,1.96,-,27,0,0,27
30356,88256,857,676,181,487,189,2.91,3.71,676,37,143,344
30357,88260,5305,4620,685,3436,1184,3.30,3.05,4620,162,1210,2226
30358,88262,39,4,35,4,0,3.00,-,4,0,4,0
30359,88263,62,62,0,46,16,2.78,2.75,62,0,0,46
30360,88264,0,0,0,0,0,-,-,0,0,0,0
30361,88265,88,70,18,70,0,2.04,-,70,0,17,53
30362,88267,738,584,154,419,165,2.74,1.69,584,16,69,350
30363,88268,0,0,0,0,0,-,-,0,0,0,0
30364,88301,931,630,301,540,90,1.83,2.12,630,69,94,446
30365,88310,17874,15049,2825,9689,5360,2.50,2.30,15049,742,5139,4550
30366,88311,614,434,180,380,54,2.56,1.54,434,28,76,304
30367,88312,2924,1181,1743,1181,0,2.22,-,1181,7,602,579
30368,88314,101,59,42,59,0,3.76,-,59,0,0,59
30369,88316,1320,943,377,782,161,2.29,2.89,943,3,388,394
30370,88317,2956,778,2178,671,107,2.51,3.38,778,15,245,426
30371,88318,287,170,117,140,30,1.91,1.53,170,3,29,111
30372,88321,226,141,85,116,25,3.59,-,141,25,12,104
30373,88323,0,0,0,0,0,-,-,0,0,0,0
30374,88324,108,47,61,47,0,2.13,-,47,0,0,47
30375,88325,705,430,275,363,67,3.85,2.46,430,0,169,194
30376,88330,1242,1179,63,0,1179,-,2.92,1179,23,0,0
30377,88336,238,171,67,150,21,1.78,2.90,171,0,11,139
30378,88337,1041,827,214,686,141,2.33,1.75,827,8,349,337
30379,88338,113,113,0,72,41,-,2.37,113,0,47,25
30380,88339,775,225,550,225,0,2.94,-,225,11,90,135
30381,88340,1260,1041,219,603,438,4.29,3.14,1041,163,61,542
30382,88341,383,270,113,259,11,2.38,2.27,270,10,81,178
30383,88342,15,0,15,0,0,-,-,0,0,0,0
30384,88343,13,13,0,13,0,-,-,13,10,3,10
30385,88344,100,27,73,27,0,1.52,-,27,11,7,20
30386,88345,9261,3669,5592,2749,920,2.48,1.71,3669,178,1177,1572
30387,88346,1342,1017,325,595,422,3.22,2.19,1017,18,210,385
30388,88347,113,17,96,17,0,-,-,17,0,0,17
30389,88348,458,352,106,284,68,2.24,1.76,352,62,149,135
30390,88349,56,0,56,0,0,-,-,0,0,0,0
30391,88350,407,51,356,51,0,3.43,-,51,0,0,51
30392,88351,181,107,74,80,27,1.68,2.48,107,4,31,49
30393,88352,2189,1401,788,1221,180,3.05,4.26,1401,60,544,677
30394,88353,273,124,149,68,56,2.21,4.16,124,8,7,61
30395,88354,57,57,0,57,0,1.96,-,57,0,0,57
30396,88355,152,53,99,53,0,2.21,-,53,0,0,53
30397,88401,3614,2563,1051,1622,941,2.67,2.26,2563,232,518,1104
30398,88410,91,60,31,60,0,2.28,-,60,0,0,60
30399,88411,61,37,24,33,4,3.82,2.00,37,0,19,14
30400,88414,69,33,36,13,20,2.85,3.00,33,0,0,13
30401,88415,1520,999,521,694,305,2.74,2.30,999,119,250,444
30402,88416,419,109,310,109,0,1.37,-,109,0,9,100
30403,88417,68,21,47,0,21,-,3.57,21,0,0,0
30404,88418,183,118,65,79,39,4.73,3.79,118,2,24,55
30405,88419,73,20,53,16,4,4.94,-,20,0,6,10
30406,88421,19,19,0,0,19,-,-,19,0,0,0
30407,88422,51,38,13,23,15,3.48,-,38,0,18,5
30408,88424,128,19,109,15,4,3.33,3.00,19,0,11,4
30409,88426,1282,453,829,386,67,2.39,5.03,453,3,134,252
30410,88427,76,42,34,37,5,2.27,4.00,42,0,5,32
30411,88430,150,76,74,68,8,2.13,2.13,76,0,0,68
30412,88431,43,43,0,43,0,3.23,-,43,17,0,43
30413,88434,158,107,51,66,41,2.58,1.95,107,3,12,54
30414,88435,1571,888,683,710,178,3.39,2.44,888,65,223,487
30415,88436,53,34,19,24,10,1.71,2.00,34,0,12,12
30416,88439,24,0,24,0,0,-,-,0,0,0,0
30417,89001,594,510,84,368,142,2.81,2.38,510,0,219,149
30418,89002,13440,12737,703,10395,2342,2.86,3.22,12737,306,7764,2631
30419,89003,639,514,125,200,314,1.95,1.18,514,129,99,101
30420,89004,162,110,52,83,27,2.80,2.48,110,0,64,19
30421,89005,7365,6163,1202,4441,1722,2.29,2.56,6163,273,2287,2154
30422,89007,280,235,45,186,49,4.52,2.22,235,30,86,100
30423,89008,633,479,154,292,187,2.07,1.12,479,62,123,169
30424,89010,242,171,71,112,59,2.19,2.95,171,3,13,99
30425,89011,13968,11975,1993,8000,3975,2.71,2.37,11975,439,5929,2071
30426,89012,16410,15372,1038,9399,5973,2.57,2.37,15372,651,6518,2881
30427,89013,261,125,136,88,37,1.95,1.49,125,16,16,72
30428,89014,17952,16801,1151,8293,8508,2.51,2.40,16801,827,5936,2357
30429,89015,16503,14698,1805,9041,5657,2.82,2.41,14698,1227,6334,2707
30430,89017,22,22,0,22,0,1.59,-,22,0,12,10
30431,89018,359,255,104,200,55,2.85,4.09,255,16,91,109
30432,89019,1582,1122,460,849,273,1.94,1.73,1122,54,372,477
30433,89020,692,644,48,376,268,3.10,1.98,644,0,143,233
30434,89021,1094,946,148,760,186,3.42,3.30,946,0,620,140
30435,89022,46,0,46,0,0,-,-,0,0,0,0
30436,89025,517,359,158,225,134,2.59,2.12,359,13,112,113
30437,89026,0,0,0,0,0,-,-,0,0,0,0
30438,89027,9310,7172,2138,5272,1900,2.37,2.65,7172,374,2865,2407
30439,89029,5738,4286,1452,2215,2071,1.89,2.08,4286,436,1187,1028
30440,89030,16904,15547,1357,5372,10175,3.76,3.13,15547,2212,2793,2579
30441,89031,23909,22927,982,16616,6311,3.19,3.08,22927,609,13654,2962
30442,89032,16231,15383,848,9477,5906,3.27,2.85,15383,972,7003,2474
30443,89034,1637,1350,287,1286,64,1.80,1.88,1350,0,689,597
30444,89039,215,138,77,104,34,1.53,2.12,138,0,14,90
30445,89040,1902,1555,347,1091,464,2.91,2.61,1555,107,641,450
30446,89042,429,328,101,260,68,3.26,3.40,328,9,157,103
30447,89043,662,389,273,316,73,2.15,-,389,32,176,140
30448,89044,11146,10165,981,8577,1588,2.45,2.92,10165,34,5906,2671
30449,89045,1347,993,354,624,369,2.22,2.60,993,0,156,468
30450,89046,480,237,243,143,94,1.18,2.02,237,60,10,133
30451,89047,93,59,34,33,26,1.64,5.42,59,0,5,28
30452,89048,11113,9938,1175,7095,2843,2.46,2.31,9938,480,3790,3305
30453,89049,1741,1286,455,596,690,2.15,1.46,1286,157,223,373
30454,89052,25138,23531,1607,14813,8718,2.57,2.28,23531,711,9766,5047
30455,89054,120,94,26,94,0,3.60,-,94,18,68,26
30456,89060,5432,4883,549,3908,975,2.31,2.53,4883,219,2033,1875
30457,89061,3672,3087,585,2608,479,2.22,2.04,3087,73,1779,829
30458,89070,0,0,0,0,0,-,-,0,0,0,0
30459,89074,21989,20496,1493,11948,8548,2.65,2.30,20496,597,8429,3519
30460,89081,13236,12436,800,7826,4610,3.25,3.11,12436,282,6280,1546
30461,89084,11064,10271,793,6830,3441,3.13,3.13,10271,219,5352,1478
30462,89085,1431,1375,56,1222,153,2.86,2.46,1375,0,972,250
30463,89086,2583,2437,146,966,1471,3.04,2.42,2437,48,832,134
30464,89101,17997,15669,2328,2900,12769,3.60,2.26,15669,5000,1661,1239
30465,89102,16967,15234,1733,3992,11242,2.42,2.48,15234,3023,2480,1512
30466,89103,26423,22333,4090,7123,15210,2.42,2.28,22333,2971,3586,3537
30467,89104,16746,14867,1879,6451,8416,2.90,2.49,14867,2398,3450,3001
30468,89106,10565,9353,1212,2919,6434,2.88,2.58,9353,1865,1592,1327
30469,89107,14038,13016,1022,6447,6569,2.82,2.90,13016,1480,3922,2525
30470,89108,28279,26508,1771,12018,14490,2.86,2.65,26508,2517,8111,3907
30471,89109,13175,3259,9916,1076,2183,1.67,2.07,3259,879,499,577
30472,89110,24026,21368,2658,11352,10016,3.38,2.86,21368,2400,6576,4776
30473,89113,14906,13607,1299,7714,5893,2.55,2.47,13607,537,5128,2586
30474,89115,21288,18947,2341,6770,12177,3.58,3.31,18947,2842,4186,2584
30475,89117,25281,22820,2461,10742,12078,2.59,2.21,22820,1534,6912,3830
30476,89118,10031,8737,1294,3702,5035,2.53,2.52,8737,646,2487,1215
30477,89119,25176,22229,2947,4401,17828,2.41,2.18,22229,4813,3081,1320
30478,89120,9925,9254,671,5109,4145,2.67,2.56,9254,582,3351,1758
30479,89121,28583,24244,4339,11876,12368,2.82,2.65,24244,3386,6890,4986
30480,89122,21410,18997,2413,10919,8078,2.71,2.75,18997,1778,6607,4312
30481,89123,26297,23534,2763,13235,10299,2.72,2.40,23534,1252,9529,3706
30482,89124,637,282,355,256,26,2.04,2.08,282,1,127,129
30483,89128,16421,15000,1421,7774,7226,2.43,2.52,15000,802,5431,2343
30484,89129,21497,20417,1080,13785,6632,2.66,2.69,20417,619,10260,3525
30485,89130,13363,12473,890,8776,3697,2.67,2.93,12473,541,6654,2122
30486,89131,17791,16970,821,12882,4088,2.92,3.26,16970,343,10200,2682
30487,89134,12623,11252,1371,9267,1985,2.00,2.23,11252,634,4894,4373
30488,89135,13825,12782,1043,9407,3375,2.36,2.20,12782,427,6268,3139
30489,89138,7559,7082,477,5610,1472,2.75,3.09,7082,63,4416,1194
30490,89139,14577,13350,1227,8101,5249,3.30,3.09,13350,108,6368,1733
30491,89141,13298,12596,702,9146,3450,3.06,2.78,12596,230,7831,1315
30492,89142,11678,10548,1130,6387,4161,3.13,3.37,10548,635,4218,2169
30493,89143,4326,4115,211,3076,1039,3.36,3.14,4115,86,2582,494
30494,89144,8553,7962,591,5135,2827,2.47,2.44,7962,118,3561,1574
30495,89145,10643,9638,1005,6219,3419,2.59,2.52,9638,541,4101,2118
30496,89146,8302,7635,667,3327,4308,2.63,2.47,7635,1103,2158,1169
30497,89147,22764,21163,1601,10927,10236,2.66,2.68,21163,1128,7416,3511
30498,89148,23456,21838,1618,12832,9006,2.90,2.68,21838,468,9236,3596
30499,89149,16701,15731,970,10703,5028,2.73,2.46,15731,336,7828,2875
30500,89156,10589,9750,839,5602,4148,3.19,3.10,9750,710,3608,1994
30501,89158,864,288,576,179,109,1.36,1.49,288,42,57,122
30502,89161,253,213,40,184,29,2.49,2.62,213,0,98,86
30503,89166,9548,9077,471,6262,2815,3.02,2.84,9077,284,5230,1032
30504,89169,13324,9957,3367,1884,8073,2.57,1.98,9957,2855,962,922
30505,89178,14678,13921,757,9894,4027,2.72,2.99,13921,266,8291,1603
30506,89179,3884,3736,148,3108,628,3.14,3.39,3736,90,2769,339
30507,89183,15750,14375,1375,7431,6944,2.83,2.89,14375,427,6086,1345
30508,89191,0,0,0,0,0,-,-,0,0,0,0
30509,89301,2995,2652,343,1879,773,2.27,1.98,2652,75,982,897
30510,89310,194,107,87,82,25,1.46,1.16,107,0,34,48
30511,89311,104,78,26,48,30,2.15,3.37,78,0,9,39
30512,89314,103,89,14,48,41,1.79,3.24,89,6,4,44
30513,89315,14,14,0,14,0,5.07,-,14,0,14,0
30514,89316,519,278,241,182,96,3.72,3.94,278,20,50,132
30515,89317,230,138,92,138,0,3.11,-,138,0,72,66
30516,89318,586,445,141,302,143,1.68,2.58,445,13,74,228
30517,89319,213,137,76,137,0,1.54,-,137,0,43,94
30518,89402,124,82,42,54,28,1.98,1.96,82,0,22,32
30519,89403,6640,6219,421,5000,1219,2.66,2.65,6219,55,3456,1544
30520,89404,42,17,25,17,0,-,-,17,0,0,17
30521,89405,122,53,69,0,53,-,2.94,53,0,0,0
30522,89406,10714,9753,961,6584,3169,2.58,2.37,9753,309,3636,2948
30523,89408,8519,8050,469,5977,2073,2.85,2.87,8050,257,4542,1435
30524,89409,101,86,15,64,22,1.39,-,86,22,0,64
30525,89410,5084,4814,270,3348,1466,2.35,2.02,4814,145,2105,1243
30526,89411,698,413,285,387,26,2.35,1.54,413,0,199,188
30527,89412,200,48,152,30,18,2.00,-,48,0,18,12
30528,89413,752,359,393,332,27,1.98,1.96,359,13,102,230
30529,89414,129,50,79,50,0,2.86,-,50,0,28,22
30530,89415,1790,1267,523,948,319,2.12,3.40,1267,8,484,464
30531,89418,129,92,37,92,0,2.30,-,92,0,19,73
30532,89419,1634,1364,270,827,537,2.70,2.53,1364,78,397,430
30533,89420,21,6,15,0,6,-,13.33,6,0,0,0
30534,89421,358,228,130,196,32,1.94,1.25,228,12,12,184
30535,89422,132,95,37,89,6,1.71,-,95,6,1,88
30536,89423,4781,4501,280,3897,604,2.37,2.44,4501,84,2579,1318
30537,89424,196,164,32,141,23,1.72,3.91,164,9,5,136
30538,89425,240,215,25,160,55,4.06,2.71,215,0,85,75
30539,89426,172,64,108,64,0,2.30,-,64,0,18,46
30540,89427,417,362,55,244,118,3.03,3.41,362,11,55,189
30541,89428,39,39,0,30,9,1.70,5.00,39,0,19,11
30542,89429,3773,3288,485,2666,622,2.21,2.48,3288,119,1657,1009
30543,89430,100,58,42,44,14,1.55,-,58,14,24,20
30544,89431,16400,15340,1060,6962,8378,2.72,2.59,15340,1008,4582,2380
30545,89433,7554,7257,297,4919,2338,3.22,3.33,7257,371,3107,1812
30546,89434,11417,10698,719,6687,4011,2.62,2.45,10698,574,4878,1809
30547,89436,17703,16844,859,12508,4336,2.81,2.57,16844,273,9397,3111
30548,89437,0,0,0,0,0,-,-,0,0,0,0
30549,89438,13,13,0,13,0,2.46,-,13,0,0,13
30550,89439,824,775,49,622,153,1.97,1.56,775,17,368,254
30551,89440,455,259,196,259,0,3.00,-,259,0,211,48
30552,89441,4884,4692,192,3948,744,2.71,2.72,4692,160,3173,775
30553,89442,346,320,26,207,113,2.40,3.42,320,4,80,127
30554,89444,1627,1498,129,1265,233,1.98,2.26,1498,29,630,635
30555,89445,7211,6614,597,4619,1995,2.59,2.24,6614,230,2896,1723
30556,89446,0,0,0,0,0,-,-,0,0,0,0
30557,89447,3851,3576,275,2406,1170,2.30,2.28,3576,179,1025,1381
30558,89448,1727,895,832,735,160,2.06,2.24,895,12,381,354
30559,89449,2282,1415,867,801,614,1.99,2.12,1415,65,363,438
30560,89450,17,0,17,0,0,-,-,0,0,0,0
30561,89451,7756,4041,3715,2867,1174,2.15,2.71,4041,29,1768,1099
30562,89460,5783,5533,250,4131,1402,2.49,2.75,5533,128,2456,1675
30563,89496,0,0,0,0,0,-,-,0,0,0,0
30564,89501,2983,2647,336,631,2016,1.54,1.26,2647,886,371,260
30565,89502,20138,18903,1235,6334,12569,2.47,2.37,18903,2236,3886,2448
30566,89503,13516,12692,824,5643,7049,2.25,2.27,12692,1087,3794,1849
30567,89506,15918,15252,666,10228,5024,2.82,3.03,15252,417,7638,2590
30568,89508,5096,4942,154,4610,332,2.99,2.76,4942,10,3504,1106
30569,89509,18160,16834,1326,8958,7876,2.31,1.92,16834,1461,5671,3287
30570,89510,575,522,53,475,47,2.41,1.68,522,5,259,216
30571,89511,12601,11854,747,8245,3609,2.51,2.17,11854,558,5180,3065
30572,89512,12111,11246,865,3264,7982,2.58,2.25,11246,2014,1758,1506
30573,89519,3997,3793,204,3026,767,2.35,2.34,3793,27,1786,1240
30574,89521,14943,14060,883,10245,3815,2.57,2.61,14060,282,7272,2973
30575,89523,15753,15139,614,9121,6018,2.48,2.18,15139,489,6060,3061
30576,89557,0,0,0,0,0,-,-,0,0,0,0
30577,89701,11167,10605,562,6231,4374,2.53,2.55,10605,515,4042,2189
30578,89703,4905,4777,128,3384,1393,2.26,1.73,4777,239,1919,1465
30579,89704,1870,1815,55,1730,85,2.40,2.81,1815,13,1174,556
30580,89705,2302,2243,59,1727,516,2.25,2.53,2243,52,1161,566
30581,89706,9056,8474,582,4726,3748,2.46,2.34,8474,700,2509,2217
30582,89801,10397,9444,953,5865,3579,2.91,2.33,9444,533,3436,2429
30583,89815,5440,5012,428,4501,511,3.03,4.44,5012,87,3246,1255
30584,89820,2687,2207,480,1694,513,2.58,2.34,2207,45,991,703
30585,89821,427,260,167,231,29,1.93,2.17,260,14,24,207
30586,89822,1004,778,226,474,304,2.78,2.82,778,0,281,193
30587,89823,184,156,28,150,6,2.45,4.00,156,0,65,85
30588,89825,598,329,269,111,218,6.23,2.01,329,58,51,60
30589,89826,59,0,59,0,0,-,-,0,0,0,0
30590,89828,251,134,117,122,12,2.30,2.58,134,0,59,63
30591,89830,81,15,66,15,0,2.27,-,15,0,15,0
30592,89831,91,26,65,26,0,-,-,26,0,0,26
30593,89832,488,384,104,236,148,2.42,3.68,384,10,43,193
30594,89833,103,51,52,21,30,4.33,1.73,51,0,0,21
30595,89834,23,23,0,14,9,-,4.00,23,0,0,14
30596,89835,733,476,257,348,128,3.25,2.71,476,33,167,181
30597,89883,2235,1884,351,855,1029,2.72,2.24,1884,402,501,354
30598,90001,14010,13421,589,4774,8647,4.42,4.29,13421,1284,3195,1579
30599,90002,13577,13011,566,5132,7879,4.61,3.89,13011,1659,3894,1238
30600,90003,18501,17759,742,4851,12908,4.53,4.10,17759,2737,3717,1134
30601,90004,25100,22231,2869,3632,18599,2.88,2.60,22231,3698,2554,1078
30602,90005,18128,15993,2135,1273,14720,2.58,2.26,15993,4785,1000,273
30603,90006,20912,18850,2062,1780,17070,3.31,2.94,18850,4575,1242,538
30604,90007,13513,12211,1302,1447,10764,3.50,2.81,12211,3314,895,552
30605,90008,15900,14425,1475,4801,9624,2.40,2.02,14425,2282,3652,1149
30606,90010,2832,2247,585,359,1888,2.34,1.83,2247,375,274,85
30607,90011,25531,24603,928,6733,17870,4.73,4.33,24603,3323,5181,1552
30608,90012,15751,14361,1390,882,13479,2.11,1.99,14361,3467,605,277
30609,90013,9506,7724,1782,643,7081,1.54,1.29,7724,3938,514,129
30610,90014,6865,5803,1062,160,5643,1.63,1.37,5803,2880,149,11
30611,90015,13494,11746,1748,847,10899,1.99,2.06,11746,2884,611,236
30612,90016,18787,17387,1400,6232,11155,2.94,2.44,17387,2147,4626,1606
30613,90017,14712,12996,1716,643,12353,1.34,2.22,12996,4463,491,152
30614,90018,17654,16394,1260,5298,11096,3.40,2.92,16394,2311,3800,1498
30615,90019,26015,23584,2431,6239,17345,2.67,2.50,23584,2954,4326,1913
30616,90020,18786,16881,1905,1590,15291,2.51,2.22,16881,3142,1108,482
30617,90021,1636,1454,182,120,1334,1.52,1.75,1454,855,94,26
30618,90022,18077,17266,811,6000,11266,4.18,3.55,17266,1709,3858,2142
30619,90023,12343,11832,511,3086,8746,3.77,3.88,11832,1697,1858,1228
30620,90024,20205,16359,3846,5428,10931,2.07,2.17,16359,2583,3216,2212
30621,90025,23418,21470,1948,5418,16052,2.25,2.01,21470,2033,3474,1944
30622,90026,27813,25968,1845,6222,19746,2.74,2.40,25968,3343,4574,1648
30623,90027,23410,21133,2277,4282,16851,2.55,1.90,21133,3101,2766,1516
30624,90028,21466,16833,4633,765,16068,1.88,1.67,16833,4610,437,328
30625,90029,14787,13218,1569,1498,11720,3.72,2.37,13218,2774,1028,470
30626,90031,12438,11868,570,3951,7917,3.22,3.21,11868,1860,2153,1798
30627,90032,14155,13314,841,6936,6378,3.32,3.28,13314,1042,4682,2254
30628,90033,13935,13240,695,2750,10490,3.74,3.44,13240,2452,1841,909
30629,90034,28630,24938,3692,5087,19851,2.50,2.01,24938,1918,3098,1989
30630,90035,13695,11310,2385,3747,7563,2.44,2.24,11310,987,2329,1418
30631,90036,21391,18990,2401,3022,15968,2.47,1.87,18990,1556,2051,971
30632,90037,18605,17772,833,4440,13332,4.61,3.55,17772,3301,3286,1154
30633,90038,14474,12595,1879,1127,11468,2.27,2.14,12595,2724,784,343
30634,90039,12957,11992,965,5298,6694,2.68,2.14,11992,529,3659,1639
30635,90040,3487,3424,63,1907,1517,3.74,3.07,3424,392,1097,810
30636,90041,10406,10001,405,5141,4860,2.86,2.54,10001,727,3794,1347
30637,90042,21792,20844,948,9439,11405,2.95,2.72,20844,1494,6812,2627
30638,90043,18444,17052,1392,9297,7755,2.75,2.32,17052,2536,7185,2112
30639,90044,29495,28202,1293,8259,19943,3.80,3.43,28202,4572,6256,2003
30640,90045,17307,15666,1641,7846,7820,2.59,2.19,15666,529,5520,2326
30641,90046,31428,28249,3179,6388,21861,2.04,1.61,28249,3702,4434,1954
30642,90047,17700,16853,847,9393,7460,3.26,2.76,16853,1915,7124,2269
30643,90048,13758,11474,2284,3450,8024,2.10,1.61,11474,953,2184,1266
30644,90049,18156,16116,2040,8674,7442,2.44,1.89,16116,817,5610,3064
30645,90052,0,0,0,0,0,-,-,0,0,0,0
30646,90056,3776,3556,220,2035,1521,2.54,1.81,3556,233,1419,616
30647,90057,18166,17179,987,524,16655,2.82,2.71,17179,6189,375,149
30648,90058,1065,979,86,188,791,5.72,3.27,979,155,182,6
30649,90059,10624,10162,462,4720,5442,4.60,3.54,10162,1509,3815,905
30650,90061,8256,7844,412,3151,4693,3.97,3.65,7844,1236,2496,655
30651,90062,10256,9796,460,4621,5175,3.80,3.17,9796,1148,3348,1273
30652,90063,14310,13616,694,5113,8503,3.98,3.82,13616,1699,3196,1917
30653,90064,12309,11144,1165,5838,5306,2.50,1.96,11144,661,3808,2030
30654,90065,17135,16180,955,7556,8624,2.87,2.84,16180,1013,5371,2185
30655,90066,26050,24647,1403,9066,15581,2.45,2.08,24647,1551,5865,3201
30656,90067,2112,1531,581,1121,410,1.53,1.82,1531,183,556,565
30657,90068,14413,11528,2885,5451,6077,2.14,1.54,11528,789,4003,1448
30658,90069,15092,12844,2248,5117,7727,1.64,1.53,12844,1158,3775,1342
30659,90071,10,10,0,10,0,2.80,-,10,5,0,10
30660,90073,20,0,20,0,0,-,-,0,0,0,0
30661,90077,3501,2899,602,2491,408,2.58,2.88,2899,38,1843,648
30662,90079,0,0,0,0,0,-,-,0,0,0,0
30663,90089,17,5,12,0,5,-,2.20,5,5,0,0
30664,90094,6086,5560,526,1980,3580,2.46,1.83,5560,116,1549,431
30665,90095,0,0,0,0,0,-,-,0,0,0,0
30666,90201,24326,23847,479,5459,18388,4.50,3.85,23847,1827,3353,2106
30667,90210,9841,7947,1894,5931,2016,2.62,2.04,7947,539,3996,1935
30668,90211,4363,3801,562,1315,2486,2.53,2.35,3801,266,760,555
30669,90212,6366,5503,863,1236,4267,2.62,1.82,5503,565,838,398
30670,90220,14215,13704,511,8548,5156,3.69,3.80,13704,923,5843,2705
30671,90221,12979,12531,448,6709,5822,4.39,3.62,12531,867,4972,1737
30672,90222,8790,8511,279,4478,4033,3.96,3.92,8511,983,3355,1123
30673,90230,14470,13792,678,7998,5794,2.49,2.34,13792,843,5765,2233
30674,90232,7743,7101,642,2872,4229,2.52,1.90,7101,647,1809,1063
30675,90240,8038,7670,368,4893,2777,3.54,3.30,7670,277,3499,1394
30676,90241,14796,14098,698,5795,8303,3.32,3.03,14098,844,4083,1712
30677,90242,12923,12729,194,6220,6509,3.50,3.22,12729,543,4336,1884
30678,90245,7424,7070,354,2969,4101,2.80,2.17,7070,225,2205,764
30679,90247,16951,16082,869,6350,9732,3.22,2.84,16082,1037,3851,2499
30680,90248,4077,3857,220,2582,1275,2.88,3.14,3857,196,1519,1063
30681,90249,9161,8869,292,5072,3797,2.99,2.76,8869,451,3441,1631
30682,90250,33611,31962,1649,10121,21841,3.24,2.90,31962,1791,7322,2799
30683,90254,10169,8926,1243,4535,4391,2.38,2.04,8926,570,3271,1264
30684,90255,18655,18168,487,5868,12300,4.48,3.74,18168,2244,4144,1724
30685,90260,10768,10281,487,4603,5678,3.41,3.15,10281,350,3412,1191
30686,90262,15402,15026,376,7294,7732,4.62,3.95,15026,1075,5367,1927
30687,90263,0,0,0,0,0,-,-,0,0,0,0
30688,90265,9233,6463,2770,5120,1343,2.53,2.27,6463,120,3215,1905
30689,90266,15002,13422,1580,9096,4326,2.88,2.17,13422,236,6419,2677
30690,90270,6417,6320,97,1728,4592,4.10,3.96,6320,638,1119,609
30691,90272,9043,8074,969,6379,1695,2.71,2.33,8074,178,4388,1991
30692,90274,9878,8962,916,7983,979,2.79,2.67,8962,192,5148,2835
30693,90275,16540,15397,1143,12143,3254,2.64,3.05,15397,333,8058,4085
30694,90277,18181,16590,1591,7789,8801,2.34,2.01,16590,684,5368,2421
30695,90278,16799,15889,910,9310,6579,2.84,2.49,15889,350,7339,1971
30696,90280,24316,23824,492,10717,13107,4.31,3.58,23824,1821,7674,3043
30697,90290,2427,2003,424,1405,598,2.52,2.64,2003,28,1137,268
30698,90291,16208,13535,2673,5010,8525,2.13,1.74,13535,1236,3487,1523
30699,90292,15519,13048,2471,4277,8771,1.79,1.86,13048,1003,3103,1174
30700,90293,7033,6625,408,3082,3543,1.96,1.89,6625,102,2293,789
30701,90301,12879,12110,769,3220,8890,3.44,2.87,12110,1423,2348,872
30702,90302,11244,10456,788,3296,7160,3.07,2.65,10456,816,2457,839
30703,90303,7253,6844,409,2635,4209,3.34,3.45,6844,585,1961,674
30704,90304,7489,7067,422,2108,4959,4.21,3.47,7067,558,1491,617
30705,90305,6328,5880,448,3591,2289,2.70,2.38,5880,453,3023,568
30706,90401,5599,4678,921,279,4399,2.42,1.51,4678,1217,239,40
30707,90402,5805,4906,899,3555,1351,2.47,2.42,4906,155,2178,1377
30708,90403,14912,13164,1748,3355,9809,2.12,1.76,13164,1204,2163,1192
30709,90404,11459,10562,897,2294,8268,2.33,2.06,10562,1263,1609,685
30710,90405,15808,14247,1561,4519,9728,2.29,1.74,14247,1451,3011,1508
30711,90501,15704,14423,1281,6800,7623,3.05,2.94,14423,807,4334,2466
30712,90502,6778,6342,436,4282,2060,2.74,2.71,6342,280,2981,1301
30713,90503,18306,17173,1133,9043,8130,2.67,2.45,17173,1049,5734,3309
30714,90504,12414,11662,752,7136,4526,2.88,2.72,11662,674,4886,2250
30715,90505,15241,14177,1064,7889,6288,2.64,2.61,14177,565,5209,2680
30716,90506,0,0,0,0,0,-,-,0,0,0,0
30717,90601,11113,10782,331,6443,4339,2.86,2.88,10782,580,4603,1840
30718,90602,8357,8032,325,3025,5007,3.35,2.91,8032,768,2177,848
30719,90603,6630,6490,140,5303,1187,3.33,2.86,6490,134,3672,1631
30720,90604,12167,11781,386,7793,3988,3.48,3.17,11781,434,5731,2062
30721,90605,11421,11107,314,7344,3763,3.75,3.93,11107,437,5284,2060
30722,90606,8886,8692,194,5999,2693,3.74,3.65,8692,424,4188,1811
30723,90620,13620,13124,496,9657,3467,3.58,3.48,13124,349,6824,2833
30724,90621,11108,10744,364,3939,6805,3.23,3.43,10744,594,2815,1124
30725,90623,5036,4944,92,3234,1710,3.26,2.99,4944,321,2036,1198
30726,90630,16677,16118,559,11005,5113,3.16,3.05,16118,584,7583,3422
30727,90631,22551,21886,665,13527,8359,3.08,3.27,21886,1379,9507,4020
30728,90638,15124,14803,321,11433,3370,3.17,2.80,14803,643,8179,3254
30729,90639,0,0,0,0,0,-,-,0,0,0,0
30730,90640,20112,19191,921,8520,10671,3.22,3.28,19191,1410,5175,3345
30731,90650,27128,26353,775,17595,8758,3.90,3.68,26353,1287,12226,5369
30732,90660,17388,16996,392,11760,5236,3.77,3.36,16996,1178,7865,3895
30733,90670,5370,5212,158,3533,1679,3.48,3.04,5212,299,2499,1034
30734,90680,9963,9667,296,4771,4896,2.96,3.31,9667,738,2847,1924
30735,90701,4617,4417,200,2355,2062,3.43,3.83,4417,178,1584,771
30736,90703,16147,15687,460,11897,3790,3.11,3.38,15687,439,7266,4631
30737,90704,2384,1543,841,503,1040,2.35,2.58,1543,392,301,202
30738,90706,25094,24018,1076,9126,14892,3.42,3.17,24018,1502,6226,2900
30739,90710,9594,9150,444,4962,4188,2.78,3.37,9150,536,3111,1851
30740,90712,10514,10247,267,7676,2571,3.11,3.02,10247,494,5548,2128
30741,90713,9851,9583,268,8126,1457,2.97,3.36,9583,208,5708,2418
30742,90715,6736,6573,163,3666,2907,3.38,3.01,6573,303,2632,1034
30743,90716,3805,3659,146,1640,2019,3.56,4.06,3659,285,1018,622
30744,90717,8636,8255,381,3497,4758,2.62,2.59,8255,448,2300,1197
30745,90720,8424,8247,177,5338,2909,2.80,2.93,8247,252,3695,1643
30746,90723,14777,14360,417,5993,8367,3.88,3.63,14360,668,3714,2279
30747,90731,24459,23155,1304,7832,15323,2.72,2.55,23155,2587,5486,2346
30748,90732,9128,8680,448,6256,2424,2.34,2.70,8680,438,4387,1869
30749,90740,14096,12836,1260,9829,3007,1.90,1.92,12836,1111,3345,6484
30750,90742,494,324,170,125,199,1.50,1.42,324,0,103,22
30751,90743,364,200,164,142,58,2.78,1.59,200,10,60,82
30752,90744,15610,14995,615,5350,9645,4.09,3.63,14995,1308,3745,1605
30753,90745,16172,15337,835,10556,4781,3.81,3.59,15337,785,7219,3337
30754,90746,8690,8547,143,7234,1313,3.28,3.14,8547,171,4988,2246
30755,90747,0,0,0,0,0,-,-,0,0,0,0
30756,90755,4922,4603,319,2242,2361,2.15,2.94,4603,223,1661,581
30757,90802,23942,21450,2492,4423,17027,1.62,1.83,21450,3336,3445,978
30758,90803,18664,17502,1162,7590,9912,2.03,1.72,17502,794,5204,2386
30759,90804,15912,14975,937,3208,11767,2.20,2.49,14975,1225,2422,786
30760,90805,28857,28175,682,11933,16242,3.66,3.22,28175,2323,8530,3403
30761,90806,13128,12555,573,4678,7877,3.44,3.17,12555,1439,3644,1034
30762,90807,13400,12788,612,6752,6036,2.79,2.27,12788,845,5237,1515
30763,90808,14605,14195,410,11729,2466,2.83,2.59,14195,322,8272,3457
30764,90810,10193,9871,322,5477,4394,3.90,3.51,9871,1047,3729,1748
30765,90813,18689,17485,1204,2259,15226,3.14,3.17,17485,3160,1746,513
30766,90814,9452,8817,635,3064,5753,2.02,2.22,8817,556,2229,835
30767,90815,15565,14998,567,9758,5240,2.69,2.72,14998,539,7219,2539
30768,90822,0,0,0,0,0,-,-,0,0,0,0
30769,90831,0,0,0,0,0,-,-,0,0,0,0
30770,90840,0,0,0,0,0,-,-,0,0,0,0
30771,91001,13271,12330,941,9554,2776,2.97,2.90,12330,368,7252,2302
30772,91006,11232,10464,768,7499,2965,3.07,3.18,10464,193,4284,3215
30773,91007,12987,11708,1279,6086,5622,2.88,2.68,11708,637,3503,2583
30774,91008,351,278,73,233,45,2.92,2.09,278,7,157,76
30775,91010,8833,8462,371,5453,3009,3.34,2.76,8462,768,3841,1612
30776,91011,6901,6447,454,5786,661,3.19,3.21,6447,100,4036,1750
30777,91016,15658,14701,957,7405,7296,2.68,2.94,14701,707,4939,2466
30778,91020,3450,3224,226,888,2336,3.03,2.14,3224,208,780,108
30779,91024,5529,4961,568,2857,2104,2.56,1.87,4961,114,1962,895
30780,91030,11087,10345,742,4926,5419,2.88,2.31,10345,274,3543,1383
30781,91040,8013,7412,601,5627,1785,2.92,2.49,7412,478,4183,1444
30782,91042,10652,9872,780,5379,4493,2.77,2.56,9872,918,3870,1509
30783,91046,98,98,0,15,83,2.00,1.98,98,54,0,15
30784,91101,12006,10391,1615,1541,8850,1.92,1.82,10391,1764,1139,402
30785,91103,9258,8480,778,3847,4633,3.12,2.97,8480,1093,2847,1000
30786,91104,14259,13421,838,7063,6358,2.67,2.86,13421,1026,5053,2010
30787,91105,6508,5463,1045,3132,2331,2.47,2.06,5463,237,2010,1122
30788,91106,11819,10442,1377,3696,6746,2.24,2.24,10442,815,2444,1252
30789,91107,13785,12753,1032,7685,5068,2.64,2.48,12753,361,4880,2805
30790,91108,4610,4031,579,3378,653,2.95,4.09,4031,25,2020,1358
30791,91125,0,0,0,0,0,-,-,0,0,0,0
30792,91201,8614,8147,467,2395,5752,3.09,2.66,8147,1123,1745,650
30793,91202,9235,8738,497,3610,5128,2.60,2.58,8738,898,2598,1012
30794,91203,7287,6748,539,1272,5476,2.50,2.44,6748,604,772,500
30795,91204,6918,6564,354,546,6018,3.41,2.71,6564,826,362,184
30796,91205,14749,13709,1040,1904,11805,3.10,2.55,13709,2711,1278,626
30797,91206,13851,12610,1241,4517,8093,2.68,2.49,12610,997,3360,1157
30798,91207,4359,4121,238,2445,1676,2.98,2.50,4121,174,1618,827
30799,91208,6464,5964,500,3860,2104,2.65,2.39,5964,146,2789,1071
30800,91210,231,125,106,4,121,2.25,1.94,125,0,0,4
30801,91214,11150,10577,573,7680,2897,3.14,2.69,10577,435,5808,1872
30802,91301,9772,9059,713,7399,1660,2.80,2.95,9059,241,5599,1800
30803,91302,10225,9761,464,6818,2943,2.76,2.53,9761,172,4941,1877
30804,91303,10454,9887,567,2215,7672,3.06,3.01,9887,840,1338,877
30805,91304,18779,18190,589,9146,9044,2.83,3.06,18190,1552,6334,2812
30806,91306,15018,14463,555,7832,6631,3.34,3.44,14463,869,5812,2020
30807,91307,8891,8562,329,7098,1464,2.93,3.20,8562,205,5304,1794
30808,91311,14551,14156,395,9122,5034,2.83,2.88,14156,444,6418,2704
30809,91316,13162,12372,790,6302,6070,2.40,2.14,12372,829,4304,1998
30810,91320,15430,14902,528,11164,3738,2.91,3.13,14902,342,8220,2944
30811,91321,11614,11240,374,6482,4758,3.04,3.09,11240,609,4622,1860
30812,91324,11006,10045,961,4875,5170,3.20,2.59,10045,654,3482,1393
30813,91325,13383,12590,793,5786,6804,2.89,2.68,12590,767,4160,1626
30814,91326,13144,12518,626,9372,3146,3.03,2.43,12518,388,7022,2350
30815,91330,0,0,0,0,0,-,-,0,0,0,0
30816,91331,24097,23182,915,14856,8326,4.70,3.87,23182,1623,10521,4335
30817,91335,25343,24289,1054,11698,12591,3.30,3.06,24289,1788,8665,3033
30818,91340,9261,8829,432,5439,3390,4.20,3.82,8829,414,3816,1623
30819,91342,26109,24793,1316,16742,8051,3.73,3.60,24793,964,12043,4699
30820,91343,18641,17977,664,8972,9005,3.41,3.70,17977,1309,6824,2148
30821,91344,18309,17529,780,12755,4774,3.06,3.06,17529,1054,9357,3398
30822,91345,5613,5448,165,4016,1432,3.54,3.00,5448,226,2808,1208
30823,91350,13238,12914,324,10588,2326,3.30,3.00,12914,549,8647,1941
30824,91351,10562,10380,182,7746,2634,3.10,3.39,10380,268,5688,2058
30825,91352,12735,12040,695,6562,5478,4.08,3.43,12040,789,4343,2219
30826,91354,10964,10766,198,8570,2196,3.17,2.85,10766,151,7244,1326
30827,91355,12562,12052,510,7577,4475,2.68,2.34,12052,697,5820,1757
30828,91356,12471,11803,668,6794,5009,2.67,2.28,11803,940,5083,1711
30829,91360,15674,15260,414,10341,4919,2.76,2.59,15260,1038,7589,2752
30830,91361,8510,8005,505,5658,2347,2.51,2.18,8005,225,3790,1868
30831,91362,14450,13859,591,9642,4217,2.69,2.49,13859,638,7295,2347
30832,91364,11053,10254,799,6834,3420,2.86,2.49,10254,455,5219,1615
30833,91367,19441,17953,1488,8987,8966,2.76,2.22,17953,826,6654,2333
30834,91371,0,0,0,0,0,-,-,0,0,0,0
30835,91377,5221,5018,203,3589,1429,2.71,2.69,5018,186,2723,866
30836,91381,6772,6590,182,4317,2273,3.27,2.66,6590,144,3888,429
30837,91384,7119,6982,137,6004,978,3.35,2.81,6982,153,4887,1117
30838,91387,14603,13789,814,8576,5213,3.25,3.34,13789,431,6659,1917
30839,91390,6759,6288,471,5515,773,3.12,2.98,6288,93,3804,1711
30840,91401,15281,14596,685,5007,9589,2.63,2.67,14596,1391,3620,1387
30841,91402,20683,20133,550,6899,13234,3.62,3.22,20133,2315,5281,1618
30842,91403,12760,11867,893,5244,6623,2.48,1.97,11867,860,4221,1023
30843,91405,19397,18374,1023,4960,13414,3.35,2.88,18374,1990,3802,1158
30844,91406,19494,18686,808,7196,11490,3.05,2.82,18686,1524,5246,1950
30845,91411,9748,9037,711,2578,6459,2.51,2.62,9037,801,1859,719
30846,91423,16264,14925,1339,5702,9223,2.37,1.98,14925,472,4282,1420
30847,91436,6244,6011,233,4686,1325,2.88,2.55,6011,283,3233,1453
30848,91501,8341,7834,507,2817,5017,2.60,2.43,7834,810,2095,722
30849,91502,5990,5530,460,589,4941,2.42,2.15,5530,1190,492,97
30850,91504,10702,10151,551,5421,4730,2.85,2.49,10151,454,3982,1439
30851,91505,14100,13042,1058,6102,6940,3.02,2.08,13042,663,4422,1680
30852,91506,8654,8125,529,4615,3510,2.72,1.87,8125,360,3393,1222
30853,91601,19161,17086,2075,2851,14235,2.76,1.87,17086,1397,2278,573
30854,91602,10677,10124,553,3256,6868,2.30,1.89,10124,402,2429,827
30855,91604,15489,14350,1139,6700,7650,2.59,1.96,14350,821,5096,1604
30856,91605,17325,16304,1021,6101,10203,3.40,3.06,16304,1204,4279,1822
30857,91606,16267,15255,1012,5252,10003,3.33,2.56,15255,1566,3910,1342
30858,91607,14129,13384,745,4251,9133,2.48,2.18,13384,1122,2955,1296
30859,91608,8,8,0,0,8,-,2.00,8,0,0,0
30860,91701,13263,12845,418,10069,2776,3.04,2.98,12845,445,7216,2853
30861,91702,16994,16175,819,9310,6865,3.39,3.64,16175,721,6517,2793
30862,91706,18379,17857,522,10658,7199,4.11,4.09,17857,807,7414,3244
30863,91708,4663,4096,567,1757,2339,3.22,2.98,4096,364,1495,262
30864,91709,26183,24961,1222,17899,7062,3.20,2.97,24961,706,12574,5325
30865,91710,23408,22214,1194,14764,7450,3.38,3.31,22214,828,10950,3814
30866,91711,13049,12452,597,8405,4047,2.81,2.19,12452,768,5834,2571
30867,91722,10669,10321,348,7111,3210,3.52,3.27,10321,390,5180,1931
30868,91723,6399,6250,149,2499,3751,3.03,2.82,6250,270,1887,612
30869,91724,9324,8987,337,6305,2682,3.30,3.12,8987,257,4418,1887
30870,91730,25301,24460,841,11850,12610,2.94,2.76,24460,872,8654,3196
30871,91731,8391,7928,463,2926,5002,3.66,3.45,7928,1038,1542,1384
30872,91732,15621,15260,361,6616,8644,3.73,3.97,15260,980,3909,2707
30873,91733,11166,10786,380,4977,5809,3.86,4.21,10786,843,2657,2320
30874,91737,8116,7760,356,5462,2298,2.99,3.24,7760,211,4215,1247
30875,91739,12062,11336,726,7978,3358,3.62,2.84,11336,192,6673,1305
30876,91740,8718,8449,269,5543,2906,3.20,3.03,8449,238,3809,1734
30877,91741,9329,8856,473,6502,2354,2.95,3.03,8856,171,4394,2108
30878,91744,18988,18303,685,12139,6164,4.40,4.47,18303,680,8069,4070
30879,91745,17076,16309,767,12511,3798,3.31,3.51,16309,582,7631,4880
30880,91746,7238,6981,257,5346,1635,4.25,4.09,6981,319,3748,1598
30881,91748,14260,13720,540,9031,4689,3.22,3.40,13720,527,5523,3508
30882,91750,12656,12191,465,8675,3516,2.81,2.31,12191,618,5771,2904
30883,91752,9569,9157,412,5549,3608,4.15,3.48,9157,350,4320,1229
30884,91754,12505,11689,816,6325,5364,2.93,2.87,11689,1229,3279,3046
30885,91755,9120,8604,516,3956,4648,3.04,3.23,8604,818,2105,1851
30886,91759,394,175,219,146,29,2.18,1.66,175,0,57,89
30887,91761,18063,17624,439,11515,6109,3.40,3.45,17624,352,8557,2958
30888,91762,19099,18012,1087,9727,8285,3.31,3.52,18012,605,6935,2792
30889,91763,10194,9896,298,5353,4543,3.82,3.76,9896,539,3571,1782
30890,91764,16914,16291,623,7429,8862,3.67,3.25,16291,628,5410,2019
30891,91765,15754,15119,635,11774,3345,3.03,3.12,15119,401,8001,3773
30892,91766,19931,19134,797,9974,9160,3.72,3.69,19134,1219,6733,3241
30893,91767,15364,14712,652,7834,6878,3.49,3.23,14712,1248,5584,2250
30894,91768,8953,8635,318,4846,3789,3.57,3.73,8635,428,3269,1577
30895,91770,17101,16192,909,8311,7881,3.52,3.76,16192,932,4602,3709
30896,91773,12188,11705,483,8202,3503,2.96,2.68,11705,491,5574,2628
30897,91775,8618,7992,626,5122,2870,2.98,3.00,7992,349,3212,1910
30898,91776,12313,11470,843,4698,6772,3.51,3.13,11470,821,2720,1978
30899,91780,12349,11656,693,7163,4493,3.15,2.85,11656,239,4426,2737
30900,91784,9196,8992,204,7734,1258,2.94,2.82,8992,101,5740,1994
30901,91786,20044,19456,588,8148,11308,2.81,2.82,19456,1082,5236,2912
30902,91789,13462,12695,767,10489,2206,3.23,3.57,12695,285,6515,3974
30903,91790,13023,12465,558,8084,4381,3.78,3.30,12465,417,5492,2592
30904,91791,11311,10674,637,7132,3542,3.41,2.82,10674,734,4528,2604
30905,91792,9489,9184,305,5248,3936,3.31,3.57,9184,400,3729,1519
30906,91801,21537,20080,1457,6991,13089,2.70,2.63,20080,1620,4181,2810
30907,91803,10383,10002,381,4859,5143,2.94,2.89,10002,524,2872,1987
30908,91901,6591,6313,278,4651,1662,2.96,2.65,6313,170,3544,1107
30909,91902,6368,6041,327,4761,1280,2.93,2.91,6041,74,3199,1562
30910,91905,684,562,122,399,163,2.64,2.58,562,28,249,150
30911,91906,1523,1343,180,945,398,2.92,3.55,1343,53,571,374
30912,91910,27994,25531,2463,13095,12436,3.00,2.88,25531,1699,9145,3950
30913,91911,27867,25756,2111,13283,12473,3.41,3.41,25756,1477,8149,5134
30914,91913,16360,15469,891,10952,4517,3.53,3.32,15469,254,8705,2247
30915,91914,4842,4744,98,3646,1098,3.81,3.50,4744,146,3044,602
30916,91915,10098,9713,385,6912,2801,3.69,3.26,9713,116,6043,869
30917,91916,780,671,109,568,103,2.67,3.84,671,39,353,215
30918,91917,263,198,65,128,70,3.25,4.31,198,0,112,16
30919,91931,353,304,49,268,36,2.58,2.03,304,0,83,185
30920,91932,10350,9187,1163,2920,6267,2.55,2.86,9187,458,1868,1052
30921,91934,271,271,0,152,119,2.54,3.45,271,0,84,68
30922,91935,3100,2980,120,2720,260,3.17,3.16,2980,24,1875,845
30923,91941,13027,12486,541,7949,4537,2.69,2.72,12486,337,6093,1856
30924,91942,17945,16960,985,7203,9757,2.64,2.18,16960,1575,4911,2292
30925,91945,9528,9162,366,4863,4299,3.24,2.74,9162,623,3819,1044
30926,91948,164,59,105,59,0,2.32,-,59,0,31,28
30927,91950,18849,17769,1080,5958,11811,3.76,2.91,17769,2117,4044,1914
30928,91962,1191,971,220,854,117,2.57,2.67,971,19,503,351
30929,91963,153,112,41,63,49,5.67,2.94,112,30,49,14
30930,91977,20291,19730,561,12135,7595,3.32,3.27,19730,1314,9078,3057
30931,91978,3383,3320,63,2130,1190,3.31,3.28,3320,71,1443,687
30932,91980,13,0,13,0,0,-,-,0,0,0,0
30933,92003,1661,1627,34,1009,618,2.71,2.34,1627,0,752,257
30934,92004,2999,1336,1663,1049,287,2.03,2.24,1336,0,370,679
30935,92007,4737,4289,448,2627,1662,2.56,2.84,4289,86,1812,815
30936,92008,13310,11976,1334,5646,6330,2.44,2.19,11976,641,3576,2070
30937,92009,17424,16512,912,11515,4997,2.78,2.87,16512,327,8934,2581
30938,92010,6755,6388,367,4118,2270,2.58,2.29,6388,289,2787,1331
30939,92011,10448,9474,974,5869,3605,2.55,2.65,9474,138,4088,1781
30940,92014,6635,5452,1183,3785,1667,2.38,2.28,5452,48,2370,1415
30941,92019,15912,15091,821,10176,4915,3.00,3.02,15091,585,7453,2723
30942,92020,20518,19997,521,8414,11583,2.90,2.99,19997,1857,6186,2228
30943,92021,23971,23331,640,12157,11174,2.92,3.07,23331,1692,7476,4681
30944,92024,21270,19480,1790,12651,6829,2.74,2.32,19480,854,8184,4467
30945,92025,17446,16799,647,7110,9689,2.89,3.00,16799,1431,5342,1768
30946,92026,19569,18432,1137,11064,7368,2.83,2.71,18432,1002,8051,3013
30947,92027,17769,17263,506,10443,6820,3.34,3.14,17263,1105,7180,3263
30948,92028,17994,16649,1345,11617,5032,2.90,3.31,16649,646,8226,3391
30949,92029,7762,7459,303,5619,1840,2.59,2.61,7459,317,3762,1857
30950,92036,2336,1360,976,1195,165,2.06,2.44,1360,17,745,450
30951,92037,19337,16342,2995,10422,5920,2.38,2.08,16342,662,6107,4315
30952,92040,16246,15446,800,10407,5039,2.99,2.75,15446,532,7161,3246
30953,92054,17776,14910,2866,6034,8876,2.62,2.42,14910,758,3879,2155
30954,92055,0,0,0,0,0,-,-,0,0,0,0
30955,92056,20326,19344,982,12434,6910,2.78,2.79,19344,741,8816,3618
30956,92057,19248,18440,808,12652,5788,3.08,3.36,18440,713,9378,3274
30957,92058,15328,14201,1127,3706,10495,2.77,3.14,14201,469,2561,1145
30958,92059,543,491,52,330,161,2.82,3.19,491,14,153,177
30959,92060,184,99,85,88,11,4.33,-,99,0,7,81
30960,92061,973,647,326,547,100,2.07,5.60,647,15,247,300
30961,92064,16902,16282,620,12438,3844,3.01,2.86,16282,367,9138,3300
30962,92065,12888,12229,659,9012,3217,2.83,3.45,12229,220,7078,1934
30963,92066,215,177,38,115,62,2.04,1.98,177,26,77,38
30964,92067,3969,2991,978,2668,323,2.91,4.02,2991,14,1530,1138
30965,92069,15438,14824,614,8398,6426,3.19,3.02,14824,726,6181,2217
30966,92070,437,355,82,182,173,2.57,2.32,355,17,73,109
30967,92071,21321,20678,643,14954,5724,2.79,2.86,20678,702,10449,4505
30968,92075,5994,4978,1016,3233,1745,2.39,2.58,4978,191,1956,1277
30969,92078,19030,17988,1042,12624,5364,2.87,3.03,17988,719,9032,3592
30970,92081,10690,10420,270,5329,5091,2.72,2.82,10420,331,3953,1376
30971,92082,6561,6134,427,5256,878,3.26,3.50,6134,80,3374,1882
30972,92083,11838,11316,522,5401,5915,3.47,3.30,11316,724,3813,1588
30973,92084,15307,14672,635,8758,5914,3.21,3.54,14672,454,6396,2362
30974,92086,733,524,209,447,77,2.18,2.38,524,6,245,202
30975,92091,764,609,155,527,82,2.15,2.44,609,40,320,207
30976,92092,0,0,0,0,0,-,-,0,0,0,0
30977,92093,0,0,0,0,0,-,-,0,0,0,0
30978,92096,0,0,0,0,0,-,-,0,0,0,0
30979,92101,29778,25702,4076,6569,19133,1.68,1.50,25702,5215,5076,1493
30980,92102,15615,14420,1195,4773,9647,3.03,2.57,14420,1147,3579,1194
30981,92103,20238,18550,1688,6306,12244,2.10,1.63,18550,1484,4154,2152
30982,92104,23551,21951,1600,6038,15913,2.27,2.01,21951,1389,4628,1410
30983,92105,24014,22779,1235,7361,15418,3.23,3.16,22779,2834,5045,2316
30984,92106,8011,7678,333,4551,3127,2.42,2.32,7678,253,3086,1465
30985,92107,14301,13507,794,5014,8493,2.47,1.97,13507,604,3270,1744
30986,92108,12706,11847,859,3551,8296,1.93,1.81,11847,447,2982,569
30987,92109,25674,21942,3732,6883,15059,2.14,2.02,21942,982,4654,2229
30988,92110,12682,11875,807,4410,7465,2.23,2.25,11875,1072,2841,1569
30989,92111,17456,16870,586,9000,7870,2.63,2.95,16870,864,6091,2909
30990,92113,14551,13757,794,3830,9927,4.16,3.45,13757,1430,2737,1093
30991,92114,18835,18163,672,12647,5516,3.61,3.80,18163,969,9214,3433
30992,92115,23088,20892,2196,7656,13236,2.58,2.84,20892,2126,5732,1924
30993,92116,18027,16356,1671,5529,10827,2.07,1.84,16356,914,4122,1407
30994,92117,21480,20681,799,11651,9030,2.62,2.72,20681,792,7275,4376
30995,92118,9764,7147,2617,3803,3344,2.21,2.64,7147,282,2277,1526
30996,92119,9529,9224,305,7001,2223,2.71,2.41,9224,464,4748,2253
30997,92120,12251,11544,707,7494,4050,2.55,2.46,11544,366,5319,2175
30998,92121,1791,1694,97,914,780,2.39,2.60,1694,25,721,193
30999,92122,20895,19242,1653,6346,12896,2.34,2.38,19242,1621,3957,2389
31000,92123,12942,12035,907,5511,6524,2.50,2.82,12035,379,3658,1853
31001,92124,11742,11201,541,5210,5991,2.51,3.09,11201,86,3732,1478
31002,92126,25500,24903,597,13417,11486,3.14,3.10,24903,1081,9918,3499
31003,92127,16253,15909,344,10785,5124,3.34,2.80,15909,591,9123,1662
31004,92128,21204,20465,739,13149,7316,2.49,2.34,20465,701,9510,3639
31005,92129,18630,18049,581,12851,5198,2.94,3.06,18049,525,9399,3452
31006,92130,22077,20632,1445,13277,7355,2.90,2.54,20632,407,10373,2904
31007,92131,12873,12550,323,10083,2467,2.87,2.88,12550,362,7623,2460
31008,92132,0,0,0,0,0,-,-,0,0,0,0
31009,92134,0,0,0,0,0,-,-,0,0,0,0
31010,92135,0,0,0,0,0,-,-,0,0,0,0
31011,92136,0,0,0,0,0,-,-,0,0,0,0
31012,92139,10656,9929,727,5647,4282,3.51,3.54,9929,284,4158,1489
31013,92140,0,0,0,0,0,-,-,0,0,0,0
31014,92145,0,0,0,0,0,-,-,0,0,0,0
31015,92147,0,0,0,0,0,-,-,0,0,0,0
31016,92154,23466,22724,742,13876,8848,3.74,3.33,22724,929,10125,3751
31017,92155,0,0,0,0,0,-,-,0,0,0,0
31018,92161,0,0,0,0,0,-,-,0,0,0,0
31019,92173,8389,8064,325,2420,5644,4.15,3.46,8064,779,1755,665
31020,92179,0,0,0,0,0,-,-,0,0,0,0
31021,92182,0,0,0,0,0,-,-,0,0,0,0
31022,92201,28719,25316,3403,16082,9234,2.53,2.32,25316,1171,9224,6858
31023,92203,15395,12228,3167,9908,2320,2.66,2.77,12228,219,6889,3019
31024,92210,5326,2517,2809,1934,583,2.05,1.47,2517,51,819,1115
31025,92211,20289,12946,7343,9135,3811,2.00,2.02,12946,470,4874,4261
31026,92220,12537,11617,920,8103,3514,2.44,3.30,11617,833,3747,4356
31027,92222,9,9,0,9,0,3.44,-,9,0,0,9
31028,92223,19188,18462,726,14747,3715,3.27,3.16,18462,482,11019,3728
31029,92225,7613,5036,2577,3027,2009,2.85,2.84,5036,473,1689,1338
31030,92227,9078,7597,1481,4116,3481,3.62,3.59,7597,677,3036,1080
31031,92230,957,807,150,582,225,2.94,2.80,807,130,228,354
31032,92231,11161,9005,2156,4733,4272,4.66,3.91,9005,693,3359,1374
31033,92233,1523,1014,509,714,300,2.75,4.41,1014,80,407,307
31034,92234,23304,18827,4477,11772,7055,2.66,2.85,18827,1050,7299,4473
31035,92236,15969,15722,247,11056,4666,2.77,2.50,15722,385,7165,3891
31036,92239,320,139,181,113,26,2.01,2.50,139,2,11,102
31037,92240,16245,13962,2283,7164,6798,2.94,2.64,13962,1035,4384,2780
31038,92241,6060,3498,2562,2868,630,2.13,1.86,3498,211,752,2116
31039,92242,1501,599,902,498,101,2.05,2.31,599,17,104,394
31040,92243,15293,13080,2213,6612,6468,3.84,3.57,13080,820,3510,3102
31041,92249,2095,1869,226,1307,562,4.64,4.06,1869,33,788,519
31042,92250,2445,2031,414,1104,927,3.64,4.05,2031,118,529,575
31043,92251,7293,5907,1386,4112,1795,3.80,3.85,5907,87,2999,1113
31044,92252,5207,3597,1610,2130,1467,2.48,2.31,3597,273,1269,861
31045,92253,24507,15358,9149,11179,4179,2.48,2.41,15358,520,7531,3648
31046,92254,3892,3251,641,2566,685,2.46,1.69,3251,299,713,1853
31047,92256,1921,1515,406,1100,415,2.15,1.90,1515,71,516,584
31048,92257,1053,479,574,201,278,2.13,2.05,479,66,72,129
31049,92258,338,231,107,141,90,2.81,1.49,231,21,12,129
31050,92259,393,140,253,96,44,1.61,1.50,140,22,13,83
31051,92260,21953,14717,7236,9661,5056,2.07,2.19,14717,754,4990,4671
31052,92262,19736,13062,6674,7896,5166,1.90,2.05,13062,1054,4560,3336
31053,92264,17300,11005,6295,7393,3612,1.75,1.92,11005,581,3536,3857
31054,92266,265,123,142,39,84,1.85,1.32,123,27,0,39
31055,92267,78,22,56,0,22,-,-,22,0,0,0
31056,92268,434,279,155,205,74,1.81,1.77,279,0,82,123
31057,92270,14998,8817,6181,7072,1745,1.87,2.15,8817,353,3581,3491
31058,92273,605,444,161,276,168,4.24,3.63,444,42,125,151
31059,92274,7521,5746,1775,5117,629,2.14,2.99,5746,66,1238,3879
31060,92275,840,629,211,599,30,1.60,2.83,629,7,266,333
31061,92276,3827,2879,948,2134,745,2.46,3.73,2879,114,1084,1050
31062,92277,12497,9873,2624,3590,6283,2.37,2.89,9873,377,1994,1596
31063,92278,0,0,0,0,0,-,-,0,0,0,0
31064,92280,0,0,0,0,0,-,-,0,0,0,0
31065,92281,676,562,114,261,301,4.51,4.55,562,50,152,109
31066,92282,601,430,171,359,71,2.79,3.72,430,25,224,135
31067,92283,1116,531,585,276,255,3.88,3.20,531,90,9,267
31068,92284,11775,10285,1490,7122,3163,2.54,2.38,10285,726,4560,2562
31069,92285,2371,1062,1309,889,173,2.19,1.90,1062,80,314,575
31070,92301,9387,8605,782,5111,3494,3.89,4.21,8605,677,3670,1441
31071,92304,0,0,0,0,0,-,-,0,0,0,0
31072,92305,486,149,337,107,42,2.66,3.64,149,5,62,45
31073,92307,14043,13224,819,8813,4411,3.10,2.95,13224,375,6223,2590
31074,92308,14917,13856,1061,9591,4265,2.97,3.37,13856,437,6993,2598
31075,92309,283,229,54,70,159,2.46,2.62,229,38,41,29
31076,92310,3036,2790,246,14,2776,4.50,2.66,2790,29,14,0
31077,92311,13341,11526,1815,5441,6085,2.91,2.97,11526,1102,2685,2756
31078,92313,5094,4721,373,2981,1740,3.00,2.30,4721,177,1945,1036
31079,92314,9429,4399,5030,2927,1472,2.35,2.73,4399,115,2150,777
31080,92315,9836,2212,7624,1347,865,2.28,2.46,2212,158,856,491
31081,92316,8263,7550,713,5101,2449,3.88,3.50,7550,111,3498,1603
31082,92317,991,385,606,297,88,1.99,1.67,385,0,134,163
31083,92320,3892,3653,239,3187,466,2.68,3.15,3653,95,1635,1552
31084,92321,1245,440,805,317,123,2.18,2.60,440,0,222,95
31085,92322,724,399,325,399,0,2.12,-,399,0,260,139
31086,92324,19774,17955,1819,9428,8527,3.35,3.06,17955,944,6227,3201
31087,92325,6190,3317,2873,2593,724,2.30,3.21,3317,71,1783,810
31088,92327,435,379,56,67,312,1.84,2.03,379,28,0,67
31089,92328,576,474,102,98,376,2.80,1.54,474,0,7,91
31090,92332,146,65,81,17,48,3.06,2.15,65,10,0,17
31091,92333,1059,237,822,185,52,1.90,2.04,237,7,123,62
31092,92335,25827,24921,906,12017,12904,4.17,3.64,24921,1072,8298,3719
31093,92336,26825,26519,306,21178,5341,3.70,3.79,26519,619,17876,3302
31094,92337,10024,9720,304,7125,2595,3.75,4.36,9720,158,6244,881
31095,92338,0,0,0,0,0,-,-,0,0,0,0
31096,92339,746,506,240,353,153,2.14,2.56,506,0,260,93
31097,92341,1036,155,881,132,23,2.29,1.61,155,0,98,34
31098,92342,3054,2467,587,2039,428,2.57,2.44,2467,0,1070,969
31099,92344,6000,5629,371,4438,1191,3.65,3.85,5629,240,3243,1195
31100,92345,27193,25960,1233,16112,9848,3.38,3.38,25960,1230,11403,4709
31101,92346,18486,17966,520,12099,5867,3.33,3.33,17966,658,8475,3624
31102,92347,405,303,102,214,89,2.21,3.16,303,42,117,97
31103,92350,54,54,0,0,54,-,1.89,54,0,0,0
31104,92352,7235,2021,5214,1714,307,2.53,3.34,2021,22,1224,490
31105,92354,9300,8515,785,3757,4758,2.83,2.46,8515,696,2261,1496
31106,92356,3220,2428,792,1658,770,2.72,3.02,2428,326,836,822
31107,92358,460,351,109,289,62,2.37,2.23,351,8,178,111
31108,92359,3327,3251,76,2161,1090,3.17,2.44,3251,200,1480,681
31109,92363,3836,2079,1757,1160,919,2.66,2.42,2079,225,513,647
31110,92364,29,12,17,0,12,-,-,12,0,0,0
31111,92365,1393,1019,374,730,289,2.52,2.01,1019,53,249,481
31112,92368,376,289,87,151,138,3.41,3.64,289,10,68,83
31113,92369,0,0,0,0,0,-,-,0,0,0,0
31114,92371,6088,5745,343,4381,1364,3.43,4.44,5745,207,3075,1306
31115,92372,2061,1823,238,1423,400,3.23,2.75,1823,32,987,436
31116,92373,14431,12793,1638,6771,6022,2.71,2.20,12793,651,4841,1930
31117,92374,15270,14568,702,8515,6053,2.93,2.98,14568,594,5822,2693
31118,92376,23095,22101,994,12953,9148,3.97,3.82,22101,1098,8913,4040
31119,92377,5422,5257,165,4373,884,3.79,4.06,5257,73,3235,1138
31120,92378,318,143,175,112,31,2.43,5.48,143,0,101,11
31121,92382,3845,1696,2149,1274,422,2.44,2.88,1696,76,899,375
31122,92384,26,18,8,0,18,-,1.50,18,0,0,0
31123,92385,280,101,179,101,0,1.74,-,101,0,85,16
31124,92386,3108,876,2232,558,318,1.77,3.01,876,0,307,251
31125,92389,219,126,93,112,14,1.74,-,126,10,5,107
31126,92391,1668,884,784,535,349,2.23,2.25,884,126,334,201
31127,92392,17698,16641,1057,10711,5930,3.51,3.93,16641,724,8127,2584
31128,92394,9961,9636,325,6109,3527,3.77,3.52,9636,628,4968,1141
31129,92395,16225,15252,973,8298,6954,3.08,3.11,15252,905,5699,2599
31130,92397,3045,2262,783,1752,510,2.28,2.38,2262,50,968,784
31131,92398,699,646,53,303,343,2.93,1.57,646,27,87,216
31132,92399,19589,18504,1085,12965,5539,2.96,2.91,18504,1323,8324,4641
31133,92401,834,740,94,129,611,3.69,2.60,740,152,93,36
31134,92404,19324,18591,733,8792,9799,3.67,3.15,18591,1359,6642,2150
31135,92405,9678,9226,452,4463,4763,3.20,3.47,9226,626,3266,1197
31136,92407,18544,17574,970,10768,6806,3.78,3.50,17574,916,8740,2028
31137,92408,4064,3633,431,1483,2150,3.82,2.88,3633,353,1071,412
31138,92410,14293,12949,1344,5633,7316,3.48,3.39,12949,1517,3264,2369
31139,92411,7237,6683,554,3568,3115,3.99,3.98,6683,498,2142,1426
31140,92415,0,0,0,0,0,-,-,0,0,0,0
31141,92501,7110,6562,548,2868,3694,3.51,2.87,6562,367,2271,597
31142,92503,25195,24338,857,16271,8067,3.68,3.65,24338,932,12722,3549
31143,92504,16413,15659,754,9610,6049,3.61,3.31,15659,1053,7116,2494
31144,92505,14719,14152,567,7215,6937,3.97,3.35,14152,488,5286,1929
31145,92506,15003,14415,588,10812,3603,2.98,3.07,14415,373,8141,2671
31146,92507,18578,16875,1703,5957,10918,3.36,2.73,16875,1341,4353,1604
31147,92508,10044,9763,281,7839,1924,3.58,4.11,9763,178,5962,1877
31148,92509,19763,18749,1014,13343,5406,4.30,4.04,18749,445,9483,3860
31149,92518,708,488,220,8,480,-,2.15,488,90,0,8
31150,92521,0,0,0,0,0,-,-,0,0,0,0
31151,92530,17063,16083,980,10465,5618,3.61,3.77,16083,588,7724,2741
31152,92532,8021,7684,337,5794,1890,3.61,3.13,7684,202,4853,941
31153,92536,1460,965,495,813,152,2.41,2.75,965,18,339,474
31154,92539,2346,1545,801,1190,355,3.01,3.48,1545,58,520,670
31155,92543,14449,13145,1304,7145,6000,2.92,2.94,13145,1131,3855,3290
31156,92544,17497,16058,1439,10921,5137,3.18,3.33,16058,695,6968,3953
31157,92545,16446,15347,1099,10687,4660,2.88,2.68,15347,990,5773,4914
31158,92548,2401,2232,169,1565,667,3.64,2.93,2232,60,762,803
31159,92549,4236,1308,2928,923,385,2.14,2.28,1308,49,491,432
31160,92551,8480,8171,309,5343,2828,4.36,4.26,8171,101,4235,1108
31161,92553,20083,19158,925,9571,9587,3.98,3.67,19158,922,7286,2285
31162,92555,11950,11493,457,8741,2752,4.04,3.74,11493,118,7489,1252
31163,92557,15222,14516,706,9475,5041,3.62,3.92,14516,460,7486,1989
31164,92561,1094,694,400,613,81,2.27,2.96,694,60,226,387
31165,92562,21554,20226,1328,14034,6192,3.30,2.81,20226,834,11036,2998
31166,92563,22568,21383,1185,15075,6308,3.55,3.44,21383,376,12422,2653
31167,92567,2784,2592,192,1931,661,3.92,4.41,2592,130,1445,486
31168,92570,15651,14230,1421,9620,4610,4.22,4.05,14230,654,6705,2915
31169,92571,13876,13351,525,9282,4069,4.47,4.20,13351,450,7086,2196
31170,92582,5450,5066,384,3958,1108,4.08,3.95,5066,214,3167,791
31171,92583,10732,9984,748,6167,3817,3.12,3.67,9984,587,3782,2385
31172,92584,16802,15668,1134,12667,3001,3.47,3.63,15668,200,10344,2323
31173,92585,7501,7180,321,6242,938,3.53,3.37,7180,123,4764,1478
31174,92586,9893,9155,738,6574,2581,2.21,2.08,9155,705,4090,2484
31175,92587,6298,5888,410,4379,1509,3.04,3.39,5888,91,3369,1010
31176,92590,1998,1919,79,774,1145,2.84,2.76,1919,178,518,256
31177,92591,14514,13382,1132,8191,5191,3.11,2.97,13382,617,6276,1915
31178,92592,25682,24499,1183,18874,5625,3.32,3.44,24499,410,15790,3084
31179,92595,10702,10286,416,7769,2517,3.46,3.05,10286,429,5959,1810
31180,92596,9332,8824,508,7120,1704,4.04,3.81,8824,212,6085,1035
31181,92602,10112,9125,987,4025,5100,2.97,3.03,9125,87,2808,1217
31182,92603,8027,7131,896,4222,2909,2.71,2.63,7131,288,2877,1345
31183,92604,10629,10407,222,6580,3827,2.80,3.00,10407,515,4050,2530
31184,92606,9505,9018,487,3511,5507,3.14,2.56,9018,549,2312,1199
31185,92610,4422,4229,193,3196,1033,3.00,2.85,4229,33,2713,483
31186,92612,15582,14122,1460,4117,10005,2.36,2.38,14122,1546,2303,1814
31187,92614,11740,11223,517,4192,7031,2.63,2.60,11223,468,2876,1316
31188,92617,4475,4092,383,1140,2952,3.06,2.65,4092,819,887,253
31189,92618,23230,20890,2340,8039,12851,2.91,2.37,20890,885,5654,2385
31190,92620,22617,21158,1459,11841,9317,2.87,2.82,21158,529,8070,3771
31191,92624,3164,2555,609,1579,976,2.38,2.62,2555,118,973,606
31192,92625,6813,5860,953,3630,2230,2.29,2.14,5860,246,2180,1450
31193,92626,20247,19364,883,8025,11339,2.80,2.40,19364,787,6066,1959
31194,92627,23100,22141,959,8681,13460,2.73,2.81,22141,1036,6506,2175
31195,92629,13766,11642,2124,7210,4432,2.25,2.40,11642,269,5271,1939
31196,92630,24438,23246,1192,15971,7275,2.88,2.75,23246,809,11846,4125
31197,92637,13413,11933,1480,8172,3761,1.49,1.40,11933,1632,2343,5829
31198,92646,22256,21399,857,16330,5069,2.56,2.75,21399,570,11119,5211
31199,92647,22052,21002,1050,9224,11778,2.84,2.89,21002,529,6011,3213
31200,92648,21412,19726,1686,9014,10712,2.56,2.07,19726,977,5943,3071
31201,92649,15219,14696,523,8320,6376,2.45,2.47,14696,546,5369,2951
31202,92651,14420,10976,3444,7305,3671,2.32,1.92,10976,408,4519,2786
31203,92653,11325,10738,587,7512,3226,2.84,2.61,10738,390,5343,2169
31204,92655,2679,2505,174,714,1791,3.42,3.31,2505,615,414,300
31205,92656,20891,19701,1190,11392,8309,2.76,2.56,19701,978,9149,2243
31206,92657,4199,3648,551,2817,831,2.71,2.07,3648,0,1798,1019
31207,92660,17486,15806,1680,7978,7828,2.63,1.93,15806,291,5557,2421
31208,92661,2812,1652,1160,635,1017,2.52,1.63,1652,97,334,301
31209,92662,1970,1217,753,763,454,1.94,2.18,1217,55,375,388
31210,92663,12606,10552,2054,4957,5595,2.15,1.88,10552,653,3021,1936
31211,92672,17746,15185,2561,7651,7534,2.49,2.35,15185,454,5304,2347
31212,92673,10205,9774,431,7976,1798,3.10,3.35,9774,263,5972,2004
31213,92675,13318,12460,858,9249,3211,2.67,3.27,12460,587,6154,3095
31214,92676,808,760,48,684,76,2.56,2.97,760,8,494,190
31215,92677,27235,25361,1874,17000,8361,2.54,2.53,25361,876,12322,4678
31216,92678,263,242,21,214,28,2.41,2.11,242,0,170,44
31217,92679,10949,10493,456,9488,1005,3.02,2.69,10493,47,7640,1848
31218,92683,28636,27611,1025,14407,13204,3.44,3.14,27611,1842,9299,5108
31219,92688,15812,15446,366,10726,4720,2.93,2.75,15446,688,9199,1527
31220,92691,16962,16400,562,12502,3898,2.88,2.84,16400,639,9685,2817
31221,92692,17629,16588,1041,13029,3559,2.75,2.91,16588,235,9723,3306
31222,92694,11540,11292,248,8402,2890,3.17,2.85,11292,231,7182,1220
31223,92697,0,0,0,0,0,-,-,0,0,0,0
31224,92701,12812,12341,471,3547,8794,3.91,3.93,12341,1258,2592,955
31225,92703,13944,13543,401,6573,6970,4.72,4.44,13543,491,4123,2450
31226,92704,20214,19686,528,10117,9569,3.96,4.11,19686,938,6354,3763
31227,92705,15738,14959,779,9504,5455,3.04,3.33,14959,402,6886,2618
31228,92706,10285,10076,209,5508,4568,3.45,3.79,10076,735,4428,1080
31229,92707,14687,14142,545,7109,7033,4.40,4.10,14142,618,5024,2085
31230,92708,19218,18852,366,12753,6099,3.00,3.02,18852,764,8066,4687
31231,92780,18244,17420,824,8007,9413,2.88,3.31,17420,932,5451,2556
31232,92782,11390,10988,402,6686,4302,2.87,2.55,10988,271,4781,1905
31233,92801,19602,18522,1080,6849,11673,3.56,3.49,18522,1242,4519,2330
31234,92802,12633,11946,687,4238,7708,3.38,3.64,11946,861,2856,1382
31235,92804,25454,24586,868,10464,14122,3.58,3.31,24586,1761,7157,3307
31236,92805,22171,20593,1578,8633,11960,3.54,3.52,20593,902,6288,2345
31237,92806,13117,12521,596,5145,7376,3.54,2.90,12521,500,3618,1527
31238,92807,12556,12248,308,9760,2488,2.91,3.02,12248,373,7230,2530
31239,92808,7942,7797,145,5738,2059,2.92,2.30,7797,245,4640,1098
31240,92821,15444,14822,622,8900,5922,2.86,2.66,14822,592,6284,2616
31241,92823,1900,1762,138,1472,290,3.26,2.86,1762,0,1229,243
31242,92831,13339,12401,938,5234,7167,2.84,2.82,12401,796,3626,1608
31243,92832,8850,8203,647,2897,5306,3.10,3.06,8203,578,1976,921
31244,92833,17038,16584,454,9696,6888,3.06,3.35,16584,571,6996,2700
31245,92835,9514,9120,394,6685,2435,2.89,2.88,9120,245,4714,1971
31246,92840,16087,15530,557,8401,7129,3.49,3.35,15530,770,5731,2670
31247,92841,9725,9531,194,5124,4407,3.68,3.47,9531,559,3067,2057
31248,92843,12079,11802,277,5777,6025,4.11,4.02,11802,700,3784,1993
31249,92844,6942,6733,209,2813,3920,3.56,3.13,6733,529,1903,910
31250,92845,5485,5380,105,4199,1181,2.84,2.71,5380,178,2836,1363
31251,92860,7401,7060,341,5970,1090,3.31,3.12,7060,184,4664,1306
31252,92861,2014,1965,49,1815,150,2.97,2.75,1965,25,1215,600
31253,92865,6974,6813,161,4470,2343,2.96,3.39,6813,187,3498,972
31254,92866,5951,5626,325,2053,3573,2.62,2.63,5626,435,1271,782
31255,92867,13252,12948,304,8709,4239,3.07,3.54,12948,190,6447,2262
31256,92868,8721,7990,731,2815,5175,3.07,2.78,7990,314,2209,606
31257,92869,11674,11243,431,8446,2797,3.09,3.48,11243,284,6118,2328
31258,92870,17258,16727,531,10698,6029,3.14,3.15,16727,537,7690,3008
31259,92879,14216,13758,458,7831,5927,3.55,3.37,13758,610,5602,2229
31260,92880,19945,18961,984,14539,4422,3.95,3.95,18961,220,12377,2162
31261,92881,9432,9057,375,7489,1568,3.44,3.25,9057,119,5867,1622
31262,92882,20245,19622,623,12464,7158,3.62,3.47,19622,626,9434,3030
31263,92883,11753,11248,505,9092,2156,3.14,3.34,11248,278,7439,1653
31264,92886,17479,16777,702,13678,3099,3.02,2.95,16777,378,10083,3595
31265,92887,7334,7071,263,5990,1081,2.93,2.60,7071,181,4144,1846
31266,93001,14515,12810,1705,5627,7183,2.60,2.30,12810,872,3783,1844
31267,93003,21206,20167,1039,11830,8337,2.59,2.57,20167,1245,7679,4151
31268,93004,11714,11183,531,7451,3732,2.87,2.74,11183,562,4900,2551
31269,93010,17068,16264,804,10375,5889,2.86,2.85,16264,784,7257,3118
31270,93012,13984,13273,711,9232,4041,2.59,2.28,13273,531,6602,2630
31271,93013,7537,6208,1329,3549,2659,2.66,2.62,6208,216,2080,1469
31272,93015,5882,5531,351,3228,2303,3.51,3.18,5531,297,2021,1207
31273,93021,12434,12059,375,9381,2678,3.18,3.05,12059,252,7302,2079
31274,93022,2343,2135,208,1617,518,2.76,3.22,2135,50,1007,610
31275,93023,9442,8471,971,5858,2613,2.55,2.38,8471,492,3233,2625
31276,93030,15617,14801,816,6919,7882,3.79,3.96,14801,995,5075,1844
31277,93033,17402,16704,698,9762,6942,4.80,5.28,16704,528,6268,3494
31278,93035,11773,8850,2923,5369,3481,2.93,3.01,8850,147,3608,1761
31279,93036,14309,13525,784,7224,6301,3.42,3.43,13525,415,5045,2179
31280,93040,591,510,81,330,180,3.60,3.57,510,14,271,59
31281,93041,8418,7287,1131,3197,4090,3.16,3.10,7287,338,2322,875
31282,93042,0,0,0,0,0,-,-,0,0,0,0
31283,93043,0,0,0,0,0,-,-,0,0,0,0
31284,93060,10576,9970,606,5288,4682,3.28,3.57,9970,340,3294,1994
31285,93063,20252,19624,628,13701,5923,2.88,2.75,19624,636,10246,3455
31286,93064,0,0,0,0,0,-,-,0,0,0,0
31287,93065,26038,25194,844,18393,6801,3.00,2.58,25194,742,14211,4182
31288,93066,1064,957,107,662,295,2.79,3.04,957,15,364,298
31289,93067,395,208,187,82,126,2.32,-,208,22,82,0
31290,93101,13785,12934,851,3033,9901,2.46,2.38,12934,1667,2244,789
31291,93103,8121,7663,458,3719,3944,2.22,2.74,7663,351,2312,1407
31292,93105,11730,10915,815,5923,4992,2.47,2.23,10915,575,3753,2170
31293,93106,14,14,0,0,14,-,2.07,14,0,0,0
31294,93108,5541,4536,1005,3337,1199,2.20,2.20,4536,129,1739,1598
31295,93109,4934,4569,365,2454,2115,2.34,2.61,4569,258,1450,1004
31296,93110,6818,6474,344,4037,2437,2.51,2.03,6474,364,2361,1676
31297,93111,6748,6390,358,4292,2098,2.86,2.67,6390,235,2637,1655
31298,93117,17569,16458,1111,6321,10137,2.90,2.97,16458,1308,4267,2054
31299,93201,361,311,50,117,194,3.73,4.37,311,13,50,67
31300,93202,1215,1077,138,710,367,4.05,4.39,1077,21,702,8
31301,93203,5096,4770,326,2413,2357,4.42,4.21,4770,250,1725,688
31302,93204,3168,3036,132,1431,1605,3.65,3.54,3036,175,1033,398
31303,93205,1130,969,161,611,358,1.99,3.14,969,17,179,432
31304,93206,542,445,97,178,267,3.04,4.18,445,37,121,57
31305,93207,315,103,212,92,11,2.23,5.36,103,12,29,63
31306,93208,525,81,444,20,61,2.25,-,81,0,20,0
31307,93210,5225,4831,394,2793,2038,3.24,2.82,4831,368,2102,691
31308,93212,4533,4230,303,2077,2153,3.15,3.48,4230,544,1312,765
31309,93215,13018,12251,767,6919,5332,3.94,3.71,12251,515,4525,2394
31310,93218,196,160,36,124,36,4.82,3.56,160,11,90,34
31311,93219,2634,2487,147,1107,1380,4.46,3.70,2487,158,819,288
31312,93220,33,33,0,0,33,-,-,33,33,0,0
31313,93221,4929,4506,423,3068,1438,2.94,3.30,4506,200,1918,1150
31314,93222,2202,1018,1184,823,195,2.00,1.63,1018,15,562,261
31315,93223,2914,2823,91,1775,1048,4.00,3.23,2823,194,1091,684
31316,93224,190,158,32,135,23,2.78,4.13,158,10,51,84
31317,93225,2449,2027,422,1393,634,2.76,2.59,2027,86,1147,246
31318,93226,95,37,58,25,12,1.08,2.00,37,0,12,13
31319,93227,41,41,0,0,41,-,3.20,41,0,0,0
31320,93230,22823,21661,1162,13008,8653,3.03,3.18,21661,1231,9022,3986
31321,93234,1861,1786,75,363,1423,3.29,3.72,1786,403,300,63
31322,93235,1303,1262,41,696,566,3.12,4.04,1262,9,427,269
31323,93237,172,94,78,56,38,2.25,1.95,94,0,37,19
31324,93238,816,344,472,290,54,2.13,3.04,344,35,142,148
31325,93239,478,478,0,78,400,2.27,2.66,478,0,16,62
31326,93240,3260,2482,778,1503,979,2.28,2.48,2482,166,519,984
31327,93241,4729,4293,436,1765,2528,4.17,3.63,4293,372,964,801
31328,93242,1107,998,109,543,455,2.63,3.39,998,135,377,166
31329,93243,671,461,210,285,176,2.16,1.72,461,0,89,196
31330,93244,72,47,25,38,9,2.45,-,47,20,34,4
31331,93245,13012,12059,953,5952,6107,3.14,2.94,12059,342,4048,1904
31332,93246,0,0,0,0,0,-,-,0,0,0,0
31333,93247,5593,5274,319,3035,2239,3.39,3.04,5274,433,1899,1136
31334,93249,554,526,28,189,337,3.78,3.82,526,19,123,66
31335,93250,3736,3594,142,1918,1676,3.81,4.16,3594,282,1267,651
31336,93251,107,87,20,42,45,2.79,3.64,87,4,8,34
31337,93252,765,565,200,335,230,2.96,2.82,565,18,119,216
31338,93254,482,382,100,301,81,2.62,2.44,382,23,153,148
31339,93255,600,448,152,399,49,1.94,2.18,448,32,91,308
31340,93256,1648,1540,108,674,866,4.07,3.55,1540,150,485,189
31341,93257,24617,23034,1583,12557,10477,3.47,3.22,23034,1615,8028,4529
31342,93258,406,383,23,80,303,3.34,2.94,383,16,76,4
31343,93260,463,86,377,70,16,1.57,3.00,86,9,42,28
31344,93261,575,552,23,216,336,4.25,2.94,552,63,151,65
31345,93262,82,0,82,0,0,-,-,0,0,0,0
31346,93263,5982,5723,259,3406,2317,3.62,4.12,5723,284,2283,1123
31347,93265,2024,1346,678,1234,112,2.33,3.47,1346,28,925,309
31348,93266,458,397,61,147,250,4.70,4.79,397,0,102,45
31349,93267,1932,1833,99,1318,515,3.52,2.80,1833,46,732,586
31350,93268,6749,5993,756,2955,3038,2.71,3.14,5993,696,1278,1677
31351,93270,1642,1530,112,1021,509,2.88,3.61,1530,84,725,296
31352,93271,1523,1184,339,809,375,2.14,1.77,1184,13,503,306
31353,93272,1217,1138,79,356,782,3.54,4.27,1138,0,178,178
31354,93274,23439,22146,1293,12640,9506,3.38,3.72,22146,1088,8991,3649
31355,93276,52,48,4,26,22,3.31,2.64,48,1,14,12
31356,93277,19551,18755,796,10777,7978,2.84,2.90,18755,1028,7060,3717
31357,93280,7110,6506,604,3831,2675,3.96,2.87,6506,285,2347,1484
31358,93283,1406,1031,375,892,139,2.14,2.29,1031,0,301,591
31359,93285,2276,1212,1064,964,248,1.48,2.65,1212,47,261,703
31360,93286,3023,2874,149,1502,1372,3.66,3.64,2874,251,946,556
31361,93287,80,44,36,44,0,2.11,-,44,3,29,15
31362,93291,19151,18167,984,10600,7567,3.20,3.38,18167,612,7912,2688
31363,93292,14276,13737,539,8491,5246,3.07,3.25,13737,267,6059,2432
31364,93301,5892,5190,702,1755,3435,2.37,2.73,5190,799,832,923
31365,93304,16257,15219,1038,6454,8765,3.22,3.25,15219,1755,4348,2106
31366,93305,11680,10842,838,3985,6857,3.15,3.51,10842,1224,2546,1439
31367,93306,23465,21818,1647,13668,8150,3.35,3.45,21818,1219,10002,3666
31368,93307,24065,22520,1545,11545,10975,3.89,3.80,22520,1886,7536,4009
31369,93308,21108,19677,1431,9052,10625,2.66,2.77,19677,2244,5576,3476
31370,93309,23435,22310,1125,10667,11643,3.00,2.58,22310,1660,7195,3472
31371,93311,16710,15676,1034,11013,4663,3.18,2.84,15676,603,8646,2367
31372,93312,18795,18220,575,14332,3888,3.18,3.02,18220,388,11445,2887
31373,93313,16724,16231,493,12623,3608,3.74,3.84,16231,573,9676,2947
31374,93314,10930,10412,518,8623,1789,3.18,3.19,10412,180,6815,1808
31375,93401,13718,12612,1106,6120,6492,2.39,2.10,12612,789,3595,2525
31376,93402,6605,6237,368,4340,1897,2.49,2.50,6237,149,2562,1778
31377,93405,9459,8332,1127,2881,5451,2.45,2.86,8332,437,1885,996
31378,93407,5,5,0,0,5,-,3.20,5,0,0,0
31379,93408,0,0,0,0,0,-,-,0,0,0,0
31380,93409,0,0,0,0,0,-,-,0,0,0,0
31381,93410,0,0,0,0,0,-,-,0,0,0,0
31382,93420,13421,12182,1239,8551,3631,2.60,2.58,12182,455,5420,3131
31383,93422,13553,13049,504,8702,4347,2.63,2.28,13049,472,6062,2640
31384,93424,807,570,237,424,146,1.88,1.89,570,18,233,191
31385,93426,1465,551,914,405,146,2.40,3.14,551,0,207,198
31386,93427,2553,2191,362,1463,728,2.57,2.96,2191,25,939,524
31387,93428,4255,2830,1425,2085,745,2.04,1.98,2830,79,1393,692
31388,93429,37,37,0,17,20,2.06,-,37,0,8,9
31389,93430,2615,1277,1338,830,447,2.16,1.83,1277,9,478,352
31390,93432,590,424,166,331,93,2.25,3.15,424,67,224,107
31391,93433,5913,5067,846,2738,2329,2.52,2.54,5067,62,1825,913
31392,93434,2180,2051,129,1067,984,3.97,3.96,2051,77,695,372
31393,93436,18453,17701,752,9480,8221,2.93,3.06,17701,1366,6088,3392
31394,93437,1148,1097,51,0,1097,-,2.93,1097,0,0,0
31395,93440,620,491,129,378,113,2.58,3.07,491,0,243,135
31396,93441,467,411,56,311,100,2.38,2.76,411,8,136,175
31397,93442,6527,5107,1420,2919,2188,2.23,2.11,5107,152,1865,1054
31398,93444,8113,7327,786,5357,1970,2.91,3.26,7327,143,3603,1754
31399,93445,3279,2843,436,1819,1024,2.51,2.44,2843,168,1061,758
31400,93446,19168,17239,1929,11493,5746,2.50,2.80,17239,534,7940,3553
31401,93449,6040,4283,1757,2987,1296,1.97,1.67,4283,121,1711,1276
31402,93450,260,224,36,91,133,3.27,3.76,224,0,31,60
31403,93451,1689,1586,103,906,680,2.68,3.47,1586,40,665,241
31404,93452,332,238,94,83,155,1.27,2.54,238,32,49,34
31405,93453,1401,1206,195,757,449,2.09,1.92,1206,242,349,408
31406,93454,12228,11721,507,6318,5403,3.51,3.45,11721,882,4553,1765
31407,93455,16023,15517,506,11795,3722,2.78,2.96,15517,423,8136,3659
31408,93458,14230,13830,400,5891,7939,3.91,4.58,13830,650,4122,1769
31409,93460,2537,2260,277,1650,610,2.48,2.90,2260,40,1061,589
31410,93461,526,479,47,315,164,3.39,2.27,479,0,221,94
31411,93463,3805,3588,217,2237,1351,2.57,2.08,3588,119,1519,718
31412,93465,4077,3740,337,2967,773,2.75,2.52,3740,48,1861,1106
31413,93501,2254,1855,399,906,949,2.25,3.26,1855,56,431,475
31414,93505,5124,4512,612,2527,1985,2.89,2.60,4512,463,1889,638
31415,93510,2650,2420,230,2156,264,2.85,2.34,2420,23,1507,649
31416,93512,124,100,24,86,14,2.87,2.64,100,4,56,30
31417,93513,848,660,188,476,184,2.66,1.75,660,54,213,263
31418,93514,6830,5980,850,4158,1822,2.67,1.91,5980,342,1973,2185
31419,93516,1342,1051,291,569,482,1.91,3.03,1051,109,227,342
31420,93517,683,235,448,229,6,1.99,3.50,235,3,119,110
31421,93518,654,415,239,357,58,2.16,2.48,415,8,158,199
31422,93519,26,0,26,0,0,-,-,0,0,0,0
31423,93522,51,36,15,36,0,2.06,-,36,0,0,36
31424,93523,1503,1210,293,292,918,2.50,3.37,1210,11,145,147
31425,93524,0,0,0,0,0,-,-,0,0,0,0
31426,93526,423,318,105,228,90,2.54,1.67,318,14,67,161
31427,93527,1085,859,226,758,101,1.93,2.37,859,71,328,430
31428,93528,91,45,46,15,30,4.00,-,45,0,0,15
31429,93529,606,114,492,99,15,2.00,4.33,114,0,80,19
31430,93530,44,31,13,6,25,-,-,31,0,0,6
31431,93531,233,163,70,153,10,2.17,3.90,163,0,88,65
31432,93532,1145,992,153,782,210,2.50,3.02,992,7,642,140
31433,93534,16719,15438,1281,5217,10221,3.03,2.63,15438,1868,3828,1389
31434,93535,24320,22797,1523,13631,9166,3.39,3.53,22797,1270,9270,4361
31435,93536,24265,22752,1513,15432,7320,3.06,2.88,22752,872,12047,3385
31436,93541,291,202,89,134,68,1.62,2.00,202,0,0,134
31437,93543,3828,3573,255,2425,1148,3.74,4.12,3573,113,1677,748
31438,93544,794,574,220,494,80,2.68,2.29,574,30,307,187
31439,93545,895,647,248,393,254,2.47,2.39,647,2,292,101
31440,93546,10636,3631,7005,2096,1535,2.54,2.16,3631,24,1593,503
31441,93549,222,138,84,81,57,1.77,2.02,138,7,23,58
31442,93550,24274,22825,1449,12151,10674,3.69,3.52,22825,1612,8461,3690
31443,93551,17663,16820,843,12865,3955,3.27,3.22,16820,477,9950,2915
31444,93552,11347,10897,450,7917,2980,3.93,4.01,10897,512,6184,1733
31445,93553,624,537,87,484,53,1.87,2.58,537,32,251,233
31446,93554,125,44,81,44,0,1.77,-,44,0,17,27
31447,93555,14566,13093,1473,8130,4963,2.54,2.47,13093,939,4943,3187
31448,93558,91,8,83,8,0,2.13,-,8,0,0,8
31449,93560,7301,6736,565,4971,1765,3.24,2.87,6736,287,3475,1496
31450,93561,13914,12250,1664,9536,2714,2.47,2.79,12250,214,6164,3372
31451,93562,982,742,240,415,327,1.97,2.87,742,88,78,337
31452,93563,38,38,0,28,10,4.64,2.10,38,13,25,3
31453,93581,0,0,0,0,0,-,-,0,0,0,0
31454,93591,2196,2022,174,1551,471,3.32,3.69,2022,52,1185,366
31455,93601,681,582,99,428,154,2.65,2.01,582,0,289,139
31456,93602,1705,1287,418,1120,167,2.29,2.99,1287,39,562,558
31457,93603,272,133,139,64,69,1.67,2.33,133,16,39,25
31458,93604,1276,154,1122,154,0,2.23,-,154,0,49,105
31459,93605,164,39,125,21,18,1.52,5.22,39,0,11,10
31460,93606,247,227,20,122,105,4.99,5.04,227,28,105,17
31461,93608,379,336,43,101,235,2.17,4.05,336,0,33,68
31462,93609,1542,1439,103,763,676,3.69,3.65,1439,44,512,251
31463,93610,5267,4887,380,2684,2203,3.17,3.63,4887,281,1741,943
31464,93611,15826,15078,748,11643,3435,3.11,3.08,15078,461,8785,2858
31465,93612,14211,13740,471,5373,8367,2.79,2.59,13740,915,3526,1847
31466,93614,4963,4393,570,4007,386,2.63,3.56,4393,128,2596,1411
31467,93615,1473,1407,66,673,734,3.64,4.83,1407,44,292,381
31468,93616,701,668,33,354,314,3.71,3.39,668,5,260,94
31469,93618,8565,8228,337,4610,3618,3.72,4.05,8228,385,3372,1238
31470,93619,15605,14936,669,13006,1930,3.25,3.11,14936,188,9992,3014
31471,93620,2991,2775,216,1497,1278,2.78,3.66,2775,197,884,613
31472,93621,109,14,95,14,0,2.07,-,14,0,14,0
31473,93622,2865,2699,166,1141,1558,3.28,3.67,2699,363,717,424
31474,93623,174,0,174,0,0,-,-,0,0,0,0
31475,93624,231,204,27,7,197,5.43,4.01,204,2,0,7
31476,93625,2692,2581,111,1352,1229,3.19,3.14,2581,198,936,416
31477,93626,933,822,111,761,61,2.71,3.20,822,4,601,160
31478,93627,80,68,12,0,68,-,5.49,68,0,0,0
31479,93628,538,226,312,47,179,2.02,-,226,0,0,47
31480,93630,5866,5601,265,2702,2899,3.79,3.61,5601,368,1923,779
31481,93631,5821,5430,391,3672,1758,3.28,2.63,5430,351,2351,1321
31482,93633,270,0,270,0,0,-,-,0,0,0,0
31483,93634,629,0,629,0,0,-,-,0,0,0,0
31484,93635,13401,12686,715,6982,5704,3.68,3.63,12686,682,4806,2176
31485,93636,4237,3991,246,3611,380,3.22,3.28,3991,61,2372,1239
31486,93637,12681,11645,1036,6844,4801,3.48,3.57,11645,521,4782,2062
31487,93638,13130,12433,697,6893,5540,3.85,4.38,12433,625,4994,1899
31488,93640,3234,3033,201,1413,1620,4.74,3.83,3033,487,1143,270
31489,93641,367,90,277,73,17,1.74,-,90,8,39,34
31490,93643,1640,1180,460,891,289,2.20,3.02,1180,8,531,360
31491,93644,4284,3283,1001,2477,806,2.14,3.12,3283,54,1503,974
31492,93645,170,132,38,60,72,3.63,3.83,132,0,29,31
31493,93646,2793,2715,78,1039,1676,3.96,3.76,2715,389,736,303
31494,93647,2920,2874,46,1583,1291,3.65,4.49,2874,132,1213,370
31495,93648,4198,3938,260,1901,2037,3.95,3.93,3938,169,1416,485
31496,93650,933,840,93,298,542,3.10,3.17,840,82,148,150
31497,93651,606,606,0,398,208,3.15,2.64,606,15,268,130
31498,93652,129,129,0,75,54,2.33,4.54,129,4,12,63
31499,93653,698,572,126,499,73,2.35,2.67,572,5,203,296
31500,93654,8786,8248,538,4858,3390,3.45,3.69,8248,473,2970,1888
31501,93656,1841,1621,220,667,954,3.15,3.83,1621,11,429,238
31502,93657,11668,10627,1041,7057,3570,3.40,3.27,10627,647,4678,2379
31503,93660,966,868,98,364,504,4.68,4.21,868,63,308,56
31504,93662,9401,8757,644,4764,3993,3.07,3.84,8757,641,2955,1809
31505,93664,2178,184,1994,168,16,1.80,1.13,184,0,75,93
31506,93665,107,83,24,57,26,1.70,5.77,83,0,0,57
31507,93666,203,184,19,32,152,2.69,4.31,184,19,16,16
31508,93667,1112,802,310,660,142,2.44,2.78,802,62,322,338
31509,93668,316,300,16,197,103,3.78,3.62,300,0,115,82
31510,93669,227,89,138,65,24,4.43,-,89,0,10,55
31511,93670,67,67,0,0,67,-,3.93,67,0,0,0
31512,93673,135,121,14,67,54,4.96,4.06,121,4,35,32
31513,93675,1546,1285,261,1034,251,2.71,4.98,1285,75,664,370
31514,93701,4123,3699,424,476,3223,4.22,2.50,3699,825,333,143
31515,93702,13387,12674,713,4179,8495,3.23,3.69,12674,1261,2696,1483
31516,93703,10877,10324,553,4219,6105,3.41,2.88,10324,1445,2816,1403
31517,93704,12086,11475,611,6017,5458,2.46,2.60,11475,936,3878,2139
31518,93705,13452,12791,661,5573,7218,2.84,3.03,12791,1408,3698,1875
31519,93706,12448,11653,795,4456,7197,3.54,3.42,11653,1556,2295,2161
31520,93710,12718,12170,548,4860,7310,2.88,2.56,12170,968,3151,1709
31521,93711,16522,15949,573,9688,6261,2.53,2.29,15949,719,6077,3611
31522,93720,19331,18500,831,10589,7911,2.67,2.48,18500,761,6951,3638
31523,93721,2614,2414,200,203,2211,2.67,1.93,2414,991,113,90
31524,93722,27679,26424,1255,15524,10900,3.22,3.46,26424,958,11832,3692
31525,93723,3378,3249,129,2644,605,3.81,4.98,3249,84,2075,569
31526,93725,7256,6820,436,3974,2846,3.76,4.04,6820,194,2615,1359
31527,93726,15545,14643,902,5923,8720,3.06,3.08,14643,1147,3873,2050
31528,93727,24746,23239,1507,14054,9185,3.52,3.16,23239,1905,10562,3492
31529,93728,6581,6116,465,2263,3853,2.64,3.02,6116,807,1475,788
31530,93730,4819,4602,217,3659,943,2.86,2.50,4602,311,2246,1413
31531,93737,2112,2044,68,1815,229,3.42,3.62,2044,78,1380,435
31532,93740,0,0,0,0,0,-,-,0,0,0,0
31533,93741,56,56,0,41,15,-,-,56,0,41,0
31534,93901,11107,10494,613,4937,5557,2.49,2.94,10494,691,3349,1588
31535,93905,14097,13709,388,5531,8178,4.47,4.77,13709,591,4054,1477
31536,93906,18064,17729,335,9575,8154,3.52,3.90,17729,674,6591,2984
31537,93907,7501,7157,344,5018,2139,3.22,3.94,7157,110,3551,1467
31538,93908,4578,4379,199,3506,873,2.78,3.23,4379,78,2393,1113
31539,93920,719,569,150,171,398,2.27,2.92,569,0,11,160
31540,93921,3000,1365,1635,639,726,1.55,2.13,1365,33,160,479
31541,93923,6825,5375,1450,4202,1173,2.49,1.85,5375,326,2558,1644
31542,93924,3166,2615,551,2122,493,2.41,2.59,2615,67,1438,684
31543,93925,422,342,80,139,203,4.99,4.03,342,29,109,30
31544,93926,2464,2418,46,1298,1120,3.99,3.48,2418,45,946,352
31545,93927,4778,4402,376,2127,2275,4.55,4.37,4402,174,1614,513
31546,93928,9,0,9,0,0,-,-,0,0,0,0
31547,93930,4785,4423,362,2309,2114,3.16,4.53,4423,175,1540,769
31548,93932,269,215,54,133,82,2.11,2.40,215,0,18,115
31549,93933,9713,9180,533,3706,5474,2.82,2.65,9180,398,2541,1165
31550,93940,15971,14534,1437,5876,8658,2.21,2.18,14534,947,4013,1863
31551,93943,0,0,0,0,0,-,-,0,0,0,0
31552,93944,0,0,0,0,0,-,-,0,0,0,0
31553,93950,8229,6731,1498,3146,3585,2.32,2.12,6731,329,1854,1292
31554,93953,2905,1701,1204,1423,278,1.88,2.71,1701,124,670,753
31555,93954,116,100,16,40,60,3.80,4.90,100,0,24,16
31556,93955,11298,10493,805,4110,6383,2.75,3.22,10493,793,2710,1400
31557,93960,4468,4090,378,2328,1762,4.14,4.66,4090,119,1427,901
31558,93962,121,121,0,87,34,1.51,2.12,121,0,87,0
31559,94002,11704,11013,691,6217,4796,2.75,2.18,11013,734,4505,1712
31560,94005,2128,1997,131,1265,732,2.76,1.78,1997,19,931,334
31561,94010,17494,16244,1250,10150,6094,2.97,2.13,16244,512,7121,3029
31562,94014,14785,13980,805,8214,5766,3.53,3.22,13980,1197,5315,2899
31563,94015,21493,20236,1257,12274,7962,3.21,3.09,20236,1784,8356,3918
31564,94018,1533,1392,141,1038,354,2.69,2.39,1392,0,782,256
31565,94019,5706,5298,408,3840,1458,2.78,3.23,5298,221,2635,1205
31566,94020,998,845,153,635,210,2.74,2.07,845,26,409,226
31567,94021,102,90,12,53,37,3.09,2.68,90,0,53,0
31568,94022,7961,7263,698,5832,1431,2.72,2.75,7263,162,3689,2143
31569,94024,8441,8036,405,7043,993,3.01,2.85,8036,100,4419,2624
31570,94025,16190,14512,1678,8838,5674,2.99,2.53,14512,773,6210,2628
31571,94027,2645,2260,385,1999,261,2.97,2.52,2260,22,1078,921
31572,94028,2699,2482,217,2150,332,2.69,2.29,2482,95,1165,985
31573,94030,8566,8108,458,5110,2998,2.81,2.83,8108,564,3237,1873
31574,94037,1218,1040,178,908,132,2.83,2.33,1040,0,618,290
31575,94038,1148,1109,39,982,127,2.87,2.29,1109,42,409,573
31576,94040,16336,14975,1361,5688,9287,2.67,2.20,14975,1125,3853,1835
31577,94041,7135,6310,825,1908,4402,2.40,2.33,6310,368,1144,764
31578,94043,14743,13429,1314,6124,7305,2.50,2.42,13429,887,4396,1728
31579,94044,14467,14000,467,9623,4377,2.88,2.44,14000,480,6811,2812
31580,94060,657,367,290,184,183,2.54,3.71,367,6,135,49
31581,94061,14155,13256,899,7144,6112,2.78,2.94,13256,525,5101,2043
31582,94062,10376,9668,708,7051,2617,2.87,2.38,9668,261,5187,1864
31583,94063,11717,10907,810,3567,7340,3.77,2.81,10907,926,2371,1196
31584,94065,4900,4731,169,2964,1767,2.54,2.39,4731,178,2193,771
31585,94066,16194,15308,886,9307,6001,2.98,2.60,15308,929,6436,2871
31586,94070,12121,11611,510,8233,3378,2.86,2.31,11611,360,6249,1984
31587,94074,58,58,0,58,0,2.41,-,58,0,37,21
31588,94080,22908,22016,892,13640,8376,3.05,2.91,22016,1353,9357,4283
31589,94085,9287,8795,492,3500,5295,3.00,2.47,8795,715,2723,777
31590,94086,20555,19461,1094,6260,13201,2.65,2.41,19461,1417,3965,2295
31591,94087,21490,20576,914,11552,9024,2.94,2.79,20576,987,7307,4245
31592,94089,9179,8733,446,4800,3933,2.91,2.41,8733,599,2451,2349
31593,94102,22272,19213,3059,1776,17437,2.18,1.65,19213,13274,1165,611
31594,94103,19255,16373,2882,3013,13360,2.10,1.86,16373,9441,2116,897
31595,94104,328,234,94,36,198,2.08,2.17,234,191,17,19
31596,94105,8849,7156,1693,2993,4163,1.79,1.99,7156,2478,1952,1041
31597,94107,17069,14248,2821,5345,8903,1.96,1.92,14248,3891,4168,1177
31598,94108,7993,6583,1410,626,5957,1.67,1.80,6583,4715,371,255
31599,94109,38307,32183,6124,5247,26936,1.80,1.68,32183,18021,3227,2020
31600,94110,30188,26765,3423,10242,16523,2.61,2.59,26765,7452,7709,2533
31601,94111,2797,2368,429,504,1864,1.98,1.99,2368,916,333,171
31602,94112,24575,23480,1095,15921,7559,3.63,3.40,23480,3061,10058,5863
31603,94114,18684,17121,1563,7514,9607,2.20,1.86,17121,4502,5326,2188
31604,94115,19458,17009,2449,4455,12554,2.38,1.84,17009,5587,3018,1437
31605,94116,16451,15583,868,11612,3971,2.93,2.82,15583,1398,6508,5104
31606,94117,19609,17650,1959,4726,12924,2.38,2.19,17650,5308,3656,1070
31607,94118,19127,17485,1642,6231,11254,2.36,2.15,17485,4046,3824,2407
31608,94121,19665,18051,1614,7896,10155,2.65,2.23,18051,3462,4401,3495
31609,94122,24124,22649,1475,11425,11224,2.88,2.36,22649,3685,7171,4254
31610,94123,14908,12992,1916,3712,9280,2.37,1.84,12992,3095,2373,1339
31611,94124,11648,10665,983,5453,5212,3.54,3.16,10665,1770,3688,1765
31612,94127,7800,7325,475,5944,1381,2.73,2.73,7325,524,3796,2148
31613,94128,0,0,0,0,0,-,-,0,0,0,0
31614,94129,1368,1340,28,0,1340,-,3.13,1340,57,0,0
31615,94130,679,650,29,0,650,-,3.44,650,111,0,0
31616,94131,13767,12764,1003,6903,5861,2.47,2.03,12764,1257,4498,2405
31617,94132,11838,10697,1141,4901,5796,2.55,2.49,10697,1645,2992,1909
31618,94133,15543,13151,2392,2212,10939,1.96,1.99,13151,6701,1078,1134
31619,94134,13215,12660,555,7836,4824,3.38,3.15,12660,2051,4518,3318
31620,94158,5203,4827,376,1525,3302,2.36,2.10,4827,1804,1337,188
31621,94188,0,0,0,0,0,-,-,0,0,0,0
31622,94301,8004,7145,859,3955,3190,2.65,2.05,7145,710,2087,1868
31623,94303,15406,14451,955,8268,6183,3.24,3.47,14451,558,5552,2716
31624,94304,2210,1893,317,386,1507,2.43,2.07,1893,183,222,164
31625,94305,4079,3545,534,1008,2537,2.59,1.84,3545,1018,536,472
31626,94306,11726,10698,1028,5822,4876,2.69,2.60,10698,669,3482,2340
31627,94401,13961,12869,1092,6042,6827,2.54,2.78,12869,906,4011,2031
31628,94402,10766,10282,484,6493,3789,2.72,2.44,10282,339,4421,2072
31629,94403,18101,16895,1206,8843,8052,2.77,2.38,16895,920,6368,2475
31630,94404,15003,14137,866,7593,6544,2.56,2.59,14137,712,5346,2247
31631,94501,27274,25516,1758,10245,15271,2.78,2.23,25516,2354,7061,3184
31632,94502,5178,4984,194,4232,752,2.98,2.79,4984,110,2908,1324
31633,94503,5841,5622,219,4436,1186,3.90,3.78,5622,116,3167,1269
31634,94505,5997,5546,451,4901,645,2.76,3.45,5546,116,3893,1008
31635,94506,9343,9286,57,8378,908,2.99,2.48,9286,202,6698,1680
31636,94507,5394,4989,405,4654,335,2.76,2.96,4989,93,3222,1432
31637,94508,1224,1017,207,617,400,2.63,2.41,1017,49,460,157
31638,94509,23518,22921,597,12809,10112,2.99,3.26,22921,1361,8835,3974
31639,94510,11326,10883,443,7688,3195,2.54,2.43,10883,319,5954,1734
31640,94511,1269,864,405,646,218,2.61,2.00,864,62,336,310
31641,94512,0,0,0,0,0,-,-,0,0,0,0
31642,94513,22071,21326,745,17154,4172,3.08,3.10,21326,645,13422,3732
31643,94514,596,582,14,383,199,4.14,3.10,582,22,277,106
31644,94515,3375,2730,645,1818,912,2.46,2.90,2730,90,818,1000
31645,94516,80,77,3,62,15,3.26,1.07,77,0,26,36
31646,94517,4499,4359,140,3924,435,2.69,3.21,4359,158,2707,1217
31647,94518,10421,10216,205,7217,2999,2.76,2.62,10216,594,4993,2224
31648,94519,7438,7082,356,4759,2323,2.79,3.04,7082,402,3790,969
31649,94520,13506,13095,411,4444,8651,2.74,2.72,13095,1171,3428,1016
31650,94521,16055,15676,379,11483,4193,2.68,2.72,15676,690,8891,2592
31651,94523,14510,13969,541,9015,4954,2.64,2.17,13969,765,7000,2015
31652,94525,1631,1529,102,910,619,2.20,2.31,1529,99,560,350
31653,94526,13180,12655,525,10551,2104,2.68,2.40,12655,445,8049,2502
31654,94528,270,232,38,232,0,2.82,-,232,0,132,100
31655,94530,11327,10761,566,6208,4553,2.40,2.51,10761,884,4028,2180
31656,94531,13107,12807,300,9303,3504,3.29,3.51,12807,558,7631,1672
31657,94533,25329,24343,986,13403,10940,3.27,3.15,24343,1577,10018,3385
31658,94534,13849,13267,582,9996,3271,3.01,2.81,13267,389,7765,2231
31659,94535,1439,1009,430,20,989,4.05,3.43,1009,0,5,15
31660,94536,25995,24776,1219,14748,10028,2.91,2.93,24776,1130,10626,4122
31661,94538,23100,21726,1374,10169,11557,3.14,2.93,21726,1319,7275,2894
31662,94539,17088,16409,679,13228,3181,3.21,3.46,16409,432,9667,3561
31663,94541,23393,22134,1259,10139,11995,3.09,3.03,22134,1619,7536,2603
31664,94542,5301,5029,272,3557,1472,3.02,2.95,5029,52,2783,774
31665,94544,24170,23037,1133,11857,11180,3.36,3.33,23037,1349,8353,3504
31666,94545,10445,9966,479,7172,2794,3.38,3.17,9966,645,5176,1996
31667,94546,16746,16218,528,10831,5387,2.88,2.67,16218,787,7818,3013
31668,94547,9303,9068,235,7347,1721,2.85,2.94,9068,231,5841,1506
31669,94548,185,185,0,170,15,2.39,4.27,185,55,114,56
31670,94549,10664,10108,556,7472,2636,2.83,2.75,10108,294,5439,2033
31671,94550,18454,17450,1004,13281,4169,2.91,2.67,17450,633,10010,3271
31672,94551,14676,14391,285,9868,4523,2.82,2.80,14391,579,7732,2136
31673,94552,5132,5048,84,4654,394,3.01,2.75,5048,89,2870,1784
31674,94553,19776,19163,613,13503,5660,2.63,2.32,19163,739,9854,3649
31675,94555,12057,11718,339,8025,3693,3.27,3.31,11718,271,5913,2112
31676,94556,5661,5534,127,4703,831,2.67,2.88,5534,33,3199,1504
31677,94558,27222,24070,3152,16576,7494,2.64,2.85,24070,1194,10644,5932
31678,94559,11247,10131,1116,5136,4995,2.60,2.83,10131,474,3544,1592
31679,94560,14989,14354,635,9738,4616,3.14,3.71,14354,338,7393,2345
31680,94561,13260,12924,336,9772,3152,3.37,3.52,12924,384,8008,1764
31681,94562,15,0,15,0,0,-,-,0,0,0,0
31682,94563,7590,7226,364,6795,431,2.72,2.08,7226,199,5031,1764
31683,94564,7184,6794,390,4823,1971,2.85,2.65,6794,603,3387,1436
31684,94565,30325,29146,1179,16945,12201,3.31,3.62,29146,1563,11862,5083
31685,94566,16976,16088,888,11345,4743,3.03,2.34,16088,840,8369,2976
31686,94567,306,241,65,156,85,2.98,3.79,241,3,89,67
31687,94568,23791,22946,845,14777,8169,3.12,2.73,22946,612,11811,2966
31688,94569,169,169,0,55,114,1.98,1.21,169,18,43,12
31689,94571,5516,5320,196,4196,1124,1.97,2.24,5320,49,2616,1580
31690,94572,3312,3234,78,1758,1476,3.19,2.64,3234,247,1213,545
31691,94573,86,34,52,13,21,2.08,2.76,34,0,0,13
31692,94574,4466,3443,1023,2323,1120,2.18,2.28,3443,230,1314,1009
31693,94575,0,0,0,0,0,-,-,0,0,0,0
31694,94576,52,52,0,36,16,1.44,1.63,52,0,26,10
31695,94577,17576,16954,622,9598,7356,2.93,2.82,16954,1208,6555,3043
31696,94578,14943,14091,852,5566,8525,3.06,2.88,14091,888,3499,2067
31697,94579,6892,6607,285,4928,1679,3.18,3.17,6607,470,2985,1943
31698,94580,9165,8938,227,6521,2417,3.35,3.44,8938,402,4483,2038
31699,94582,16337,16025,312,11224,4801,3.20,2.38,16025,424,9066,2158
31700,94583,13835,13361,474,9774,3587,3.07,2.55,13361,599,7242,2532
31701,94585,9727,9486,241,5811,3675,3.11,3.05,9486,556,4653,1158
31702,94586,366,299,67,252,47,2.80,2.94,299,6,161,91
31703,94587,21691,20800,891,13643,7157,3.42,3.27,20800,1202,9934,3709
31704,94588,12508,12169,339,7882,4287,2.99,2.77,12169,279,5989,1893
31705,94589,10137,9731,406,6215,3516,3.07,3.20,9731,602,4249,1966
31706,94590,16438,15234,1204,6407,8827,2.61,2.34,15234,1619,3848,2559
31707,94591,20433,19652,781,13147,6505,3.03,2.79,19652,698,10001,3146
31708,94592,456,425,31,358,67,2.35,3.79,425,46,280,78
31709,94595,10129,9514,615,7802,1712,1.82,1.65,9514,873,3362,4440
31710,94596,11011,10501,510,4481,6020,2.59,1.89,10501,833,3221,1260
31711,94597,11119,10839,280,5294,5545,2.28,2.08,10839,782,3805,1489
31712,94598,10736,10430,306,7996,2434,2.49,2.52,10430,366,5417,2579
31713,94599,2035,1639,396,1050,589,1.65,2.01,1639,218,381,669
31714,94601,16967,15758,1209,5156,10602,3.52,3.21,15758,2092,3736,1420
31715,94602,12698,12034,664,7077,4957,2.71,2.45,12034,760,5183,1894
31716,94603,10675,10174,501,4462,5712,3.79,3.30,10174,991,3093,1369
31717,94605,17765,16812,953,9955,6857,2.66,2.72,16812,1696,7945,2010
31718,94606,17235,15712,1523,2852,12860,3.07,2.29,15712,2920,1737,1115
31719,94607,13139,11678,1461,3840,7838,2.03,2.38,11678,3191,2767,1073
31720,94608,16851,15442,1409,5207,10235,2.22,2.16,15442,2047,3710,1497
31721,94609,11063,10321,742,3433,6888,2.68,2.18,10321,1637,2616,817
31722,94610,17029,15656,1373,5707,9949,2.40,1.82,15656,1690,4207,1500
31723,94611,18624,17675,949,10452,7223,2.59,1.79,17675,1960,7269,3183
31724,94612,10535,9429,1106,954,8475,1.98,1.65,9429,3794,737,217
31725,94613,0,0,0,0,0,-,-,0,0,0,0
31726,94618,7870,7409,461,4743,2666,2.42,2.07,7409,685,3206,1537
31727,94619,10133,9457,676,6613,2844,2.74,2.71,9457,502,4849,1764
31728,94621,10519,9900,619,3228,6672,3.91,3.37,9900,1568,2410,818
31729,94702,7907,7094,813,3415,3679,2.74,1.94,7094,1306,2401,1014
31730,94703,8924,7962,962,3115,4847,2.59,2.39,7962,1108,2319,796
31731,94704,9233,7843,1390,750,7093,2.40,2.54,7843,3476,386,364
31732,94705,6343,5837,506,3328,2509,2.72,1.95,5837,523,2071,1257
31733,94706,8265,7968,297,3964,4004,2.68,2.57,7968,568,2604,1360
31734,94707,5140,4932,208,4195,737,2.59,1.95,4932,113,2775,1420
31735,94708,4887,4574,313,3897,677,2.52,3.04,4574,90,2449,1448
31736,94709,5686,5084,602,1542,3542,2.27,2.05,5084,1161,885,657
31737,94710,3728,3368,360,1209,2159,2.68,2.16,3368,488,825,384
31738,94720,283,154,129,33,121,3.18,1.89,154,43,20,13
31739,94801,10798,9931,867,4762,5169,3.47,3.17,9931,1067,3160,1602
31740,94803,9928,9317,611,6771,2546,2.87,2.96,9317,258,4784,1987
31741,94804,16137,15463,674,7255,8208,2.76,2.81,15463,1356,5180,2075
31742,94805,5888,5578,310,3912,1666,2.58,2.80,5578,347,2615,1297
31743,94806,21307,20357,950,9746,10611,3.34,2.95,20357,1384,7039,2707
31744,94901,16658,15851,807,7735,8116,2.52,2.67,15851,773,5730,2005
31745,94903,12850,12591,259,8238,4353,2.37,2.36,12591,1157,5554,2684
31746,94904,5892,5643,249,3618,2025,2.60,1.90,5643,360,2476,1142
31747,94920,5517,5025,492,3580,1445,2.71,2.13,5025,39,2419,1161
31748,94922,100,100,0,100,0,5.04,-,100,0,47,53
31749,94923,1240,556,684,354,202,2.29,1.92,556,29,306,48
31750,94924,943,557,386,378,179,2.17,2.24,557,0,183,195
31751,94925,4104,3930,174,2776,1154,2.70,2.31,3930,125,1935,841
31752,94928,17801,17183,618,8682,8501,2.66,2.50,17183,887,5859,2823
31753,94929,451,160,291,94,66,2.10,2.98,160,0,10,84
31754,94930,4080,3803,277,2554,1249,2.42,2.08,3803,125,1774,780
31755,94931,3699,3539,160,2112,1427,2.73,2.23,3539,56,1546,566
31756,94933,541,516,25,294,222,2.15,2.41,516,0,151,143
31757,94937,898,580,318,442,138,1.82,2.20,580,0,146,296
31758,94938,317,265,52,204,61,2.07,1.46,265,45,124,80
31759,94939,3735,3416,319,1570,1846,2.56,1.76,3416,115,1196,374
31760,94940,182,100,82,78,22,3.31,5.00,100,0,44,34
31761,94941,13728,12469,1259,8298,4171,2.77,2.23,12469,391,5953,2345
31762,94945,7316,7137,179,5115,2022,2.46,2.38,7137,173,3511,1604
31763,94946,316,285,31,215,70,2.41,1.99,285,3,99,116
31764,94947,9579,9236,343,6871,2365,2.66,2.87,9236,350,4792,2079
31765,94949,7546,7082,464,4361,2721,2.38,2.85,7082,331,3224,1137
31766,94950,7,7,0,7,0,-,-,7,0,7,0
31767,94951,1596,1483,113,1051,432,2.45,1.84,1483,38,718,333
31768,94952,14295,13510,785,8103,5407,2.54,2.43,13510,545,5689,2414
31769,94954,14166,13929,237,9212,4717,2.79,2.64,13929,805,6303,2909
31770,94956,934,623,311,457,166,1.92,1.64,623,33,147,310
31771,94957,766,671,95,556,115,2.68,3.39,671,21,343,213
31772,94960,6395,5988,407,4242,1746,2.88,1.97,5988,220,3238,1004
31773,94963,129,129,0,114,15,2.65,-,129,0,29,85
31774,94964,162,127,35,0,127,-,2.31,127,0,0,0
31775,94965,6463,6149,314,3319,2830,1.93,1.85,6149,280,2066,1253
31776,94970,808,300,508,173,127,2.02,1.68,300,0,105,68
31777,94971,164,121,43,110,11,2.71,1.82,121,0,71,39
31778,94972,38,38,0,5,33,2.60,3.91,38,0,5,0
31779,94973,708,643,65,524,119,2.06,2.14,643,0,380,144
31780,95002,601,575,26,382,193,4.00,4.10,575,10,211,171
31781,95003,11868,10166,1702,7750,2416,2.47,2.52,10166,256,5573,2177
31782,95004,1428,1398,30,1044,354,3.09,2.96,1398,37,705,339
31783,95005,3100,2945,155,1921,1024,2.79,2.54,2945,19,1137,784
31784,95006,3945,3534,411,2818,716,2.60,2.16,3534,62,2063,755
31785,95007,229,214,15,170,44,2.15,1.70,214,0,170,0
31786,95008,20569,19327,1242,9536,9791,2.61,2.40,19327,1370,6455,3081
31787,95010,4806,4315,491,1916,2399,2.07,1.95,4315,158,1122,794
31788,95012,2668,2517,151,1363,1154,3.84,4.67,2517,11,940,423
31789,95013,18,18,0,18,0,1.50,-,18,0,0,18
31790,95014,22936,21646,1290,12881,8765,2.86,2.84,21646,927,8049,4832
31791,95017,315,268,47,133,135,3.35,3.68,268,12,56,77
31792,95018,2860,2552,308,1982,570,2.35,2.02,2552,15,1452,530
31793,95019,2024,2024,0,592,1432,4.83,2.83,2024,272,459,133
31794,95020,20596,19669,927,12941,6728,3.44,3.40,19669,671,10095,2846
31795,95023,17227,16566,661,11146,5420,3.31,3.47,16566,565,8582,2564
31796,95030,5947,5355,592,4048,1307,2.73,1.75,5355,116,2907,1141
31797,95032,10758,10275,483,6863,3412,2.78,2.29,10275,353,4595,2268
31798,95033,4178,3753,425,3054,699,2.68,2.22,3753,31,2306,748
31799,95035,24773,23749,1024,14982,8767,3.29,3.20,23749,1269,10988,3994
31800,95037,17473,16888,585,12342,4546,2.99,3.27,16888,455,9456,2886
31801,95039,488,377,111,181,196,2.03,4.90,377,26,48,133
31802,95041,293,283,10,192,91,2.92,2.58,283,0,138,54
31803,95043,363,272,91,178,94,1.95,2.97,272,0,87,91
31804,95045,1455,1421,34,983,438,2.68,3.13,1421,3,651,332
31805,95046,1953,1847,106,1315,532,3.19,3.05,1847,53,835,480
31806,95050,15846,14764,1082,5643,9121,2.75,2.54,14764,951,4058,1585
31807,95051,24030,22468,1562,10380,12088,2.85,2.55,22468,1055,7081,3299
31808,95053,0,0,0,0,0,-,-,0,0,0,0
31809,95054,9161,8578,583,3408,5170,3.10,2.57,8578,457,2541,867
31810,95060,20792,18841,1951,9576,9265,2.60,2.32,18841,1414,6320,3256
31811,95062,16571,15149,1422,8349,6800,2.46,2.20,15149,892,5286,3063
31812,95064,576,536,40,171,365,2.13,2.37,536,47,135,36
31813,95065,3049,2930,119,1966,964,2.63,3.10,2930,233,1285,681
31814,95066,6547,5893,654,4556,1337,2.68,2.11,5893,285,3220,1336
31815,95070,11981,11376,605,9913,1463,2.83,2.68,11376,269,6344,3569
31816,95073,4531,4175,356,3142,1033,2.57,3.10,4175,162,1894,1248
31817,95075,183,176,7,153,23,2.84,6.74,176,0,92,61
31818,95076,25890,24053,1837,13637,10416,3.21,3.94,24053,1042,9260,4377
31819,95110,7568,6665,903,2626,4039,2.89,2.85,6665,497,2203,423
31820,95111,16284,15899,385,9307,6592,3.91,3.65,15899,1312,6093,3214
31821,95112,22407,20778,1629,6202,14576,2.91,2.42,20778,2516,4360,1842
31822,95113,1441,1276,165,210,1066,1.78,1.70,1276,339,149,61
31823,95116,14147,13728,419,5443,8285,3.99,3.62,13728,1274,3731,1712
31824,95117,11353,10479,874,3828,6651,2.69,2.76,10479,472,2514,1314
31825,95118,11832,11204,628,7245,3959,2.85,2.99,11204,435,5304,1941
31826,95119,3435,3388,47,2541,847,3.02,3.03,3388,50,1980,561
31827,95120,12916,12536,380,11093,1443,3.07,2.97,12536,367,7985,3108
31828,95121,10021,9832,189,7305,2527,3.84,3.57,9832,361,4986,2319
31829,95122,12528,12058,470,6066,5992,4.50,4.43,12058,747,3934,2132
31830,95123,24798,23930,868,14559,9371,2.97,2.93,23930,871,10580,3979
31831,95124,18068,17553,515,12767,4786,2.94,3.03,17553,400,9379,3388
31832,95125,22002,21083,919,12784,8299,2.59,2.35,21083,1082,9333,3451
31833,95126,15952,15021,931,5255,9766,2.46,2.39,15021,1146,4000,1255
31834,95127,16867,15939,928,10517,5422,3.80,4.11,15939,535,7582,2935
31835,95128,14910,13898,1012,5966,7932,2.48,2.47,13898,1093,4372,1594
31836,95129,14961,13835,1126,8347,5488,2.77,2.90,13835,462,5732,2615
31837,95130,4735,4491,244,2740,1751,3.09,2.66,4491,162,2054,686
31838,95131,10036,9736,300,6084,3652,3.20,3.27,9736,335,3955,2129
31839,95132,12487,12115,372,8726,3389,3.30,3.64,12115,598,5988,2738
31840,95133,9002,8875,127,5321,3554,3.17,3.33,8875,662,3882,1439
31841,95134,14651,13383,1268,1787,11596,3.05,2.22,13383,806,1038,749
31842,95135,7842,7651,191,6544,1107,2.97,2.21,7651,270,4245,2299
31843,95136,16514,16114,400,9232,6882,2.86,3.22,16114,441,6316,2916
31844,95138,5764,5639,125,4879,760,3.32,4.65,5639,158,3740,1139
31845,95139,2154,2117,37,1651,466,3.17,4.11,2117,47,1211,440
31846,95140,88,60,28,52,8,2.04,1.50,60,0,41,11
31847,95148,12385,12124,261,9562,2562,3.71,4.52,12124,413,6794,2768
31848,95202,3999,2920,1079,148,2772,3.57,1.87,2920,1434,108,40
31849,95203,5893,5387,506,2051,3336,2.55,3.07,5387,589,1259,792
31850,95204,12091,11080,1011,6441,4639,2.69,2.67,11080,712,4451,1990
31851,95205,11597,10735,862,4695,6040,3.75,3.62,10735,809,2711,1984
31852,95206,18531,17279,1252,9784,7495,3.75,3.84,17279,1018,6928,2856
31853,95207,19890,18347,1543,7218,11129,2.56,2.97,18347,1385,4584,2634
31854,95209,13569,13129,440,9356,3773,3.27,3.62,13129,431,6799,2557
31855,95210,12487,11934,553,5984,5950,3.46,3.65,11934,709,3849,2135
31856,95211,0,0,0,0,0,-,-,0,0,0,0
31857,95212,7822,7747,75,5532,2215,3.66,3.71,7747,221,3732,1800
31858,95215,7630,7076,554,4173,2903,3.20,3.22,7076,138,2480,1693
31859,95219,11366,10856,510,6506,4350,2.90,2.62,10856,453,4351,2155
31860,95220,2938,2712,226,1810,902,2.94,3.25,2712,36,1327,483
31861,95221,92,69,23,0,69,-,5.64,69,0,0,0
31862,95222,3059,2238,821,1749,489,2.16,2.58,2238,65,731,1018
31863,95223,7356,1305,6051,1120,185,1.89,2.84,1305,24,619,501
31864,95224,228,74,154,52,22,1.60,2.95,74,12,18,34
31865,95225,375,322,53,125,197,3.84,2.64,322,0,52,73
31866,95226,0,0,0,0,0,-,-,0,0,0,0
31867,95227,332,332,0,275,57,2.58,3.37,332,0,131,144
31868,95228,2514,1731,783,1427,304,2.58,2.91,1731,28,1053,374
31869,95230,282,226,56,130,96,2.31,3.15,226,3,89,41
31870,95231,865,709,156,420,289,3.61,2.94,709,82,211,209
31871,95232,58,29,29,29,0,5.00,-,29,0,18,11
31872,95233,221,99,122,99,0,2.53,-,99,0,70,29
31873,95236,1826,1708,118,1071,637,2.29,3.59,1708,17,533,538
31874,95237,1522,1522,0,1226,296,2.47,3.56,1522,29,655,571
31875,95240,17333,16235,1098,8056,8179,2.94,3.07,16235,1315,5334,2722
31876,95242,10506,10058,448,6474,3584,2.65,2.84,10058,379,4243,2231
31877,95245,1286,1003,283,902,101,2.35,2.93,1003,0,524,378
31878,95246,676,447,229,406,41,3.00,2.07,447,0,281,125
31879,95247,2474,1542,932,1250,292,2.36,2.21,1542,50,551,699
31880,95248,133,16,117,0,16,-,2.38,16,0,0,0
31881,95249,2034,1749,285,1253,496,2.75,3.52,1749,0,598,655
31882,95251,289,250,39,250,0,2.03,-,250,0,188,62
31883,95252,5363,4814,549,4138,676,3.00,3.28,4814,51,2869,1269
31884,95253,124,124,0,30,94,2.93,4.52,124,0,6,24
31885,95254,279,279,0,222,57,2.77,2.70,279,0,123,99
31886,95255,1171,708,463,570,138,2.42,2.66,708,15,227,343
31887,95257,287,149,138,101,48,2.91,2.81,149,0,32,69
31888,95258,1588,1538,50,1276,262,2.67,2.58,1538,33,858,418
31889,95301,13226,12857,369,7299,5558,3.09,3.06,12857,955,4867,2432
31890,95303,300,291,9,152,139,3.28,2.60,291,0,103,49
31891,95304,4709,4359,350,2747,1612,3.43,2.44,4359,21,2087,660
31892,95305,119,58,61,29,29,2.00,2.07,58,0,0,29
31893,95306,452,383,69,334,49,2.16,2.47,383,6,130,204
31894,95307,13395,13022,373,7970,5052,3.72,3.51,13022,608,4806,3164
31895,95309,0,0,0,0,0,-,-,0,0,0,0
31896,95310,898,713,185,519,194,2.21,1.45,713,82,264,255
31897,95311,1522,989,533,857,132,2.01,2.05,989,65,490,367
31898,95312,63,63,0,34,29,2.74,5.10,63,0,19,15
31899,95313,482,424,58,207,217,2.87,3.02,424,0,112,95
31900,95315,3612,3554,58,2329,1225,3.82,3.62,3554,106,1518,811
31901,95316,2655,2627,28,1940,687,2.96,3.03,2627,38,1414,526
31902,95317,282,260,22,66,194,2.53,4.10,260,0,24,42
31903,95318,282,224,58,161,63,2.16,-,224,0,64,97
31904,95319,597,576,21,236,340,3.60,2.00,576,44,111,125
31905,95320,4855,4585,270,3046,1539,2.65,2.82,4585,148,1769,1277
31906,95321,3697,1809,1888,1596,213,2.05,2.48,1809,95,838,758
31907,95322,3755,3319,436,1701,1618,2.86,3.18,3319,246,1275,426
31908,95323,461,434,27,282,152,3.43,3.43,434,12,208,74
31909,95324,2782,2626,156,1356,1270,2.94,3.66,2626,58,783,573
31910,95325,35,35,0,35,0,1.71,-,35,0,35,0
31911,95326,3862,3743,119,2296,1447,2.80,2.63,3743,239,1543,753
31912,95327,3320,3012,308,2078,934,2.22,2.05,3012,149,873,1205
31913,95328,1029,989,40,559,430,3.63,3.62,989,57,404,155
31914,95329,1446,1172,274,934,238,2.03,2.45,1172,46,631,303
31915,95330,7371,6907,464,5681,1226,4.11,4.04,6907,109,4483,1198
31916,95333,851,794,57,538,256,3.88,3.68,794,62,270,268
31917,95334,4330,4142,188,2082,2060,4.41,3.91,4142,168,1158,924
31918,95335,886,73,813,0,73,-,1.33,73,0,0,0
31919,95336,16326,15395,931,10196,5199,2.97,3.19,15395,537,6976,3220
31920,95337,13093,12551,542,8656,3895,3.58,2.94,12551,395,6714,1942
31921,95338,5394,4720,674,3383,1337,2.14,2.47,4720,197,1678,1705
31922,95340,13199,12338,861,6677,5661,2.76,2.80,12338,1046,4130,2547
31923,95341,9092,8787,305,3639,5148,3.53,3.97,8787,932,2592,1047
31924,95345,414,332,82,189,143,1.57,2.53,332,0,52,137
31925,95346,1178,488,690,402,86,2.26,2.51,488,0,287,115
31926,95348,11786,10765,1021,4218,6547,3.27,3.12,10765,942,2541,1677
31927,95350,20221,19358,863,9777,9581,2.70,2.88,19358,1331,6173,3604
31928,95351,14094,13453,641,6862,6591,3.44,3.82,13453,890,4303,2559
31929,95354,9412,8773,639,4097,4676,2.87,2.81,8773,873,3022,1075
31930,95355,21682,21060,622,12635,8425,2.89,2.67,21060,1291,8535,4100
31931,95356,11644,11219,425,7379,3840,2.84,3.10,11219,294,4797,2582
31932,95357,4379,4259,120,2996,1263,2.97,3.83,4259,91,1872,1124
31933,95358,8821,8418,403,5133,3285,3.63,3.85,8418,286,3121,2012
31934,95360,4384,3956,428,2627,1329,3.41,3.42,3956,270,2113,514
31935,95361,12842,12286,556,8406,3880,2.85,2.72,12286,709,5436,2970
31936,95363,8569,7948,621,5626,2322,3.74,3.51,7948,305,3994,1632
31937,95364,460,0,460,0,0,-,-,0,0,0,0
31938,95365,1277,1106,171,629,477,3.31,4.33,1106,90,415,214
31939,95366,6812,6649,163,4619,2030,2.76,2.77,6649,144,3403,1216
31940,95367,7654,7489,165,5048,2441,3.42,3.10,7489,261,3610,1438
31941,95368,4262,4262,0,3248,1014,3.37,3.65,4262,141,2631,617
31942,95369,429,331,98,191,140,2.24,2.64,331,11,112,79
31943,95370,13459,11988,1471,8709,3279,2.33,2.11,11988,785,5163,3546
31944,95372,735,645,90,559,86,3.06,2.64,645,0,426,133
31945,95374,704,540,164,253,287,2.61,3.63,540,118,108,145
31946,95375,301,61,240,16,45,-,-,61,45,16,0
31947,95376,17265,16697,568,9729,6968,3.13,3.53,16697,677,7922,1807
31948,95377,9238,9045,193,6626,2419,3.74,3.64,9045,205,5816,810
31949,95379,1842,1705,137,1313,392,2.49,1.63,1705,103,759,554
31950,95380,15897,15286,611,7014,8272,2.85,3.06,15286,949,4339,2675
31951,95382,13375,12894,481,8155,4739,2.91,2.74,12894,518,5909,2246
31952,95383,3497,1870,1627,1427,443,2.06,2.45,1870,73,1001,426
31953,95385,220,213,7,115,98,2.38,3.94,213,17,13,102
31954,95386,3222,2934,288,1921,1013,3.38,3.83,2934,93,1354,567
31955,95387,294,275,19,103,172,3.56,4.39,275,0,79,24
31956,95388,4008,3740,268,2255,1485,3.46,3.69,3740,148,1365,890
31957,95389,798,333,465,43,290,1.84,1.08,333,84,21,22
31958,95391,6225,5983,242,4226,1757,4.10,3.37,5983,48,3456,770
31959,95401,14170,13592,578,7562,6030,2.71,2.65,13592,619,5176,2386
31960,95403,17124,16286,838,8837,7449,2.59,2.94,16286,1082,6038,2799
31961,95404,16488,15507,981,8927,6580,2.52,2.27,15507,675,6246,2681
31962,95405,9714,9396,318,5333,4063,2.47,2.34,9396,485,3670,1663
31963,95407,13125,12871,254,6870,6001,3.21,3.15,12871,526,4740,2130
31964,95409,12649,11870,779,7718,4152,2.14,2.24,11870,765,4625,3093
31965,95410,627,412,215,321,91,1.88,2.18,412,0,188,133
31966,95412,204,161,43,131,30,2.37,-,161,26,69,62
31967,95415,657,433,224,228,205,2.86,3.42,433,9,58,170
31968,95417,95,95,0,58,37,4.24,-,95,0,34,24
31969,95419,190,162,28,127,35,1.40,-,162,35,40,87
31970,95420,109,85,24,85,0,2.59,-,85,0,35,50
31971,95421,1240,726,514,522,204,2.20,2.14,726,26,276,246
31972,95422,8280,6136,2144,3536,2600,2.75,2.64,6136,583,2042,1494
31973,95423,2361,1528,833,1027,501,1.98,2.38,1528,38,487,540
31974,95425,4711,4585,126,3111,1474,2.40,2.56,4585,182,2239,872
31975,95426,1155,644,511,551,93,2.15,1.86,644,0,197,354
31976,95427,280,223,57,147,76,3.19,3.04,223,0,22,125
31977,95428,1325,973,352,619,354,2.80,2.86,973,100,212,407
31978,95429,70,70,0,70,0,1.74,-,70,0,23,47
31979,95430,31,15,16,0,15,-,-,15,0,0,0
31980,95431,0,0,0,0,0,-,-,0,0,0,0
31981,95432,397,276,121,183,93,2.02,2.47,276,16,79,104
31982,95435,89,89,0,14,75,-,4.23,89,14,0,14
31983,95436,2927,2644,283,1818,826,2.43,2.56,2644,30,1302,516
31984,95437,7597,6438,1159,3948,2490,2.42,2.41,6438,640,2150,1798
31985,95439,193,169,24,140,29,2.50,5.52,169,0,68,72
31986,95441,896,701,195,452,249,2.38,2.70,701,34,256,196
31987,95442,1471,1161,310,843,318,2.20,1.99,1161,14,392,451
31988,95443,55,36,19,0,36,-,3.58,36,0,0,0
31989,95444,244,219,25,157,62,2.30,3.19,219,0,61,96
31990,95445,1392,955,437,625,330,2.08,2.47,955,18,325,300
31991,95446,3305,2336,969,1600,736,2.15,1.83,2336,198,1059,541
31992,95448,8296,6724,1572,4354,2370,2.39,2.51,6724,163,2710,1644
31993,95449,671,493,178,246,247,2.95,2.87,493,5,140,106
31994,95450,279,84,195,54,30,2.63,2.33,84,11,27,27
31995,95451,6141,4767,1374,3389,1378,2.68,2.52,4767,37,1875,1514
31996,95452,766,623,143,484,139,1.74,3.68,623,0,258,226
31997,95453,5503,4638,865,3420,1218,2.44,2.24,4638,219,1961,1459
31998,95454,1205,924,281,763,161,2.02,3.33,924,66,201,562
31999,95456,710,419,291,222,197,2.16,1.50,419,8,56,166
32000,95457,1759,1368,391,1097,271,2.13,2.71,1368,42,639,458
32001,95458,2073,1359,714,994,365,2.33,2.41,1359,135,551,443
32002,95459,506,313,193,200,113,2.42,3.12,313,1,119,81
32003,95460,1511,1070,441,731,339,2.10,2.08,1070,0,362,369
32004,95461,1483,1322,161,982,340,2.72,2.33,1322,27,381,601
32005,95462,1044,592,452,412,180,1.92,1.77,592,37,255,157
32006,95463,119,35,84,35,0,2.46,-,35,0,28,7
32007,95464,1378,921,457,576,345,2.78,2.79,921,37,214,362
32008,95465,1039,603,436,377,226,2.03,2.44,603,0,292,85
32009,95466,411,310,101,142,168,3.01,3.46,310,21,62,80
32010,95467,2473,2244,229,1661,583,2.51,3.32,2244,18,1264,397
32011,95468,785,547,238,294,253,2.71,2.04,547,20,161,133
32012,95469,831,615,216,419,196,2.23,2.48,615,0,190,229
32013,95470,2447,2096,351,1585,511,2.71,2.95,2096,129,869,716
32014,95471,508,388,120,255,133,1.93,2.39,388,11,185,70
32015,95472,12943,11767,1176,8519,3248,2.54,2.38,11767,390,5541,2978
32016,95476,16758,15163,1595,9852,5311,2.36,2.43,15163,795,6175,3677
32017,95480,5,5,0,0,5,-,6.20,5,0,0,0
32018,95482,12594,11329,1265,6333,4996,2.97,2.74,11329,959,3418,2915
32019,95485,1356,1199,157,871,328,2.67,2.05,1199,88,436,435
32020,95486,48,35,13,13,22,2.08,-,35,0,13,0
32021,95488,168,103,65,68,35,2.21,-,103,0,58,10
32022,95490,6266,5578,688,3030,2548,2.78,2.26,5578,587,1699,1331
32023,95492,10152,9771,381,7424,2347,2.98,2.74,9771,407,5599,1825
32024,95493,46,46,0,46,0,1.72,-,46,0,32,14
32025,95494,81,42,39,36,6,2.78,2.17,42,0,19,17
32026,95497,1853,583,1270,516,67,1.72,2.84,583,8,223,293
32027,95501,11006,9787,1219,4258,5529,2.45,2.24,9787,1133,2700,1558
32028,95503,10486,9567,919,6827,2740,2.45,2.46,9567,732,3750,3077
32029,95511,92,57,35,57,0,1.79,-,57,0,0,57
32030,95514,150,59,91,59,0,1.25,-,59,0,16,43
32031,95519,7929,7259,670,4836,2423,2.79,2.05,7259,322,2879,1957
32032,95521,9509,8351,1158,3160,5191,2.28,2.57,8351,471,1758,1402
32033,95524,715,669,46,549,120,2.56,2.03,669,0,308,241
32034,95525,833,698,135,405,293,2.16,1.72,698,67,191,214
32035,95526,376,210,166,185,25,1.73,9.84,210,0,38,147
32036,95527,406,197,209,144,53,2.40,2.42,197,21,74,70
32037,95528,665,578,87,464,114,2.61,2.94,578,13,235,229
32038,95531,8799,7688,1111,5026,2662,2.67,2.57,7688,592,2468,2558
32039,95536,1354,1158,196,699,459,2.79,2.54,1158,53,332,367
32040,95537,126,126,0,64,62,2.39,7.73,126,0,0,64
32041,95538,479,438,41,394,44,2.30,1.55,438,44,149,245
32042,95540,6088,5638,450,3283,2355,2.85,2.34,5638,295,2230,1053
32043,95542,1435,1137,298,603,534,2.36,1.98,1137,77,298,305
32044,95543,232,232,0,189,43,2.33,1.63,232,8,40,149
32045,95545,133,84,49,70,14,3.76,-,84,0,3,67
32046,95546,1174,913,261,685,228,3.14,4.13,913,147,197,488
32047,95547,531,486,45,397,89,2.50,2.11,486,4,245,152
32048,95548,592,383,209,301,82,2.27,3.63,383,16,65,236
32049,95549,446,393,53,326,67,2.96,3.88,393,0,182,144
32050,95550,97,64,33,12,52,3.08,2.19,64,0,5,7
32051,95551,723,620,103,322,298,2.74,2.54,620,14,110,212
32052,95552,577,240,337,161,79,2.06,1.53,240,3,39,122
32053,95553,510,359,151,216,143,2.19,1.96,359,30,61,155
32054,95554,198,176,22,73,103,2.42,1.58,176,0,15,58
32055,95555,221,120,101,52,68,3.02,2.84,120,18,22,30
32056,95556,368,271,97,208,63,3.01,4.68,271,9,34,174
32057,95558,222,135,87,94,41,2.30,1.22,135,0,37,57
32058,95559,72,0,72,0,0,-,-,0,0,0,0
32059,95560,852,623,229,460,163,2.99,-,623,38,241,219
32060,95562,1560,1381,179,749,632,2.78,2.04,1381,72,467,282
32061,95563,416,293,123,198,95,2.94,2.28,293,25,41,157
32062,95564,237,201,36,76,125,1.96,2.66,201,5,30,46
32063,95565,392,274,118,104,170,2.40,2.46,274,6,78,26
32064,95567,991,790,201,595,195,2.78,2.68,790,14,337,258
32065,95568,81,46,35,33,13,2.76,1.46,46,0,5,28
32066,95569,120,106,14,103,3,1.70,2.00,106,0,70,33
32067,95570,1489,1071,418,754,317,2.31,2.40,1071,9,356,398
32068,95571,105,47,58,47,0,1.66,-,47,0,47,0
32069,95573,1042,581,461,345,236,1.95,2.84,581,34,213,132
32070,95585,286,194,92,112,82,2.23,2.23,194,10,38,74
32071,95587,90,36,54,36,0,2.00,-,36,0,0,36
32072,95589,1066,654,412,501,153,2.17,2.05,654,54,222,279
32073,95595,176,112,64,72,40,2.58,-,112,5,2,70
32074,95601,163,138,25,90,48,2.16,2.42,138,2,77,13
32075,95602,8013,7290,723,5960,1330,2.46,2.72,7290,258,3814,2146
32076,95603,12740,11825,915,7994,3831,2.36,2.24,11825,621,4852,3142
32077,95604,89,23,66,10,13,-,1.92,23,0,10,0
32078,95605,5433,4924,509,2053,2871,3.00,2.77,4924,675,1601,452
32079,95606,93,91,2,83,8,2.31,1.25,91,0,28,55
32080,95607,123,94,29,86,8,2.14,2.13,94,9,39,47
32081,95608,27360,25840,1520,13635,12205,2.53,2.28,25840,1728,8959,4676
32082,95610,17948,17254,694,8805,8449,2.78,2.47,17254,778,6250,2555
32083,95612,561,523,38,306,217,2.39,4.03,523,0,174,132
32084,95613,53,53,0,53,0,1.98,-,53,0,53,0
32085,95614,1891,1797,94,1546,251,2.58,2.36,1797,18,1159,387
32086,95615,386,342,44,186,156,2.71,3.23,342,17,131,55
32087,95616,19535,18126,1409,6620,11506,2.53,2.60,18126,2081,3874,2746
32088,95618,10327,9708,619,5398,4310,2.76,2.67,9708,545,3671,1727
32089,95619,2729,2513,216,1377,1136,2.39,2.72,2513,138,752,625
32090,95620,7695,7379,316,4511,2868,2.83,3.02,7379,274,3219,1292
32091,95621,17231,16495,736,11051,5444,2.54,2.68,16495,724,7480,3571
32092,95623,1738,1606,132,1352,254,2.86,2.14,1606,104,848,504
32093,95624,20729,20205,524,15517,4688,3.35,3.42,20205,716,11414,4103
32094,95625,119,119,0,12,107,1.92,1.21,119,0,0,12
32095,95626,2022,1934,88,1549,385,3.21,2.55,1934,22,1133,416
32096,95627,1445,1209,236,851,358,3.41,3.66,1209,54,604,247
32097,95628,17312,16594,718,11938,4656,2.55,2.43,16594,611,8482,3456
32098,95629,468,305,163,267,38,2.09,3.68,305,0,158,109
32099,95630,28132,27236,896,18890,8346,2.85,2.38,27236,875,14374,4516
32100,95631,2770,2552,218,2234,318,2.40,2.05,2552,70,1535,699
32101,95632,10564,10076,488,7485,2591,3.12,2.99,10076,446,5381,2104
32102,95633,1333,1266,67,1115,151,2.60,3.35,1266,17,526,589
32103,95634,2099,1842,257,1592,250,2.00,2.68,1842,20,846,746
32104,95635,431,369,62,340,29,1.69,-,369,0,233,107
32105,95636,611,497,114,459,38,2.27,4.29,497,0,390,69
32106,95637,101,56,45,24,32,2.54,2.53,56,0,16,8
32107,95638,859,828,31,805,23,2.63,2.26,828,99,677,128
32108,95639,70,70,0,29,41,6.97,-,70,0,2,27
32109,95640,4084,3819,265,2941,878,2.66,2.15,3819,302,2143,798
32110,95641,1090,741,349,588,153,1.89,2.07,741,18,226,362
32111,95642,3252,2915,337,2030,885,2.15,2.66,2915,229,1134,896
32112,95645,513,467,46,311,156,3.01,1.90,467,20,198,113
32113,95646,674,89,585,57,32,2.63,1.34,89,0,52,5
32114,95648,21049,20372,677,16544,3828,2.60,2.82,20372,355,11277,5267
32115,95650,5611,5467,144,4636,831,2.64,2.66,5467,51,3238,1398
32116,95651,272,201,71,172,29,2.53,3.45,201,49,63,109
32117,95652,318,318,0,0,318,-,3.00,318,52,0,0
32118,95653,186,166,20,112,54,2.86,2.83,166,0,32,80
32119,95655,1600,1545,55,1190,355,3.45,1.89,1545,209,1034,156
32120,95658,2520,2325,195,2037,288,2.61,2.39,2325,22,1336,701
32121,95659,355,316,39,190,126,2.57,2.55,316,17,92,98
32122,95660,11342,10831,511,6520,4311,3.03,3.66,10831,639,4531,1989
32123,95661,13534,12829,705,7946,4883,2.71,2.19,12829,876,5529,2417
32124,95662,13395,12767,628,9437,3330,2.62,2.43,12767,642,6474,2963
32125,95663,1141,1092,49,992,100,2.54,2.02,1092,71,786,206
32126,95664,475,395,80,310,85,2.57,2.24,395,19,167,143
32127,95665,2248,1851,397,1526,325,2.43,2.52,1851,102,1000,526
32128,95666,3822,2441,1381,2183,258,2.24,2.50,2441,63,1246,937
32129,95667,15846,14514,1332,11339,3175,2.44,2.17,14514,776,7461,3878
32130,95668,237,196,41,130,66,2.35,3.68,196,6,67,63
32131,95669,1084,982,102,836,146,2.36,2.23,982,87,500,336
32132,95670,22675,21713,962,12155,9558,2.65,2.84,21713,1404,8443,3712
32133,95671,39,39,0,0,39,-,1.10,39,0,0,0
32134,95672,2128,2084,44,1876,208,2.91,2.16,2084,45,1410,466
32135,95673,5312,5154,158,3602,1552,3.24,3.60,5154,133,2531,1071
32136,95674,322,269,53,217,52,3.16,4.10,269,9,155,62
32137,95675,157,157,0,124,33,3.21,1.61,157,0,124,0
32138,95676,47,41,6,7,34,3.00,4.21,41,0,7,0
32139,95677,10635,10223,412,7113,3110,2.81,2.57,10223,312,5251,1862
32140,95678,17972,17322,650,9703,7619,2.64,2.55,17322,781,7319,2384
32141,95679,103,64,39,56,8,2.88,-,64,0,22,34
32142,95680,0,0,0,0,0,-,-,0,0,0,0
32143,95681,408,336,72,271,65,3.31,5.71,336,15,102,169
32144,95682,12299,11621,678,8674,2947,2.60,2.44,11621,455,6251,2423
32145,95683,2608,2564,44,2326,238,2.51,1.89,2564,69,1733,593
32146,95684,1569,1309,260,1112,197,2.13,2.26,1309,14,729,383
32147,95685,2522,2214,308,1535,679,2.29,1.90,2214,104,921,614
32148,95686,442,387,55,207,180,2.50,3.24,387,21,98,109
32149,95687,23645,22424,1221,14329,8095,2.91,2.59,22424,839,10678,3651
32150,95688,14655,13909,746,9698,4211,2.81,2.98,13909,419,7017,2681
32151,95689,775,562,213,544,18,2.76,-,562,5,347,197
32152,95690,897,711,186,432,279,2.61,3.33,711,15,316,116
32153,95691,14365,14086,279,8679,5407,2.80,2.75,14086,917,6572,2107
32154,95692,1763,1721,42,1120,601,2.93,2.90,1721,16,897,223
32155,95693,2594,2475,119,2000,475,2.99,2.59,2475,50,1447,553
32156,95694,3528,3299,229,2027,1272,3.18,2.68,3299,179,1360,667
32157,95695,15162,14578,584,7482,7096,2.67,2.80,14578,1058,4963,2519
32158,95697,120,105,15,83,22,2.66,-,105,0,0,83
32159,95698,154,138,16,85,53,1.34,1.87,138,0,14,71
32160,95699,7,7,0,7,0,1.86,-,7,0,7,0
32161,95701,578,391,187,360,31,2.67,2.29,391,12,242,118
32162,95703,969,820,149,732,88,2.39,1.39,820,32,556,176
32163,95709,2815,2546,269,1953,593,2.63,2.24,2546,34,1032,921
32164,95713,4114,3748,366,3058,690,2.67,2.33,3748,140,2168,890
32165,95714,315,157,158,107,50,2.92,1.86,157,9,65,42
32166,95715,141,21,120,21,0,3.62,-,21,3,17,4
32167,95717,138,73,65,36,37,2.72,1.54,73,13,27,9
32168,95720,360,47,313,47,0,2.26,-,47,0,26,21
32169,95721,244,0,244,0,0,-,-,0,0,0,0
32170,95722,2034,1873,161,1667,206,2.66,2.41,1873,21,1118,549
32171,95726,4194,3342,852,2686,656,2.36,2.16,3342,202,1812,874
32172,95728,1075,139,936,123,16,2.50,1.50,139,0,83,40
32173,95735,459,24,435,24,0,2.08,-,24,0,21,3
32174,95736,57,57,0,0,57,-,1.68,57,0,0,0
32175,95742,4131,4030,101,3467,563,3.45,3.55,4030,29,2746,721
32176,95746,8196,7945,251,7163,782,2.83,2.58,7945,299,4757,2406
32177,95747,26839,25949,890,20635,5314,2.88,2.37,25949,895,15733,4902
32178,95757,15023,14578,445,10759,3819,3.43,3.57,14578,258,8501,2258
32179,95758,22779,22152,627,15554,6598,2.97,2.89,22152,906,11873,3681
32180,95762,15994,15688,306,13520,2168,2.90,2.80,15688,361,9882,3638
32181,95765,14379,13911,468,8982,4929,3.18,2.56,13911,350,7179,1803
32182,95776,8182,7977,205,4839,3138,3.25,2.86,7977,430,3637,1202
32183,95811,4510,4079,431,495,3584,1.76,1.71,4079,650,291,204
32184,95814,7513,6777,736,616,6161,1.55,1.47,6777,2854,488,128
32185,95815,10431,9634,797,3709,5925,2.72,2.69,9634,1218,2761,948
32186,95816,10993,10574,419,3024,7550,2.13,1.49,10574,1039,2014,1010
32187,95817,6706,6558,148,2242,4316,2.23,2.02,6558,1016,1639,603
32188,95818,11147,10404,743,5905,4499,2.23,2.02,10404,791,3837,2068
32189,95819,8678,8112,566,5807,2305,2.18,2.12,8112,270,3967,1840
32190,95820,14306,13625,681,7395,6230,2.36,2.97,13625,779,5186,2209
32191,95821,16447,15809,638,7604,8205,2.34,2.38,15809,1574,4784,2820
32192,95822,17457,16651,806,9996,6655,2.74,2.80,16651,958,6626,3370
32193,95823,25581,24311,1270,11540,12771,3.48,3.30,24311,2495,7928,3612
32194,95824,9674,9144,530,3601,5543,3.21,3.43,9144,864,2126,1475
32195,95825,16781,16086,695,3775,12311,1.79,2.45,16086,1493,2305,1470
32196,95826,16801,16045,756,8591,7454,2.47,2.61,16045,911,5811,2780
32197,95827,7810,7407,403,4511,2896,2.71,2.98,7407,499,2981,1530
32198,95828,18565,17895,670,11702,6193,3.32,3.64,17895,1193,7451,4251
32199,95829,9249,9157,92,6856,2301,3.17,3.78,9157,302,5340,1516
32200,95830,217,202,15,189,13,2.76,2.92,202,0,107,82
32201,95831,19818,18969,849,10505,8464,2.29,2.27,18969,894,6217,4288
32202,95832,3264,3237,27,1932,1305,4.20,3.81,3237,222,1235,697
32203,95833,16231,15582,649,7305,8277,2.76,2.49,15582,650,5583,1722
32204,95834,12040,11682,358,5969,5713,3.00,2.65,11682,598,4756,1213
32205,95835,14831,14342,489,9371,4971,3.01,2.58,14342,374,8017,1354
32206,95837,117,106,11,66,40,2.35,3.10,106,1,36,30
32207,95838,12264,11671,593,6402,5269,3.56,3.46,11671,706,4876,1526
32208,95841,8714,8225,489,3128,5097,2.56,2.50,8225,677,2234,894
32209,95842,12279,11884,395,5711,6173,2.73,3.06,11884,892,3825,1886
32210,95843,15229,15020,209,10212,4808,3.07,3.49,15020,324,8087,2125
32211,95864,10370,9891,479,7304,2587,2.57,2.52,9891,275,4852,2452
32212,95901,13567,12615,952,7052,5563,3.05,2.53,12615,1123,4727,2325
32213,95903,371,357,14,0,357,-,2.95,357,12,0,0
32214,95910,88,65,23,65,0,2.68,-,65,0,65,0
32215,95912,1484,1406,78,971,435,3.41,3.39,1406,51,567,404
32216,95913,96,96,0,54,42,2.65,1.79,96,0,22,32
32217,95914,361,254,107,198,56,1.88,2.59,254,34,69,129
32218,95915,51,0,51,0,0,-,-,0,0,0,0
32219,95916,800,486,314,402,84,2.17,2.81,486,26,98,304
32220,95917,1391,1293,98,932,361,3.31,2.98,1293,35,558,374
32221,95918,845,820,25,655,165,1.98,1.81,820,18,494,161
32222,95919,725,529,196,499,30,2.27,-,529,30,274,225
32223,95920,126,102,24,70,32,1.90,2.03,102,0,29,41
32224,95922,356,265,91,187,78,2.34,2.27,265,11,75,112
32225,95923,211,39,172,39,0,1.44,-,39,0,4,35
32226,95925,145,105,40,84,21,1.48,6.38,105,0,11,73
32227,95926,18881,17314,1567,7128,10186,2.42,2.32,17314,1129,4701,2427
32228,95928,17706,15690,2016,7177,8513,2.46,2.36,15690,1145,4409,2768
32229,95929,0,0,0,0,0,-,-,0,0,0,0
32230,95930,227,176,51,105,71,2.11,4.56,176,22,88,17
32231,95932,3122,3002,120,1799,1203,2.51,2.79,3002,149,932,867
32232,95934,105,60,45,60,0,1.70,-,60,12,12,48
32233,95935,325,165,160,87,78,2.31,1.55,165,43,43,44
32234,95936,277,56,221,56,0,2.02,-,56,0,12,44
32235,95937,532,515,17,317,198,2.34,1.93,515,17,138,179
32236,95938,1442,1408,34,986,422,2.77,3.09,1408,88,632,354
32237,95939,288,180,108,67,113,3.15,2.21,180,16,21,46
32238,95941,123,119,4,99,20,2.42,2.05,119,0,21,78
32239,95942,1133,863,270,791,72,2.30,-,863,0,510,281
32240,95943,324,247,77,123,124,2.76,2.40,247,2,44,79
32241,95944,64,64,0,0,64,-,-,64,0,0,0
32242,95945,13023,11680,1343,6796,4884,2.29,2.24,11680,924,3870,2926
32243,95946,4292,3563,729,2871,692,2.47,2.86,3563,62,1772,1099
32244,95947,840,689,151,542,147,2.20,1.80,689,34,295,247
32245,95948,4295,3821,474,2169,1652,2.95,3.32,3821,107,1410,759
32246,95949,8496,7914,582,7127,787,2.69,2.56,7914,200,4690,2437
32247,95950,263,205,58,120,85,1.90,3.56,205,0,35,85
32248,95951,854,814,40,381,433,3.28,2.88,814,16,264,117
32249,95953,3453,3244,209,2076,1168,3.32,3.62,3244,171,1471,605
32250,95954,4897,4377,520,3534,843,2.50,2.83,4377,189,2097,1437
32251,95955,662,507,155,333,174,2.27,3.44,507,17,158,175
32252,95956,519,196,323,196,0,2.02,-,196,0,101,95
32253,95957,331,285,46,169,116,3.21,2.49,285,16,107,62
32254,95958,0,0,0,0,0,-,-,0,0,0,0
32255,95959,8925,7577,1348,5768,1809,2.36,2.32,7577,114,3226,2542
32256,95960,357,276,81,157,119,2.13,2.62,276,16,63,94
32257,95961,9982,9437,545,6202,3235,3.44,3.08,9437,518,4600,1602
32258,95962,489,454,35,360,94,2.27,3.07,454,0,150,210
32259,95963,6223,5710,513,3818,1892,2.89,3.06,5710,262,2122,1696
32260,95965,8438,7704,734,4431,3273,2.59,2.79,7704,580,2303,2128
32261,95966,14221,11923,2298,8824,3099,2.38,2.51,11923,911,4986,3838
32262,95968,507,507,0,290,217,3.10,1.69,507,48,61,229
32263,95969,4515,4113,402,3064,1049,2.04,2.29,4113,296,1543,1521
32264,95970,233,192,41,99,93,2.41,2.70,192,15,28,71
32265,95971,2709,2145,564,1165,980,2.52,2.99,2145,122,644,521
32266,95972,69,54,15,0,54,-,2.61,54,0,0,0
32267,95973,16115,15175,940,9341,5834,2.66,2.27,15175,730,5905,3436
32268,95974,51,51,0,51,0,1.51,-,51,0,0,51
32269,95975,827,730,97,600,130,2.17,2.75,730,41,471,129
32270,95977,816,688,128,592,96,2.60,1.17,688,0,347,245
32271,95978,36,36,0,11,25,2.09,3.64,36,0,11,0
32272,95979,308,163,145,102,61,2.26,2.07,163,39,39,63
32273,95981,280,18,262,18,0,3.72,-,18,0,0,18
32274,95982,1169,1115,54,831,284,2.86,2.41,1115,16,581,250
32275,95983,265,174,91,98,76,2.55,1.72,174,0,38,60
32276,95984,229,94,135,73,21,2.04,-,94,0,51,22
32277,95986,81,35,46,25,10,3.36,1.50,35,0,0,25
32278,95987,2055,1871,184,1110,761,3.40,3.26,1871,67,795,315
32279,95988,3242,2805,437,1585,1220,3.22,2.63,2805,55,947,638
32280,95991,15255,14445,810,7125,7320,3.08,2.83,14445,1001,4877,2248
32281,95993,13044,12585,459,8707,3878,2.85,3.30,12585,382,5367,3340
32282,96001,14563,13369,1194,7650,5719,2.57,2.36,13369,1105,4965,2685
32283,96002,13463,12688,775,7822,4866,2.70,2.66,12688,814,4821,3001
32284,96003,19944,18350,1594,10813,7537,2.36,2.42,18350,1502,6511,4302
32285,96006,290,216,74,185,31,2.24,6.16,216,19,42,143
32286,96007,10427,9531,896,6210,3321,2.62,2.50,9531,608,3885,2325
32287,96008,484,441,43,369,72,2.44,2.18,441,45,179,190
32288,96009,237,143,94,102,41,1.95,2.00,143,0,24,78
32289,96010,107,14,93,14,0,5.86,-,14,0,0,14
32290,96011,146,87,59,55,32,2.27,2.00,87,3,11,44
32291,96013,2065,1600,465,1097,503,2.72,2.80,1600,99,552,545
32292,96014,115,66,49,24,42,1.75,1.71,66,0,0,24
32293,96015,118,80,38,40,40,1.90,1.20,80,0,15,25
32294,96016,228,133,95,87,46,2.24,3.52,133,0,48,39
32295,96017,192,84,108,58,26,1.74,1.96,84,0,22,36
32296,96019,4289,4050,239,2664,1386,2.62,2.51,4050,320,1803,861
32297,96020,1959,1155,804,864,291,2.25,1.93,1155,70,587,277
32298,96021,6024,5379,645,3332,2047,3.03,2.69,5379,321,1793,1539
32299,96022,6209,5720,489,4424,1296,2.66,2.34,5720,195,2882,1542
32300,96023,572,502,70,375,127,2.37,3.13,502,29,139,236
32301,96024,498,319,179,212,107,2.80,3.35,319,24,64,148
32302,96025,1417,959,458,576,383,2.17,2.45,959,83,343,233
32303,96027,982,844,138,648,196,2.51,2.27,844,12,316,332
32304,96028,1036,607,429,445,162,2.71,2.38,607,0,302,143
32305,96029,71,59,12,53,6,2.87,4.17,59,0,41,12
32306,96031,77,29,48,28,1,1.71,3.00,29,0,1,27
32307,96032,1277,1031,246,692,339,2.28,2.97,1031,21,300,392
32308,96033,201,174,27,146,28,2.38,2.61,174,11,48,98
32309,96034,188,159,29,118,41,2.19,2.68,159,2,41,77
32310,96035,1715,1483,232,1054,429,2.42,1.80,1483,103,633,421
32311,96037,43,43,0,0,43,-,2.40,43,0,0,0
32312,96038,303,259,44,170,89,2.56,2.83,259,22,37,133
32313,96039,588,414,174,233,181,2.10,2.31,414,37,58,175
32314,96040,146,38,108,38,0,1.89,-,38,0,6,32
32315,96041,1458,1095,363,643,452,2.67,4.70,1095,150,78,565
32316,96044,596,453,143,326,127,2.38,2.49,453,26,156,170
32317,96046,129,54,75,21,33,4.10,1.48,54,0,0,21
32318,96047,472,354,118,329,25,2.41,-,354,0,157,172
32319,96048,494,401,93,346,55,2.93,3.91,401,2,205,141
32320,96050,291,245,46,207,38,1.67,2.13,245,9,31,176
32321,96051,928,575,353,476,99,2.04,2.08,575,12,273,203
32322,96052,923,611,312,444,167,3.42,3.16,611,24,270,174
32323,96054,218,121,97,101,20,1.70,3.25,121,0,48,53
32324,96055,1828,1588,240,1148,440,2.51,2.89,1588,76,617,531
32325,96056,676,542,134,525,17,2.22,4.65,542,0,317,208
32326,96057,905,495,410,367,128,1.95,2.59,495,40,158,209
32327,96058,314,200,114,120,80,3.42,2.13,200,38,23,97
32328,96059,352,182,170,160,22,2.13,1.95,182,0,22,138
32329,96061,136,0,136,0,0,-,-,0,0,0,0
32330,96062,445,410,35,327,83,2.48,2.35,410,4,196,131
32331,96063,293,76,217,48,28,1.42,5.07,76,0,39,9
32332,96064,2145,1799,346,1365,434,2.46,2.44,1799,39,682,683
32333,96065,267,151,116,107,44,2.10,2.23,151,2,54,53
32334,96067,4571,3655,916,2277,1378,2.17,1.83,3655,287,1099,1178
32335,96068,57,19,38,6,13,7.17,2.23,19,0,5,1
32336,96069,534,459,75,421,38,2.38,2.47,459,7,225,196
32337,96071,155,10,145,10,0,2.00,-,10,0,10,0
32338,96073,1984,1903,81,1730,173,2.84,2.57,1903,16,1176,554
32339,96074,41,33,8,28,5,2.14,3.80,33,0,7,21
32340,96075,183,176,7,104,72,1.16,1.40,176,48,54,50
32341,96076,148,84,64,54,30,1.56,2.23,84,0,35,19
32342,96078,0,0,0,0,0,-,-,0,0,0,0
32343,96080,12760,12031,729,7745,4286,2.54,2.64,12031,1011,4763,2982
32344,96084,342,258,84,198,60,2.55,2.42,258,18,71,127
32345,96085,23,7,16,7,0,3.57,-,7,0,4,3
32346,96086,195,114,81,81,33,2.15,1.70,114,0,18,63
32347,96087,321,313,8,279,34,2.57,2.00,313,18,169,110
32348,96088,2882,2221,661,2002,219,2.05,2.61,2221,78,1213,789
32349,96090,221,209,12,142,67,2.58,1.75,209,1,71,71
32350,96091,833,338,495,276,62,2.20,1.32,338,12,140,136
32351,96092,112,91,21,60,31,3.63,-,91,0,34,26
32352,96093,2023,1695,328,1232,463,2.07,3.82,1695,32,603,629
32353,96094,3273,2855,418,1880,975,2.23,2.57,2855,190,1116,764
32354,96096,429,333,96,299,34,2.39,2.38,333,12,168,131
32355,96097,4561,4165,396,2742,1423,2.37,2.54,4165,252,1481,1261
32356,96101,2600,2041,559,1515,526,2.50,2.65,2041,222,686,829
32357,96103,1985,681,1304,597,84,2.23,2.02,681,0,268,329
32358,96104,466,398,68,259,139,2.21,2.14,398,0,65,194
32359,96105,318,174,144,168,6,2.06,-,174,0,67,101
32360,96106,476,203,273,100,103,3.02,1.86,203,29,31,69
32361,96107,381,341,40,222,119,1.80,2.58,341,6,98,124
32362,96108,54,54,0,41,13,2.98,1.46,54,0,9,32
32363,96109,608,414,194,372,42,2.91,2.31,414,25,209,163
32364,96110,67,13,54,7,6,3.29,1.67,13,0,2,5
32365,96111,36,14,22,14,0,1.57,-,14,0,14,0
32366,96112,150,93,57,59,34,1.63,3.35,93,3,7,52
32367,96113,500,411,89,241,170,2.26,3.20,411,5,76,165
32368,96114,1575,1311,264,919,392,2.50,2.28,1311,30,524,395
32369,96115,106,67,39,61,6,1.66,-,67,4,14,47
32370,96116,224,31,193,31,0,-,-,31,0,0,31
32371,96117,162,99,63,91,8,2.40,-,99,0,44,47
32372,96118,665,569,96,464,105,2.53,2.78,569,39,227,237
32373,96119,32,12,20,12,0,1.83,-,12,0,12,0
32374,96120,636,326,310,288,38,2.84,6.39,326,12,120,168
32375,96121,150,112,38,87,25,2.26,4.44,112,0,54,33
32376,96122,2427,1728,699,1218,510,2.32,2.22,1728,142,638,580
32377,96123,64,25,39,19,6,1.84,5.00,25,4,0,19
32378,96124,197,111,86,95,16,3.24,10.00,111,0,57,38
32379,96125,431,76,355,76,0,1.92,-,76,0,45,31
32380,96126,160,66,94,41,25,1.27,9.76,66,0,0,41
32381,96128,278,250,28,239,11,2.33,2.36,250,0,169,70
32382,96129,158,158,0,158,0,3.22,-,158,0,57,101
32383,96130,6701,4967,1734,3289,1678,2.70,2.62,4967,276,2063,1226
32384,96132,34,10,24,4,6,1.50,3.17,10,0,1,3
32385,96133,129,129,0,103,26,2.75,3.08,129,65,91,12
32386,96134,1019,676,343,496,180,2.92,3.69,676,39,165,331
32387,96135,60,60,0,60,0,1.88,-,60,0,0,60
32388,96136,45,17,28,17,0,3.41,-,17,0,0,17
32389,96137,4196,1471,2725,1164,307,1.97,2.59,1471,65,612,552
32390,96140,1701,592,1109,478,114,2.28,2.04,592,9,272,206
32391,96141,1506,257,1249,227,30,2.41,1.80,257,7,168,59
32392,96142,2291,374,1917,217,157,2.16,2.20,374,0,111,106
32393,96143,2843,1467,1376,843,624,2.28,2.49,1467,64,562,281
32394,96145,4840,1157,3683,862,295,2.47,1.79,1157,8,598,264
32395,96146,2014,498,1516,234,264,2.30,2.34,498,10,128,106
32396,96148,887,293,594,241,52,2.31,2.87,293,0,94,147
32397,96150,23295,12461,10834,7018,5443,2.39,2.30,12461,638,4669,2349
32398,96155,75,0,75,0,0,-,-,0,0,0,0
32399,96161,17754,7193,10561,5640,1553,2.73,2.34,7193,153,3971,1669
32400,96701,15091,14364,727,9812,4552,2.85,2.86,14364,598,6194,3618
32401,96703,857,761,96,652,109,3.98,2.28,761,53,276,376
32402,96704,3690,2925,765,1849,1076,2.62,3.29,2925,89,771,1078
32403,96705,762,684,78,453,231,3.65,3.10,684,35,341,112
32404,96706,22735,21944,791,14757,7187,3.85,3.42,21944,434,12431,2326
32405,96707,16261,14993,1268,10825,4168,3.33,3.15,14993,527,8788,2037
32406,96708,4552,4013,539,2400,1613,2.84,2.73,4013,97,1522,878
32407,96710,177,135,42,135,0,2.18,-,135,0,28,107
32408,96712,3160,2594,566,1333,1261,3.45,2.13,2594,112,824,509
32409,96713,619,371,248,165,206,2.35,2.67,371,17,77,88
32410,96714,856,413,443,202,211,3.17,3.07,413,21,82,120
32411,96716,870,759,111,500,259,2.80,4.21,759,19,334,166
32412,96717,1823,1339,484,689,650,4.31,3.66,1339,75,486,203
32413,96719,568,434,134,304,130,2.60,3.55,434,14,174,130
32414,96720,19397,17038,2359,11079,5959,2.90,2.60,17038,1249,6142,4937
32415,96722,2671,925,1746,650,275,2.18,2.45,925,15,317,333
32416,96725,1641,1496,145,900,596,2.63,2.78,1496,55,463,437
32417,96726,25,9,16,9,0,2.56,-,9,0,9,0
32418,96727,1756,1511,245,1190,321,2.90,3.38,1511,97,600,590
32419,96728,213,155,58,117,38,2.74,2.58,155,4,78,39
32420,96729,433,388,45,310,78,3.56,2.88,388,12,75,235
32421,96730,657,526,131,344,182,2.94,2.24,526,6,275,69
32422,96731,1313,831,482,546,285,3.70,3.00,831,50,389,157
32423,96732,8466,7908,558,5077,2831,3.56,2.74,7908,576,3621,1456
32424,96734,17934,16599,1335,10394,6205,3.20,2.81,16599,333,7111,3283
32425,96737,2314,1740,574,1365,375,2.16,2.42,1740,189,518,847
32426,96738,4739,2841,1898,1991,850,2.77,2.79,2841,41,1324,667
32427,96740,18897,14272,4625,9449,4823,2.82,2.88,14272,746,6261,3188
32428,96741,2300,1950,350,1376,574,2.87,3.81,1950,105,694,682
32429,96742,87,31,56,0,31,-,1.23,31,3,0,0
32430,96743,6197,4662,1535,3248,1414,2.74,3.04,4662,13,2330,918
32431,96744,17978,17150,828,13101,4049,3.09,3.17,17150,601,8893,4208
32432,96746,8459,6715,1744,4486,2229,3.08,3.08,6715,269,2549,1937
32433,96747,299,284,15,0,284,-,5.20,284,0,0,0
32434,96748,2139,1390,749,847,543,3.33,2.62,1390,100,417,430
32435,96749,7037,6234,803,4694,1540,2.93,2.57,6234,100,3062,1632
32436,96750,1397,1246,151,781,465,3.40,2.22,1246,89,406,375
32437,96751,61,44,17,20,24,2.45,3.50,44,0,7,13
32438,96752,1358,1044,314,613,431,3.37,2.65,1044,69,417,196
32439,96753,18355,10853,7502,6656,4197,2.88,2.42,10853,366,4618,2038
32440,96754,1620,1198,422,961,237,3.49,3.19,1198,30,528,433
32441,96755,1351,1215,136,1002,213,2.58,2.84,1215,22,479,523
32442,96756,3465,2033,1432,1206,827,3.02,2.68,2033,94,707,499
32443,96757,308,241,67,200,41,2.67,3.93,241,0,70,130
32444,96759,85,85,0,0,85,-,3.07,85,40,0,0
32445,96760,1552,1332,220,1176,156,2.85,2.81,1332,27,569,607
32446,96761,11730,7272,4458,4073,3199,3.32,3.00,7272,409,2915,1158
32447,96762,1300,1072,228,414,658,4.62,4.14,1072,141,298,116
32448,96763,1563,1183,380,656,527,2.80,2.41,1183,143,308,348
32449,96764,272,220,52,168,52,2.58,1.90,220,4,59,109
32450,96765,237,212,25,95,117,3.41,3.12,212,0,67,28
32451,96766,5437,4841,596,2979,1862,3.68,3.18,4841,268,2063,916
32452,96768,6613,6303,310,4295,2008,3.00,2.63,6303,149,3079,1216
32453,96769,109,78,31,0,78,-,4.44,78,9,0,0
32454,96770,730,192,538,89,103,2.44,2.12,192,14,53,36
32455,96771,2894,2386,508,1691,695,2.58,3.44,2386,55,800,891
32456,96772,1300,990,310,800,190,2.51,2.97,990,33,375,425
32457,96773,102,80,22,51,29,2.22,1.86,80,0,45,6
32458,96774,134,85,49,85,0,2.12,-,85,15,39,46
32459,96776,653,518,135,357,161,2.38,2.94,518,31,175,182
32460,96777,668,605,63,446,159,4.05,3.74,605,46,228,218
32461,96778,6938,5838,1100,4461,1377,2.38,3.01,5838,274,2091,2370
32462,96779,1118,877,241,608,269,2.91,2.94,877,12,374,234
32463,96780,250,250,0,157,93,1.87,3.08,250,0,138,19
32464,96781,699,459,240,355,104,2.66,2.44,459,21,149,206
32465,96782,12371,11909,462,7951,3958,3.30,2.71,11909,820,5253,2698
32466,96783,703,594,109,352,242,2.93,2.96,594,72,216,136
32467,96785,2695,2132,563,1610,522,2.08,2.74,2132,140,841,769
32468,96786,14879,13654,1225,3923,9731,3.48,2.91,13654,902,2313,1610
32469,96789,19384,18794,590,14867,3927,2.89,3.12,18794,515,11252,3615
32470,96790,3573,3206,367,2203,1003,2.97,2.77,3206,31,1389,814
32471,96791,2770,2377,393,1537,840,3.13,2.61,2377,129,925,612
32472,96792,15276,13426,1850,7995,5431,3.82,3.77,13426,1444,5988,2007
32473,96793,11119,9722,1397,6857,2865,3.35,3.01,9722,551,4728,2129
32474,96795,2479,2278,201,1742,536,4.61,3.23,2278,156,1044,698
32475,96796,786,727,59,322,405,2.97,2.12,727,63,114,208
32476,96797,20873,19971,902,13463,6508,3.52,3.71,19971,1258,10109,3354
32477,96813,12901,11577,1324,6081,5496,2.39,1.93,11577,1924,3953,2128
32478,96814,14422,11795,2627,4909,6886,1.90,1.95,11795,2839,2650,2259
32479,96815,23378,14584,8794,6927,7657,1.96,1.70,14584,3859,3349,3578
32480,96816,19632,17881,1751,10840,7041,2.99,2.63,17881,1433,5977,4863
32481,96817,20993,19058,1935,8256,10802,3.07,2.46,19058,4368,4885,3371
32482,96818,20321,18992,1329,6939,12053,3.25,3.05,18992,757,4079,2860
32483,96819,12730,11778,952,5785,5993,4.45,3.82,11778,1289,3630,2155
32484,96820,0,0,0,0,0,-,-,0,0,0,0
32485,96821,7427,6600,827,5556,1044,2.94,2.63,6600,310,3277,2279
32486,96822,20370,18842,1528,10515,8327,2.44,2.17,18842,2129,5481,5034
32487,96825,11872,10759,1113,8907,1852,2.83,2.87,10759,425,5884,3023
32488,96826,16711,14621,2090,4633,9988,2.19,1.97,14621,3558,2743,1890
32489,96848,0,0,0,0,0,-,-,0,0,0,0
32490,96850,0,0,0,0,0,-,-,0,0,0,0
32491,96853,0,0,0,0,0,-,-,0,0,0,0
32492,96857,0,0,0,0,0,-,-,0,0,0,0
32493,96858,0,0,0,0,0,-,-,0,0,0,0
32494,96859,0,0,0,0,0,-,-,0,0,0,0
32495,96860,0,0,0,0,0,-,-,0,0,0,0
32496,96863,0,0,0,0,0,-,-,0,0,0,0
32497,97001,67,43,24,10,33,3.60,3.00,43,17,5,5
32498,97002,2360,2282,78,1783,499,2.71,3.44,2282,44,1022,761
32499,97003,10977,10364,613,5904,4460,2.75,2.65,10364,772,4079,1825
32500,97004,1822,1683,139,1471,212,2.26,2.46,1683,7,930,541
32501,97005,11729,11355,374,4288,7067,2.40,2.38,11355,1182,2885,1403
32502,97006,18556,17945,611,8695,9250,2.58,2.44,17945,1011,5872,2823
32503,97007,18833,18399,434,13820,4579,2.75,2.22,18399,855,10942,2878
32504,97008,12736,12367,369,6619,5748,2.52,2.23,12367,1011,4706,1913
32505,97009,3233,3127,106,2684,443,2.79,3.20,3127,27,1496,1188
32506,97011,412,344,68,344,0,2.31,-,344,0,227,117
32507,97013,9141,8952,189,6350,2602,2.73,2.87,8952,348,4157,2193
32508,97014,805,668,137,508,160,2.50,1.96,668,13,331,177
32509,97015,9307,9109,198,5782,3327,2.64,2.44,9109,895,3644,2138
32510,97016,3105,2728,377,2244,484,2.47,2.40,2728,239,1368,876
32511,97017,1200,1168,32,1109,59,3.26,2.49,1168,8,701,408
32512,97018,749,703,46,602,101,2.47,2.90,703,20,439,163
32513,97019,1241,1151,90,999,152,2.79,3.06,1151,45,737,262
32514,97020,422,399,23,341,58,2.89,3.69,399,0,244,97
32515,97021,698,593,105,393,200,2.48,2.20,593,7,188,205
32516,97022,1409,1350,59,1069,281,2.43,2.48,1350,27,638,431
32517,97023,4340,3983,357,3432,551,2.83,1.67,3983,100,2217,1215
32518,97024,4881,4797,84,2635,2162,2.22,2.46,4797,442,1441,1194
32519,97026,1046,1013,33,863,150,3.45,4.14,1013,18,643,220
32520,97027,4980,4870,110,3109,1761,2.63,2.36,4870,295,2359,750
32521,97028,626,111,515,87,24,1.31,-,111,24,0,87
32522,97029,165,118,47,69,49,2.29,3.37,118,4,23,46
32523,97030,16355,15399,956,6765,8634,2.61,2.49,15399,1716,4492,2273
32524,97031,8059,7364,695,4999,2365,2.75,2.18,7364,335,2779,2220
32525,97032,1839,1690,149,1235,455,3.04,2.70,1690,10,858,377
32526,97033,38,31,7,9,22,3.22,2.45,31,5,0,9
32527,97034,8870,8272,598,6312,1960,2.63,2.04,8272,314,4303,2009
32528,97035,11703,10931,772,6976,3955,2.60,2.12,10931,280,4887,2089
32529,97037,607,394,213,264,130,2.04,1.98,394,20,94,170
32530,97038,6182,5979,203,4293,1686,2.87,2.40,5979,388,3260,1033
32531,97039,221,169,52,101,68,2.54,2.57,169,10,48,53
32532,97040,801,614,187,452,162,2.61,2.81,614,0,272,180
32533,97041,1217,947,270,684,263,2.37,3.61,947,11,270,414
32534,97042,1056,993,63,899,94,2.92,2.64,993,3,614,285
32535,97045,21175,20489,686,15335,5154,2.87,2.28,20489,729,10980,4355
32536,97048,3169,2839,330,2236,603,2.57,2.95,2839,199,1331,905
32537,97049,2473,879,1594,793,86,2.09,2.40,879,21,661,132
32538,97050,135,105,30,84,21,2.36,1.62,105,15,19,65
32539,97051,6659,6262,397,4167,2095,2.78,2.47,6262,353,3152,1015
32540,97053,1474,1433,41,1337,96,2.53,1.97,1433,0,868,469
32541,97054,667,622,45,591,31,2.25,2.58,622,10,424,167
32542,97055,7238,6841,397,5528,1313,2.83,2.58,6841,232,4160,1368
32543,97056,4890,4529,361,3448,1081,2.65,2.48,4529,201,2397,1051
32544,97057,20,8,12,6,2,-,4.00,8,2,0,6
32545,97058,8731,8123,608,5205,2918,2.57,2.30,8123,672,3216,1989
32546,97060,7356,7042,314,4960,2082,3.17,2.80,7042,269,3483,1477
32547,97062,11697,11112,585,6468,4644,2.68,2.44,11112,537,4820,1648
32548,97063,825,412,413,362,50,1.90,2.82,412,0,210,152
32549,97064,1540,1304,236,1096,208,2.75,1.98,1304,35,749,347
32550,97065,342,288,54,236,52,2.30,3.08,288,17,81,155
32551,97067,1490,882,608,631,251,2.27,1.47,882,10,411,220
32552,97068,11711,11303,408,9550,1753,2.75,2.36,11303,201,6504,3046
32553,97070,11035,10579,456,5455,5124,2.63,2.12,10579,701,3782,1673
32554,97071,10495,10204,291,6547,3657,2.88,3.23,10204,614,4250,2297
32555,97078,9050,8761,289,5843,2918,2.79,2.74,8761,337,4612,1231
32556,97080,16892,16361,531,11862,4499,2.86,2.66,16361,416,8893,2969
32557,97086,12139,11589,550,7464,4125,3.17,2.00,11589,884,5125,2339
32558,97089,4853,4795,58,4540,255,3.08,3.04,4795,30,3278,1262
32559,97101,1478,1398,80,1061,337,2.85,3.02,1398,35,687,374
32560,97102,408,172,236,172,0,2.18,-,172,0,87,85
32561,97103,7957,6989,968,4364,2625,2.71,2.13,6989,485,2779,1585
32562,97106,1897,1791,106,1552,239,2.83,2.61,1791,19,1226,326
32563,97107,1068,959,109,742,217,2.50,2.71,959,0,490,252
32564,97108,227,227,0,196,31,2.76,1.94,227,0,129,67
32565,97109,211,195,16,162,33,3.07,2.79,195,0,123,39
32566,97110,1763,595,1168,251,344,2.23,1.67,595,64,156,95
32567,97111,1478,1340,138,1061,279,2.75,3.00,1340,68,822,239
32568,97112,1322,841,481,630,211,1.99,3.48,841,0,288,342
32569,97113,5082,4869,213,3687,1182,2.85,3.26,4869,53,2689,998
32570,97114,1624,1558,66,1245,313,3.09,3.54,1558,56,791,454
32571,97115,1371,1324,47,1117,207,2.89,3.45,1324,17,763,354
32572,97116,10506,10070,436,6482,3588,3.03,2.27,10070,759,4564,1918
32573,97117,306,306,0,272,34,3.62,3.74,306,0,198,74
32574,97118,413,305,108,193,112,2.07,2.17,305,6,100,93
32575,97119,1843,1783,60,1562,221,3.14,2.84,1783,77,1040,522
32576,97121,618,544,74,373,171,2.65,1.52,544,35,267,106
32577,97122,125,125,0,116,9,2.26,9.78,125,17,83,33
32578,97123,16845,16404,441,11256,5148,2.83,2.91,16404,1116,8468,2788
32579,97124,21836,20796,1040,9921,10875,2.78,2.43,20796,973,7080,2841
32580,97125,24,24,0,24,0,3.21,-,24,0,9,15
32581,97127,1473,1473,0,1362,111,2.92,3.51,1473,0,1151,211
32582,97128,14880,14342,538,9466,4876,2.62,2.45,14342,828,6033,3433
32583,97130,1497,365,1132,306,59,1.98,1.95,365,7,123,183
32584,97131,1952,1248,704,1023,225,2.01,2.50,1248,131,446,577
32585,97132,11882,11376,506,7829,3547,2.61,2.49,11376,765,6001,1828
32586,97133,2165,2100,65,1755,345,2.88,1.88,2100,36,1226,529
32587,97134,325,65,260,55,10,1.55,1.90,65,0,29,26
32588,97135,1507,538,969,362,176,2.06,2.76,538,9,207,155
32589,97136,2901,956,1945,715,241,2.34,2.12,956,31,427,288
32590,97137,402,376,26,261,115,3.07,3.10,376,9,149,112
32591,97138,7555,4971,2584,2650,2321,2.41,2.08,4971,825,1694,956
32592,97140,9382,9074,308,7043,2031,3.03,2.74,9074,339,5529,1514
32593,97141,6243,5261,982,3289,1972,2.33,2.58,5261,335,1925,1364
32594,97144,72,72,0,72,0,1.88,-,72,0,57,15
32595,97145,754,117,637,62,55,1.63,1.16,117,0,33,29
32596,97146,3274,2891,383,1957,934,2.67,2.48,2891,73,1311,646
32597,97147,290,208,82,92,116,1.67,1.70,208,5,54,38
32598,97148,1162,1097,65,896,201,3.07,4.41,1097,10,638,258
32599,97149,975,245,730,223,22,2.18,1.95,245,0,117,106
32600,97201,10206,9138,1068,2717,6421,1.99,1.51,9138,3311,1925,792
32601,97202,19146,18265,881,9407,8858,2.59,2.01,18265,2019,6576,2831
32602,97203,13166,12660,506,7345,5315,2.42,2.79,12660,1291,5962,1383
32603,97204,431,431,0,21,410,2.05,1.08,431,331,0,21
32604,97205,6324,5720,604,1207,4513,1.99,1.24,5720,2982,558,649
32605,97206,21950,21338,612,14220,7118,2.49,2.36,21338,2120,10727,3493
32606,97208,13,0,13,0,0,-,-,0,0,0,0
32607,97209,15541,13794,1747,3218,10576,1.57,1.33,13794,4507,2011,1207
32608,97210,7376,6647,729,2424,4223,2.11,1.46,6647,1499,1582,842
32609,97211,14888,14188,700,9315,4873,2.40,2.17,14188,1271,7535,1780
32610,97212,11850,11333,517,7561,3772,2.62,2.21,11333,766,5339,2222
32611,97213,14822,14289,533,9286,5003,2.44,1.81,14289,1445,7199,2087
32612,97214,15491,14412,1079,4699,9713,2.38,1.73,14412,2284,3351,1348
32613,97215,7721,7335,386,4459,2876,2.50,1.99,7335,437,2842,1617
32614,97216,7230,6986,244,3912,3074,2.61,2.38,6986,1110,3123,789
32615,97217,16286,15276,1010,8863,6413,2.41,2.11,15276,1303,6576,2287
32616,97218,6408,6058,350,3531,2527,2.55,2.51,6058,620,2526,1005
32617,97219,19149,18306,843,12993,5313,2.47,2.06,18306,818,9499,3494
32618,97220,12183,11525,658,6499,5026,2.50,2.25,11525,1388,4627,1872
32619,97221,5588,5339,249,3809,1530,2.62,1.87,5339,474,2542,1267
32620,97222,16732,15798,934,8674,7124,2.45,2.12,15798,1272,6193,2481
32621,97223,20839,20306,533,12783,7523,2.59,2.20,20306,819,9538,3245
32622,97224,16134,15509,625,10660,4849,2.52,2.07,15509,1142,7361,3299
32623,97225,12392,11686,706,5892,5794,2.54,1.90,11686,633,4109,1783
32624,97227,3437,3257,180,814,2443,2.54,1.56,3257,896,662,152
32625,97229,27077,26324,753,18384,7940,2.90,2.47,26324,984,13398,4986
32626,97230,16878,15825,1053,9992,5833,2.57,2.52,15825,1438,6921,3071
32627,97231,1721,1567,154,1310,257,2.33,2.06,1567,26,704,606
32628,97232,8788,8245,543,2189,6056,2.46,1.51,8245,1853,1480,709
32629,97233,14573,13833,740,6762,7071,2.87,2.59,13833,2027,4721,2041
32630,97236,14012,13284,728,7561,5723,3.02,2.78,13284,1355,5339,2222
32631,97239,9839,9239,600,4291,4948,2.29,1.76,9239,1122,2895,1396
32632,97258,0,0,0,0,0,-,-,0,0,0,0
32633,97266,13607,13035,572,7404,5631,2.73,2.58,13035,1222,5492,1912
32634,97267,13282,12857,425,9260,3597,2.48,2.33,12857,765,6418,2842
32635,97301,20921,19615,1306,8487,11128,2.86,2.49,19615,2350,5939,2548
32636,97302,17634,16562,1072,10193,6369,2.51,2.40,16562,961,7115,3078
32637,97303,15275,14709,566,9033,5676,2.93,2.51,14709,704,6750,2283
32638,97304,13753,13149,604,8590,4559,2.72,2.29,13149,787,6188,2402
32639,97305,14824,14299,525,7645,6654,2.96,3.15,14299,1027,4747,2898
32640,97306,13567,13032,535,8456,4576,2.67,2.35,13032,452,5918,2538
32641,97310,0,0,0,0,0,-,-,0,0,0,0
32642,97317,8820,8339,481,6089,2250,2.80,2.94,8339,179,3541,2548
32643,97321,11470,11009,461,8179,2830,2.77,2.21,11009,661,5735,2444
32644,97322,14498,13918,580,7990,5928,2.73,2.51,13918,451,5545,2445
32645,97324,762,541,221,345,196,2.50,2.10,541,3,197,148
32646,97325,2264,2212,52,1740,472,3.24,2.58,2212,75,1088,652
32647,97326,411,356,55,335,21,2.58,3.71,356,64,210,125
32648,97327,1428,1322,106,1064,258,2.45,2.07,1322,24,650,414
32649,97329,41,18,23,0,18,-,1.83,18,0,0,0
32650,97330,19565,18479,1086,9158,9321,2.37,2.18,18479,1743,4790,4368
32651,97331,0,0,0,0,0,-,-,0,0,0,0
32652,97333,10651,9974,677,4499,5475,2.38,2.19,9974,654,2534,1965
32653,97335,44,44,0,44,0,1.02,-,44,0,0,44
32654,97336,22,22,0,22,0,3.91,-,22,0,17,5
32655,97338,9178,8820,358,6619,2201,2.58,2.46,8820,525,4225,2394
32656,97341,2902,1779,1123,1316,463,1.97,1.64,1779,107,611,705
32657,97342,487,47,440,43,4,1.63,2.00,47,0,23,20
32658,97343,164,149,15,109,40,2.33,2.80,149,11,46,63
32659,97344,668,653,15,482,171,2.97,3.22,653,68,291,191
32660,97345,309,230,79,144,86,2.24,4.94,230,0,52,92
32661,97346,391,338,53,290,48,2.62,3.23,338,4,170,120
32662,97347,669,548,121,241,307,2.77,2.38,548,62,144,97
32663,97348,694,630,64,458,172,2.97,2.62,630,6,370,88
32664,97350,179,79,100,65,14,2.60,2.21,79,2,39,26
32665,97351,3520,3336,184,2052,1284,3.24,3.14,3336,87,1512,540
32666,97352,2209,2063,146,1562,501,2.94,4.25,2063,57,1128,434
32667,97355,12864,12435,429,8394,4041,2.42,2.73,12435,582,5356,3038
32668,97357,165,138,27,123,15,1.85,-,138,48,114,9
32669,97358,1150,1045,105,979,66,2.28,2.23,1045,3,707,272
32670,97360,1020,882,138,698,184,2.81,2.52,882,49,441,257
32671,97361,4495,4156,339,1998,2158,2.93,2.76,4156,183,1310,688
32672,97362,1525,1481,44,903,578,2.99,2.22,1481,134,610,293
32673,97364,424,257,167,147,110,2.50,2.93,257,5,108,39
32674,97365,5825,4749,1076,2916,1833,2.22,2.20,4749,300,1282,1634
32675,97366,1141,873,268,735,138,2.34,2.15,873,12,574,161
32676,97367,7993,4824,3169,3112,1712,2.20,2.32,4824,247,1678,1434
32677,97368,1694,1318,376,976,342,2.50,2.06,1318,50,531,445
32678,97369,312,81,231,60,21,1.92,1.57,81,0,18,42
32679,97370,3801,3586,215,2697,889,2.73,2.26,3586,56,1774,923
32680,97371,330,330,0,198,132,2.39,1.07,330,13,106,92
32681,97373,0,0,0,0,0,-,-,0,0,0,0
32682,97374,2036,1936,100,1560,376,2.30,2.36,1936,6,1117,443
32683,97375,471,453,18,445,8,2.96,2.63,453,0,330,115
32684,97376,843,573,270,428,145,1.98,2.12,573,0,182,246
32685,97377,398,319,79,170,149,2.25,2.82,319,0,66,104
32686,97378,3091,2974,117,2063,911,2.67,1.88,2974,145,1446,617
32687,97380,942,845,97,568,277,3.00,1.94,845,48,299,269
32688,97381,6093,5799,294,3815,1984,2.94,2.48,5799,180,2524,1291
32689,97383,4076,3828,248,2355,1473,2.81,2.28,3828,292,1588,767
32690,97384,45,45,0,45,0,1.78,-,45,0,36,9
32691,97385,1485,1443,42,982,461,2.70,1.60,1443,170,595,387
32692,97386,5966,5802,164,4129,1673,2.50,2.59,5802,374,2528,1601
32693,97388,998,373,625,259,114,1.83,2.10,373,0,187,72
32694,97389,739,702,37,461,241,2.64,2.63,702,12,269,192
32695,97390,505,372,133,296,76,1.45,1.67,372,0,63,233
32696,97391,2414,2320,94,1447,873,2.96,2.23,2320,200,788,659
32697,97392,2133,1953,180,1678,275,3.05,2.29,1953,21,1198,480
32698,97394,3631,2397,1234,1909,488,2.13,2.13,2397,79,1147,762
32699,97396,1569,1424,145,1035,389,2.65,2.74,1424,54,549,486
32700,97401,23332,22239,1093,6799,15440,2.36,1.93,22239,3429,4320,2479
32701,97402,23234,22307,927,10961,11346,2.43,2.23,22307,2207,7167,3794
32702,97403,4866,4491,375,1920,2571,2.51,2.59,4491,477,1092,828
32703,97404,13720,13352,368,9550,3802,2.52,2.73,13352,426,6675,2875
32704,97405,20220,19432,788,13730,5702,2.42,2.16,19432,970,8680,5050
32705,97406,242,138,104,138,0,2.06,-,138,0,33,105
32706,97408,6314,6055,259,3621,2434,2.48,2.23,6055,260,1976,1645
32707,97410,367,253,114,145,108,1.83,1.90,253,17,66,79
32708,97411,4333,3437,896,2394,1043,2.09,1.86,3437,351,1172,1222
32709,97412,340,232,108,211,21,2.77,2.10,232,6,128,83
32710,97413,690,455,235,283,172,1.94,1.88,455,33,122,161
32711,97414,110,58,52,58,0,2.72,-,58,0,17,41
32712,97415,7573,6583,990,5038,1545,2.16,1.92,6583,374,2560,2478
32713,97416,486,370,116,304,66,3.24,2.50,370,0,134,170
32714,97417,1154,1048,106,696,352,2.08,2.32,1048,86,316,380
32715,97419,393,393,0,352,41,2.34,1.20,393,16,205,147
32716,97420,13016,11988,1028,7849,4139,2.32,2.19,11988,998,4600,3249
32717,97423,2991,2887,104,2366,521,2.21,2.50,2887,100,1483,883
32718,97424,7936,7396,540,4948,2448,2.59,2.25,7396,638,3224,1724
32719,97426,4098,3999,99,2937,1062,2.58,2.64,3999,106,2024,913
32720,97429,381,347,34,221,126,2.51,2.06,347,6,109,112
32721,97430,226,169,57,141,28,2.34,1.93,169,2,66,75
32722,97431,961,739,222,580,159,3.16,2.47,739,15,352,228
32723,97432,17,17,0,0,17,-,-,17,0,0,0
32724,97434,366,293,73,216,77,3.85,3.23,293,0,172,44
32725,97435,1144,984,160,737,247,2.45,2.39,984,0,397,340
32726,97436,445,313,132,237,76,2.27,1.67,313,3,114,123
32727,97437,1029,934,95,782,152,2.80,2.62,934,62,546,236
32728,97438,461,446,15,379,67,2.79,2.40,446,6,219,160
32729,97439,8895,7628,1267,5388,2240,1.98,2.07,7628,336,2968,2420
32730,97441,216,155,61,26,129,2.15,3.74,155,0,26,0
32731,97442,1136,1006,130,651,355,1.89,2.27,1006,11,335,316
32732,97443,998,947,51,638,309,3.05,2.47,947,18,383,255
32733,97444,3340,2627,713,1942,685,2.18,2.74,2627,151,1184,758
32734,97446,2144,2092,52,1616,476,2.79,2.36,2092,61,1022,594
32735,97447,326,233,93,159,74,1.95,1.31,233,0,57,102
32736,97448,5982,5817,165,4240,1577,2.55,2.08,5817,404,2582,1658
32737,97449,1566,892,674,680,212,2.03,2.34,892,23,410,270
32738,97450,370,273,97,230,43,2.53,2.23,273,22,74,156
32739,97451,165,148,17,148,0,2.69,-,148,0,105,43
32740,97452,651,594,57,511,83,2.58,2.31,594,9,360,151
32741,97453,409,342,67,229,113,2.42,2.53,342,24,97,132
32742,97454,395,395,0,351,44,2.71,3.89,395,13,239,112
32743,97455,1035,901,134,706,195,2.92,2.53,901,8,462,244
32744,97456,1252,1188,64,913,275,2.58,3.25,1188,70,588,325
32745,97457,4311,3949,362,2895,1054,2.48,2.47,3949,128,1628,1267
32746,97458,2238,1997,241,1391,606,2.22,2.50,1997,117,721,670
32747,97459,6497,5900,597,3916,1984,2.55,2.48,5900,439,2249,1667
32748,97461,377,377,0,351,26,2.26,-,377,0,195,156
32749,97462,1878,1758,120,1333,425,2.41,2.35,1758,26,654,679
32750,97463,1795,1696,99,1094,602,2.55,1.77,1696,52,564,530
32751,97465,1245,1030,215,705,325,1.77,1.60,1030,125,343,362
32752,97466,551,464,87,341,123,3.12,1.93,464,53,88,253
32753,97467,2729,2430,299,1682,748,2.12,2.44,2430,280,566,1116
32754,97469,1062,1014,48,824,190,2.56,3.25,1014,32,493,331
32755,97470,8904,8396,508,5182,3214,2.22,2.18,8396,553,2854,2328
32756,97471,13567,12587,980,9559,3028,2.51,2.47,12587,794,5289,4270
32757,97473,178,124,54,104,20,1.89,3.15,124,0,41,63
32758,97476,226,152,74,152,0,1.97,-,152,0,59,93
32759,97477,16469,16180,289,8094,8086,2.31,2.30,16180,1733,5148,2946
32760,97478,15141,14831,310,10296,4535,2.61,2.87,14831,558,7147,3149
32761,97479,4697,4491,206,2870,1621,2.44,1.92,4491,181,1539,1331
32762,97480,189,145,44,105,40,2.34,2.60,145,3,54,51
32763,97481,402,375,27,319,56,2.50,3.61,375,0,198,121
32764,97484,118,88,30,60,28,1.72,2.11,88,3,17,43
32765,97486,364,271,93,257,14,2.36,1.93,271,0,176,81
32766,97487,3720,3610,110,3004,606,2.46,2.43,3610,59,1948,1056
32767,97488,533,447,86,407,40,2.23,3.20,447,4,161,246
32768,97489,496,439,57,388,51,2.12,3.63,439,4,177,211
32769,97490,172,148,24,118,30,3.10,2.57,148,0,52,66
32770,97492,456,443,13,430,13,2.07,2.23,443,7,90,340
32771,97493,220,159,61,133,26,2.11,1.58,159,11,25,108
32772,97494,33,33,0,33,0,-,-,33,0,33,0
32773,97495,858,858,0,709,149,1.99,2.89,858,37,354,355
32774,97496,2926,2720,206,1922,798,2.53,3.05,2720,100,1222,700
32775,97497,742,689,53,516,173,1.83,1.93,689,0,202,314
32776,97498,1705,921,784,714,207,1.98,1.90,921,114,396,318
32777,97499,798,732,66,622,110,2.14,3.51,732,19,309,313
32778,97501,19876,18869,1007,10139,8730,2.53,2.37,18869,1199,6088,4051
32779,97502,11055,10811,244,8118,2693,2.61,2.65,10811,567,4967,3151
32780,97503,4776,4554,222,3600,954,3.06,2.51,4554,125,2314,1286
32781,97504,20674,19779,895,12162,7617,2.58,2.24,19779,1236,8498,3664
32782,97520,13841,12200,1641,7471,4729,2.30,1.83,12200,563,4001,3470
32783,97522,254,227,27,176,51,2.95,2.47,227,3,116,60
32784,97523,3345,2923,422,2196,727,2.20,2.20,2923,99,1080,1116
32785,97524,6269,6006,263,4411,1595,2.51,2.85,6006,235,2303,2108
32786,97525,2370,2081,289,1667,414,2.34,2.00,2081,72,1048,619
32787,97526,15911,15115,796,9803,5312,2.52,2.00,15115,1055,6260,3543
32788,97527,15362,14563,799,10126,4437,2.63,2.25,14563,707,5937,4189
32789,97530,3926,3405,521,2361,1044,2.47,2.23,3405,234,1351,1010
32790,97531,99,99,0,85,14,2.04,2.00,99,0,45,40
32791,97532,1067,981,86,858,123,2.29,3.18,981,0,504,354
32792,97534,439,358,81,358,0,1.74,-,358,0,218,140
32793,97535,2143,2123,20,1265,858,2.38,2.12,2123,151,630,635
32794,97536,537,470,67,359,111,2.19,2.95,470,17,174,185
32795,97537,3071,2801,270,2111,690,2.50,2.23,2801,183,1264,847
32796,97538,992,732,260,666,66,2.83,1.50,732,0,426,240
32797,97539,1567,1402,165,1004,398,2.25,2.44,1402,127,488,516
32798,97540,3858,3689,169,2108,1581,2.36,2.10,3689,295,1027,1081
32799,97541,764,587,177,502,85,2.71,1.73,587,8,228,274
32800,97543,383,262,121,179,83,2.44,1.73,262,0,66,113
32801,97544,982,889,93,708,181,2.31,2.26,889,8,447,261
32802,97601,11099,9737,1362,5496,4241,2.37,2.24,9737,914,3174,2322
32803,97603,12985,12283,702,8123,4160,2.55,2.39,12283,537,4950,3173
32804,97604,30,0,30,0,0,-,-,0,0,0,0
32805,97620,71,27,44,13,14,1.38,2.36,27,0,8,5
32806,97621,208,110,98,109,1,1.66,18.00,110,1,83,26
32807,97622,233,162,71,136,26,1.75,2.77,162,16,50,86
32808,97623,1275,1142,133,966,176,2.29,2.60,1142,20,509,457
32809,97624,2189,1653,536,1419,234,2.18,3.65,1653,17,775,644
32810,97625,77,62,15,48,14,3.06,-,62,4,26,22
32811,97626,137,82,55,60,22,1.50,-,82,0,0,60
32812,97627,266,182,84,133,49,3.01,5.53,182,0,79,54
32813,97630,2350,2048,302,1414,634,2.14,2.36,2048,230,792,622
32814,97632,661,533,128,347,186,2.71,3.39,533,5,187,160
32815,97633,523,475,48,334,141,2.54,3.08,475,36,145,189
32816,97634,135,135,0,122,13,3.02,5.08,135,0,94,28
32817,97635,147,75,72,42,33,2.62,2.03,75,0,12,30
32818,97636,223,186,37,68,118,2.15,2.36,186,10,14,54
32819,97637,99,62,37,49,13,1.94,2.23,62,2,1,48
32820,97638,239,170,69,94,76,2.45,4.37,170,17,25,69
32821,97639,159,21,138,21,0,2.00,-,21,0,0,21
32822,97640,118,54,64,26,28,2.54,2.89,54,4,7,19
32823,97641,951,770,181,429,341,1.97,1.98,770,0,169,260
32824,97701,17674,16711,963,9513,7198,2.60,2.19,16711,1022,6566,2947
32825,97702,22118,20521,1597,14257,6264,2.52,2.34,20521,917,9430,4827
32826,97703,15284,13316,1968,10024,3292,2.51,2.23,13316,254,6789,3235
32827,97707,8043,3066,4977,2468,598,2.09,2.41,3066,16,1415,1053
32828,97709,0,0,0,0,0,-,-,0,0,0,0
32829,97710,86,37,49,19,18,2.16,1.61,37,0,9,10
32830,97711,53,26,27,23,3,1.57,1.33,26,2,11,12
32831,97712,38,22,16,0,22,-,3.23,22,0,0,0
32832,97720,2115,1784,331,1176,608,2.52,2.18,1784,81,629,547
32833,97721,112,81,31,54,27,2.04,2.22,81,0,11,43
32834,97722,32,10,22,8,2,2.63,4.00,10,0,5,3
32835,97730,472,118,354,93,25,2.48,2.36,118,0,33,60
32836,97731,256,196,60,49,147,2.08,2.39,196,0,44,5
32837,97732,85,60,25,39,21,1.85,1.86,60,0,16,23
32838,97733,1220,256,964,183,73,2.45,1.29,256,26,26,157
32839,97734,2054,1188,866,903,285,3.06,2.95,1188,8,611,292
32840,97735,89,65,24,26,39,1.62,2.36,65,0,4,22
32841,97736,40,23,17,8,15,2.25,2.53,23,0,2,6
32842,97737,244,200,44,168,32,1.46,2.66,200,7,86,82
32843,97738,983,931,52,754,177,2.57,1.73,931,56,522,232
32844,97739,6454,5377,1077,4242,1135,2.45,2.18,5377,72,2479,1763
32845,97741,4610,4345,265,2602,1743,2.97,2.44,4345,346,1785,817
32846,97750,254,152,102,92,60,1.95,3.05,152,0,31,61
32847,97751,31,31,0,17,14,1.47,4.07,31,0,17,0
32848,97752,34,0,34,0,0,-,-,0,0,0,0
32849,97753,1356,1150,206,947,203,2.42,3.31,1150,0,585,362
32850,97754,9493,8711,782,6293,2418,2.45,2.31,8711,431,4184,2109
32851,97756,17539,16570,969,11474,5096,2.53,2.54,16570,694,8562,2912
32852,97758,104,30,74,13,17,2.46,2.41,30,8,5,8
32853,97759,5377,3305,2072,2817,488,2.28,2.36,3305,73,1686,1131
32854,97760,3493,3166,327,2896,270,2.46,2.19,3166,18,1954,942
32855,97761,1043,908,135,546,362,4.13,3.12,908,40,278,268
32856,97801,8732,7523,1209,4599,2924,2.83,2.29,7523,435,2733,1866
32857,97810,498,380,118,287,93,3.24,2.67,380,7,160,127
32858,97812,363,311,52,222,89,2.36,2.92,311,23,108,114
32859,97813,654,584,70,445,139,2.48,2.33,584,12,235,210
32860,97814,5977,5174,803,3722,1452,2.25,2.33,5174,296,1943,1779
32861,97817,29,6,23,6,0,6.83,-,6,0,3,3
32862,97818,1550,1479,71,942,537,3.67,2.91,1479,36,462,480
32863,97819,22,17,5,10,7,1.50,2.00,17,0,0,10
32864,97820,526,462,64,382,80,2.32,1.33,462,1,236,146
32865,97823,731,583,148,449,134,1.82,2.13,583,43,170,279
32866,97824,762,735,27,599,136,2.27,2.96,735,11,295,304
32867,97825,174,135,39,109,26,2.05,1.62,135,10,49,60
32868,97826,525,443,82,265,178,3.42,2.32,443,12,83,182
32869,97827,1248,1057,191,858,199,2.27,2.79,1057,24,416,442
32870,97828,1671,1395,276,966,429,2.42,1.88,1395,103,470,496
32871,97830,446,316,130,249,67,2.39,2.00,316,23,136,113
32872,97833,349,289,60,208,81,2.29,2.57,289,0,78,130
32873,97834,670,526,144,340,186,2.69,2.26,526,11,167,173
32874,97835,233,168,65,137,31,2.32,1.97,168,0,83,54
32875,97836,1208,877,331,566,311,2.35,2.31,877,20,237,329
32876,97837,81,52,29,42,10,1.48,1.40,52,0,6,36
32877,97838,9776,9170,606,6161,3009,2.98,2.91,9170,335,4097,2064
32878,97839,127,125,2,118,7,2.47,1.71,125,7,65,53
32879,97840,98,48,50,24,24,3.00,3.42,48,0,24,0
32880,97841,205,190,15,159,31,2.64,4.00,190,0,106,53
32881,97842,142,56,86,44,12,1.41,1.67,56,0,12,32
32882,97843,362,339,23,241,98,2.41,2.68,339,0,93,148
32883,97844,1390,1254,136,1057,197,2.83,3.46,1254,27,690,367
32884,97845,1241,1139,102,813,326,2.27,2.05,1139,69,375,438
32885,97846,1505,1018,487,765,253,2.14,1.74,1018,44,366,399
32886,97848,121,87,34,64,23,3.03,3.61,87,4,37,27
32887,97850,7466,6837,629,4132,2705,2.42,2.37,6837,628,2425,1707
32888,97856,335,216,119,129,87,1.85,2.23,216,4,36,93
32889,97857,275,229,46,189,40,2.33,2.45,229,3,85,104
32890,97859,220,89,131,78,11,3.26,2.09,89,0,36,42
32891,97862,5026,4359,667,2858,1501,2.88,2.82,4359,371,1404,1454
32892,97864,190,150,40,121,29,1.62,1.66,150,7,4,117
32893,97865,633,532,101,441,91,2.44,1.67,532,6,235,206
32894,97867,436,402,34,332,70,2.54,2.91,402,14,173,159
32895,97868,768,660,108,551,109,2.18,3.49,660,10,344,207
32896,97869,549,415,134,334,81,1.88,2.64,415,0,172,162
32897,97870,380,294,86,213,81,2.26,1.94,294,0,73,140
32898,97873,133,108,25,83,25,1.77,2.36,108,4,29,54
32899,97874,247,159,88,106,53,2.09,2.66,159,4,44,62
32900,97875,1129,1047,82,820,227,2.57,2.99,1047,43,451,369
32901,97876,390,350,40,292,58,2.50,4.59,350,14,150,142
32902,97877,537,163,374,157,6,1.79,-,163,5,36,121
32903,97880,293,151,142,122,29,1.81,1.66,151,16,21,101
32904,97882,2300,2112,188,1481,631,2.69,2.97,2112,73,969,512
32905,97883,1181,1007,174,747,260,2.46,2.13,1007,31,446,301
32906,97884,182,72,110,59,13,1.73,1.92,72,3,21,38
32907,97885,698,571,127,444,127,2.45,2.28,571,9,212,232
32908,97886,781,338,443,256,82,2.57,3.73,338,10,126,130
32909,97901,328,260,68,189,71,3.14,2.46,260,0,103,86
32910,97902,18,6,12,5,1,2.60,10.00,6,0,3,2
32911,97903,39,16,23,16,0,2.56,-,16,6,16,0
32912,97904,168,120,48,96,24,1.64,3.58,120,0,38,58
32913,97905,69,63,6,33,30,2.12,2.03,63,0,0,33
32914,97906,115,89,26,56,33,3.00,3.09,89,5,34,22
32915,97907,393,274,119,194,80,2.63,2.36,274,13,78,116
32916,97908,31,10,21,4,6,2.50,1.50,10,3,0,4
32917,97909,40,7,33,0,7,-,2.29,7,0,0,0
32918,97910,353,179,174,90,89,2.50,4.20,179,1,35,55
32919,97911,64,32,32,21,11,1.57,2.18,32,2,6,15
32920,97913,1923,1610,313,929,681,2.94,3.50,1610,110,389,540
32921,97914,6801,5927,874,3489,2438,2.72,2.62,5927,453,1851,1638
32922,97917,20,14,6,9,5,3.56,1.80,14,0,9,0
32923,97918,1860,1602,258,997,605,3.13,2.55,1602,77,640,357
32924,97920,22,13,9,6,7,3.00,1.57,13,2,2,4
32925,98001,12105,11820,285,9243,2577,2.98,2.94,11820,322,6450,2793
32926,98002,15026,14012,1014,6379,7633,2.57,2.51,14012,1252,3747,2632
32927,98003,19809,18988,821,8978,10010,2.74,2.53,18988,1590,6182,2796
32928,98004,19989,18125,1864,6837,11288,2.60,1.83,18125,2241,4190,2647
32929,98005,8929,8732,197,4419,4313,2.60,2.32,8732,604,3072,1347
32930,98006,14640,13782,858,10938,2844,2.81,3.00,13782,300,7044,3894
32931,98007,12360,11770,590,4068,7702,2.61,2.30,11770,1364,2373,1695
32932,98008,9794,9233,561,6776,2457,2.68,3.04,9233,469,4419,2357
32933,98010,2447,2280,167,1925,355,2.65,2.45,2280,20,1465,460
32934,98011,11985,11133,852,6616,4517,2.70,2.02,11133,750,4720,1896
32935,98012,27552,26731,821,18054,8677,2.92,2.55,26731,821,14278,3776
32936,98014,2967,2842,125,2593,249,2.75,2.43,2842,31,1840,753
32937,98019,4026,3903,123,3580,323,2.90,2.77,3903,210,2936,644
32938,98020,9411,8762,649,6445,2317,2.21,1.85,8762,251,3731,2714
32939,98021,12076,11809,267,9320,2489,2.95,2.69,11809,193,6740,2580
32940,98022,9849,8697,1152,6716,1981,2.58,2.26,8697,291,4250,2466
32941,98023,18997,17896,1101,11336,6560,2.88,2.89,17896,565,8042,3294
32942,98024,2122,1976,146,1772,204,2.84,2.25,1976,22,1326,446
32943,98025,0,0,0,0,0,-,-,0,0,0,0
32944,98026,15951,15357,594,11256,4101,2.60,2.37,15357,478,8048,3208
32945,98027,11815,11294,521,7942,3352,2.55,2.19,11294,511,5761,2181
32946,98028,9623,9266,357,6445,2821,2.63,2.30,9266,595,4679,1766
32947,98029,12692,12362,330,8038,4324,2.60,2.42,12362,239,6036,2002
32948,98030,13813,13134,679,6622,6512,2.97,2.99,13134,763,4896,1726
32949,98031,14156,13716,440,8931,4785,2.85,3.26,13716,758,6361,2570
32950,98032,15102,14195,907,5941,8254,2.67,2.64,14195,1560,4266,1675
32951,98033,17946,16773,1173,10755,6018,2.54,1.94,16773,834,7474,3281
32952,98034,21858,20706,1152,12491,8215,2.59,2.42,20706,1037,9484,3007
32953,98036,15923,15091,832,9194,5897,2.88,2.40,15091,1574,6623,2571
32954,98037,11033,10705,328,6636,4069,2.74,2.55,10705,756,4701,1935
32955,98038,13058,12733,325,10973,1760,2.98,2.77,12733,243,8619,2354
32956,98039,1113,1054,59,859,195,2.77,2.83,1054,46,459,400
32957,98040,10565,9758,807,6607,3151,2.87,2.04,9758,550,4174,2433
32958,98042,17240,16602,638,13869,2733,2.94,2.83,16602,529,10626,3243
32959,98043,9027,8616,411,4849,3767,2.62,2.23,8616,378,3628,1221
32960,98045,5944,5704,240,4633,1071,2.77,2.53,5704,256,3582,1051
32961,98047,2386,2293,93,1098,1195,3.20,2.92,2293,63,794,304
32962,98050,0,0,0,0,0,-,-,0,0,0,0
32963,98051,1574,1560,14,1315,245,2.73,2.81,1560,84,968,347
32964,98052,31851,30181,1670,15174,15007,2.74,2.25,30181,2212,10883,4291
32965,98053,8756,8458,298,7191,1267,2.78,2.27,8458,283,4838,2353
32966,98055,9786,9351,435,4835,4516,2.72,2.50,9351,533,3285,1550
32967,98056,15117,14449,668,8130,6319,2.51,2.58,14449,879,5533,2597
32968,98057,6463,5951,512,1483,4468,2.60,1.88,5951,977,1163,320
32969,98058,16216,15449,767,10936,4513,2.76,2.66,15449,795,7495,3441
32970,98059,14516,14319,197,10937,3382,2.94,2.61,14319,446,7552,3385
32971,98065,5465,5200,265,4479,721,3.05,2.75,5200,58,3902,577
32972,98068,793,295,498,272,23,1.85,1.39,295,0,212,60
32973,98070,5451,4579,872,3800,779,2.44,2.00,4579,201,2465,1335
32974,98072,10170,9748,422,7277,2471,2.75,1.95,9748,463,5178,2099
32975,98074,9964,9811,153,8526,1285,3.14,2.76,9811,81,6764,1762
32976,98075,8542,8241,301,7242,999,3.15,2.87,8241,158,5787,1455
32977,98077,4743,4636,107,4210,426,3.03,2.56,4636,22,3143,1067
32978,98087,16067,15403,664,8009,7394,2.73,2.70,15403,789,6356,1653
32979,98092,17689,17170,519,12492,4678,2.95,2.96,17170,744,9050,3442
32980,98101,11914,10127,1787,1517,8610,1.51,1.37,10127,5513,745,772
32981,98102,16621,15755,866,3885,11870,2.03,1.47,15755,4759,2760,1125
32982,98103,26873,25283,1590,11252,14031,2.34,1.82,25283,2288,8205,3047
32983,98104,9547,8299,1248,865,7434,1.68,1.43,8299,4678,522,343
32984,98105,18732,16760,1972,5614,11146,2.82,2.23,16760,4546,3656,1958
32985,98106,11759,11227,532,6028,5199,2.43,2.37,11227,1339,4794,1234
32986,98107,15425,14647,778,6009,8638,2.06,1.70,14647,1975,4742,1267
32987,98108,8911,8367,544,4661,3706,2.81,2.83,8367,1140,3122,1539
32988,98109,20291,18072,2219,4032,14040,1.78,1.52,18072,5056,2942,1090
32989,98110,10430,9824,606,7885,1939,2.57,2.12,9824,354,4987,2898
32990,98112,11483,10938,545,6832,4106,2.48,1.77,10938,1467,4265,2567
32991,98115,23622,22557,1065,13811,8746,2.55,2.02,22557,1478,9531,4280
32992,98116,13727,12698,1029,7130,5568,2.37,1.81,12698,895,5295,1835
32993,98117,15332,14802,530,10471,4331,2.57,2.14,14802,893,7955,2516
32994,98118,19002,17853,1149,10656,7197,2.69,2.71,17853,1866,8194,2462
32995,98119,14760,13726,1034,5624,8102,2.13,1.54,13726,2885,4159,1465
32996,98121,15277,13659,1618,3610,10049,1.66,1.47,13659,5463,2672,938
32997,98122,23433,21383,2050,6287,15096,2.23,1.67,21383,6756,4769,1518
32998,98125,20488,19336,1152,8852,10484,2.46,2.03,19336,2092,6045,2807
32999,98126,10784,9928,856,6022,3906,2.34,1.97,9928,791,4758,1264
33000,98133,23479,22365,1114,10518,11847,2.51,1.92,22365,2681,7362,3156
33001,98134,290,246,44,76,170,1.24,1.55,246,71,42,34
33002,98136,8304,7829,475,5019,2810,2.34,1.93,7829,490,3831,1188
33003,98144,14870,14195,675,6809,7386,2.44,1.99,14195,2017,4760,2049
33004,98146,10774,10306,468,6732,3574,2.60,2.80,10306,616,4928,1804
33005,98148,4394,4117,277,1887,2230,2.69,2.64,4117,418,1376,511
33006,98154,0,0,0,0,0,-,-,0,0,0,0
33007,98155,14218,13790,428,9846,3944,2.65,2.34,13790,486,7271,2575
33008,98158,0,0,0,0,0,-,-,0,0,0,0
33009,98164,207,157,50,108,49,1.56,1.67,157,41,69,39
33010,98166,9724,9131,593,5873,3258,2.55,2.32,9131,679,3881,1992
33011,98168,12934,12220,714,6800,5420,2.93,2.66,12220,948,4828,1972
33012,98174,0,0,0,0,0,-,-,0,0,0,0
33013,98177,8093,7994,99,6734,1260,2.61,2.16,7994,344,4432,2302
33014,98178,10118,9531,587,6346,3185,2.72,2.79,9531,820,4617,1729
33015,98188,11588,10873,715,4850,6023,2.41,2.62,10873,884,2787,2063
33016,98195,0,0,0,0,0,-,-,0,0,0,0
33017,98198,15198,14376,822,7698,6678,2.64,2.57,14376,1010,5368,2330
33018,98199,10647,10186,461,6245,3941,2.41,1.97,10186,523,4624,1621
33019,98201,14643,13316,1327,5948,7368,2.41,1.93,13316,1854,4397,1551
33020,98203,14620,13876,744,8927,4949,2.69,2.39,13876,505,6548,2379
33021,98204,18172,16975,1197,6096,10879,2.71,2.37,16975,1392,4298,1798
33022,98207,0,0,0,0,0,-,-,0,0,0,0
33023,98208,22507,21887,620,15142,6745,2.76,2.65,21887,1025,10818,4324
33024,98220,191,191,0,191,0,3.03,-,191,0,157,34
33025,98221,12005,10075,1930,7131,2944,2.26,2.20,10075,460,4147,2984
33026,98222,323,60,263,45,15,1.78,1.87,60,5,24,21
33027,98223,17916,16673,1243,13204,3469,2.79,2.40,16673,687,9456,3748
33028,98224,290,102,188,89,13,1.94,2.31,102,6,54,35
33029,98225,23305,21943,1362,9190,12753,2.22,2.00,21943,3089,5462,3728
33030,98226,19858,18890,968,11679,7211,2.46,2.27,18890,900,7505,4174
33031,98229,14242,13483,759,9422,4061,2.54,2.49,13483,486,6106,3316
33032,98230,9404,7902,1502,5992,1910,2.33,2.31,7902,281,4095,1897
33033,98232,1772,1590,182,1379,211,2.50,2.77,1590,24,870,509
33034,98233,7019,6532,487,4145,2387,2.62,2.36,6532,247,2853,1292
33035,98235,157,144,13,73,71,2.33,2.79,144,9,59,14
33036,98236,3333,2478,855,1963,515,2.45,2.66,2478,68,1191,772
33037,98237,2176,1778,398,1392,386,2.53,2.48,1778,49,963,429
33038,98238,45,45,0,0,45,-,-,45,0,0,0
33039,98239,3950,3368,582,2829,539,2.18,2.02,3368,96,1698,1131
33040,98240,1275,1199,76,1055,144,2.77,2.78,1199,11,809,246
33041,98241,1053,849,204,567,282,2.47,1.57,849,81,363,204
33042,98243,364,145,219,86,59,1.88,1.69,145,8,56,30
33043,98244,2078,1294,784,1030,264,2.53,2.41,1294,10,740,290
33044,98245,2735,1978,757,1514,464,2.11,1.97,1978,33,856,658
33045,98247,3104,2948,156,1999,949,2.67,2.87,2948,279,1268,731
33046,98248,9907,9069,838,6867,2202,2.93,2.80,9069,410,4785,2082
33047,98249,3229,2051,1178,1735,316,2.09,1.84,2051,116,1081,654
33048,98250,5716,3946,1770,2985,961,2.17,2.04,3946,182,1667,1318
33049,98251,2256,1929,327,1631,298,2.46,2.28,1929,57,1220,411
33050,98252,4381,3879,502,2897,982,2.77,2.26,3879,279,2257,640
33051,98253,1706,1192,514,1150,42,1.93,1.43,1192,0,556,594
33052,98255,127,127,0,118,9,2.04,2.33,127,0,78,40
33053,98256,385,137,248,113,24,2.59,1.46,137,5,50,63
33054,98257,2462,2107,355,1605,502,2.10,2.28,2107,142,806,799
33055,98258,17965,17359,606,13789,3570,2.92,3.09,17359,524,11165,2624
33056,98260,3357,2784,573,2212,572,2.24,1.78,2784,140,1218,994
33057,98261,2437,1454,983,1110,344,2.12,1.99,1454,49,471,639
33058,98262,950,486,464,416,70,1.81,1.90,486,20,237,179
33059,98263,77,69,8,62,7,2.95,1.86,69,0,60,2
33060,98264,8165,7946,219,5013,2933,2.96,2.38,7946,396,3491,1522
33061,98266,1725,1497,228,1024,473,2.67,3.47,1497,49,659,365
33062,98267,329,133,196,81,52,1.64,2.25,133,33,39,42
33063,98270,19393,18949,444,13259,5690,2.75,2.81,18949,796,10128,3131
33064,98271,11745,10858,887,8294,2564,2.62,2.85,10858,338,6040,2254
33065,98272,10081,9667,414,7616,2051,2.86,3.10,9667,241,6122,1494
33066,98273,12028,11556,472,7265,4291,2.62,2.63,11556,563,4427,2838
33067,98274,7423,6850,573,5338,1512,2.59,2.68,6850,185,3438,1900
33068,98275,8552,8304,248,5837,2467,2.65,2.39,8304,158,4134,1703
33069,98276,559,517,42,430,87,2.67,2.86,517,17,310,120
33070,98277,17500,15943,1557,9194,6749,2.52,2.50,15943,506,6158,3036
33071,98278,0,0,0,0,0,-,-,0,0,0,0
33072,98279,779,364,415,243,121,1.94,1.80,364,11,155,88
33073,98280,480,199,281,169,30,2.09,1.37,199,0,78,91
33074,98281,2021,636,1385,541,95,1.90,1.93,636,20,269,272
33075,98282,8708,7286,1422,6600,686,2.37,2.32,7286,148,4270,2330
33076,98283,179,179,0,179,0,2.72,-,179,0,83,96
33077,98284,10868,10158,710,7424,2734,2.68,2.41,10158,299,5002,2422
33078,98286,252,87,165,73,14,1.95,2.93,87,3,20,53
33079,98288,343,91,252,58,33,1.93,3.88,91,5,49,9
33080,98290,14822,14045,777,11307,2738,2.79,2.46,14045,242,8057,3250
33081,98292,9552,8700,852,7084,1616,2.78,2.63,8700,335,5038,2046
33082,98294,2682,2556,126,2017,539,2.78,2.47,2556,63,1335,682
33083,98295,1081,1020,61,647,373,2.83,2.93,1020,28,419,228
33084,98296,9399,9172,227,8223,949,2.92,3.21,9172,106,6431,1792
33085,98297,168,42,126,38,4,1.39,1.50,42,14,0,38
33086,98303,1098,811,287,772,39,1.91,2.26,811,10,575,197
33087,98304,857,440,417,363,77,2.50,2.70,440,11,196,167
33088,98305,149,141,8,129,12,2.22,-,141,15,63,66
33089,98310,9704,9048,656,4629,4419,2.48,2.25,9048,809,3270,1359
33090,98311,10482,10021,461,7240,2781,2.78,2.48,10021,281,4905,2335
33091,98312,13831,12812,1019,7978,4834,2.51,2.37,12812,697,5588,2390
33092,98314,28,28,0,0,28,-,3.61,28,0,0,0
33093,98315,1159,1074,85,11,1063,3.09,3.56,1074,10,11,0
33094,98320,1337,678,659,582,96,2.09,2.48,678,13,272,310
33095,98321,6328,6056,272,5223,833,2.78,2.35,6056,124,3640,1583
33096,98323,247,242,5,218,24,2.69,2.42,242,14,150,68
33097,98325,873,712,161,674,38,2.34,3.66,712,91,361,313
33098,98326,453,369,84,232,137,2.86,1.96,369,13,79,153
33099,98327,4345,4108,237,2272,1836,2.51,2.32,4108,261,1734,538
33100,98328,4098,3710,388,3147,563,2.91,2.36,3710,149,2497,650
33101,98329,4457,4087,370,3683,404,2.66,3.29,4087,56,2795,888
33102,98330,91,11,80,11,0,2.00,-,11,0,11,0
33103,98331,2594,2176,418,1397,779,2.37,2.63,2176,135,580,817
33104,98332,7470,7198,272,5955,1243,2.70,2.02,7198,170,3969,1986
33105,98333,1519,1371,148,1279,92,2.60,2.33,1371,13,851,428
33106,98335,11336,10785,551,8312,2473,2.70,2.18,10785,275,5908,2404
33107,98336,257,257,0,206,51,2.94,1.73,257,0,129,77
33108,98337,3858,3530,328,1669,1861,1.98,2.00,3530,415,1214,455
33109,98338,11251,10802,449,9167,1635,2.97,2.88,10802,345,6542,2625
33110,98339,1598,1426,172,1104,322,2.18,2.64,1426,92,606,498
33111,98340,1868,1545,323,1358,187,1.94,2.03,1545,125,799,559
33112,98342,781,611,170,515,96,2.13,2.45,611,8,267,248
33113,98345,216,162,54,57,105,1.72,1.64,162,0,24,33
33114,98346,4294,3865,429,3095,770,2.41,2.50,3865,98,1799,1296
33115,98349,2856,2084,772,1830,254,2.58,2.15,2084,27,1256,574
33116,98350,107,92,15,55,37,2.91,4.68,92,12,8,47
33117,98351,868,596,272,485,111,2.44,1.74,596,13,366,119
33118,98353,17,17,0,0,17,-,-,17,0,0,0
33119,98354,3378,3212,166,1829,1383,2.81,2.19,3212,187,1319,510
33120,98355,440,297,143,221,76,2.57,2.96,297,22,105,116
33121,98356,1061,911,150,686,225,2.62,2.20,911,27,373,313
33122,98357,591,517,74,370,147,3.25,2.17,517,22,40,330
33123,98358,628,439,189,324,115,2.15,1.97,439,0,94,230
33124,98359,1921,1868,53,1530,338,2.71,2.43,1868,25,976,554
33125,98360,5259,5045,214,4281,764,2.88,2.82,5045,79,3451,830
33126,98361,1442,316,1126,267,49,1.57,-,316,0,135,132
33127,98362,11739,10731,1008,7012,3719,2.36,2.06,10731,931,4082,2930
33128,98363,6963,5961,1002,4479,1482,2.31,2.51,5961,203,2727,1752
33129,98364,20,20,0,0,20,-,3.35,20,0,0,0
33130,98365,3006,2432,574,2155,277,2.01,1.58,2432,32,1115,1040
33131,98366,14947,14047,900,9157,4890,2.67,2.31,14047,856,6702,2455
33132,98367,12178,11448,730,9828,1620,2.67,2.65,11448,132,7525,2303
33133,98368,9481,8363,1118,6100,2263,2.03,1.83,8363,464,2986,3114
33134,98370,13793,12893,900,9840,3053,2.62,2.34,12893,442,6883,2957
33135,98371,9258,8840,418,6175,2665,2.67,2.27,8840,277,3866,2309
33136,98372,10745,10544,201,5688,4856,2.80,2.20,10544,519,4170,1518
33137,98373,10905,10504,401,5986,4518,2.95,2.56,10504,216,4440,1546
33138,98374,15166,14501,665,10374,4127,2.94,2.98,14501,557,7589,2785
33139,98375,10513,10017,496,7608,2409,3.15,3.30,10017,214,6003,1605
33140,98376,1336,891,445,786,105,2.24,2.64,891,24,329,457
33141,98377,1259,965,294,742,223,2.19,1.92,965,47,211,531
33142,98380,2345,1935,410,1733,202,3.00,2.74,1935,6,1151,582
33143,98381,185,96,89,67,29,2.60,2.10,96,0,26,41
33144,98382,15601,14109,1492,10928,3181,2.13,2.14,14109,683,5172,5756
33145,98383,9312,8798,514,4932,3866,2.83,2.18,8798,335,3602,1330
33146,98385,203,191,12,187,4,2.45,-,191,0,148,39
33147,98387,16931,16364,567,12249,4115,3.17,3.18,16364,508,9362,2887
33148,98388,2821,2712,109,1735,977,2.49,2.41,2712,5,1189,546
33149,98390,4716,4575,141,2536,2039,2.48,2.51,4575,220,1768,768
33150,98391,19904,19173,731,16527,2646,2.90,2.89,19173,287,12783,3744
33151,98392,1473,1370,103,1016,354,2.34,2.42,1370,37,622,394
33152,98394,599,418,181,350,68,2.89,2.54,418,0,312,38
33153,98396,244,244,0,186,58,2.50,2.67,244,0,155,31
33154,98402,4398,3897,501,866,3031,1.71,1.39,3897,890,557,309
33155,98403,4565,4292,273,1728,2564,2.56,1.50,4292,486,1290,438
33156,98404,12748,12254,494,7739,4515,2.91,2.78,12254,886,5690,2049
33157,98405,10997,10106,891,5134,4972,2.59,2.02,10106,1267,4141,993
33158,98406,10348,9918,430,6385,3533,2.50,1.75,9918,613,4625,1760
33159,98407,10226,9559,667,6262,3297,2.36,1.84,9559,623,4511,1751
33160,98408,8481,8121,360,5222,2899,2.92,2.24,8121,587,3889,1333
33161,98409,11744,11351,393,4653,6698,2.77,2.27,11351,984,3525,1128
33162,98416,0,0,0,0,0,-,-,0,0,0,0
33163,98418,4230,4055,175,2716,1339,2.46,2.26,4055,137,2254,462
33164,98421,12,12,0,0,12,-,-,12,0,0,0
33165,98422,8172,7903,269,6139,1764,2.70,3.05,7903,114,4526,1613
33166,98424,4580,4395,185,2048,2347,3.00,2.47,4395,132,1460,588
33167,98430,0,0,0,0,0,-,-,0,0,0,0
33168,98433,4754,4268,486,35,4233,2.54,3.30,4268,153,0,35
33169,98438,12,12,0,0,12,-,1.50,12,0,0,0
33170,98439,2412,2128,284,127,2001,3.33,2.83,2128,200,16,111
33171,98443,2246,2155,91,1826,329,2.59,2.84,2155,52,1192,634
33172,98444,13903,12964,939,5860,7104,2.73,2.65,12964,1030,3798,2062
33173,98445,12242,11689,553,8481,3208,2.80,2.63,11689,556,6222,2259
33174,98446,4813,4489,324,3348,1141,2.74,3.39,4489,51,2531,817
33175,98447,0,0,0,0,0,-,-,0,0,0,0
33176,98465,3650,3498,152,1795,1703,2.23,1.79,3498,460,1073,722
33177,98466,12566,11868,698,6328,5540,2.75,2.22,11868,579,4348,1980
33178,98467,6525,6147,378,3677,2470,2.59,2.34,6147,303,2574,1103
33179,98498,12318,11362,956,6710,4652,2.59,2.31,11362,590,4082,2628
33180,98499,14584,13635,949,4829,8806,2.75,2.28,13635,1320,2788,2041
33181,98501,19140,18315,825,10722,7593,2.71,2.21,18315,843,7469,3253
33182,98502,15265,14483,782,8255,6228,2.59,2.22,14483,843,5724,2531
33183,98503,17755,17195,560,9687,7508,2.48,2.27,17195,1234,6151,3536
33184,98505,0,0,0,0,0,-,-,0,0,0,0
33185,98506,8957,8561,396,5853,2708,2.25,1.77,8561,549,3711,2142
33186,98512,12840,12356,484,8362,3994,2.49,2.33,12356,598,5592,2770
33187,98513,14089,13284,805,10020,3264,2.60,3.06,13284,326,7151,2869
33188,98516,10784,10502,282,7552,2950,2.55,2.38,10502,606,5046,2506
33189,98520,9236,8304,932,4939,3365,2.68,2.55,8304,829,2855,2084
33190,98524,2151,1691,460,1517,174,2.62,1.93,1691,28,1117,400
33191,98526,176,76,100,47,29,2.96,2.31,76,3,11,36
33192,98527,261,131,130,125,6,1.85,-,131,19,40,85
33193,98528,5645,4856,789,3691,1165,2.70,2.37,4856,201,2384,1307
33194,98530,213,183,30,132,51,2.85,3.43,183,4,80,52
33195,98531,10955,10499,456,6404,4095,2.45,2.54,10499,657,3737,2667
33196,98532,10262,9578,684,7126,2452,2.76,2.36,9578,595,4370,2756
33197,98533,272,255,17,156,99,2.06,2.04,255,10,65,91
33198,98535,413,314,99,271,43,1.69,3.23,314,50,126,145
33199,98536,0,0,0,0,0,-,-,0,0,0,0
33200,98537,1078,966,112,764,202,2.91,2.28,966,12,432,332
33201,98538,196,164,32,120,44,2.23,3.39,164,6,44,76
33202,98539,65,65,0,50,15,2.20,1.73,65,0,38,12
33203,98541,4845,4076,769,2913,1163,2.63,2.27,4076,110,1588,1325
33204,98542,210,210,0,160,50,3.32,2.76,210,0,97,63
33205,98544,39,16,23,16,0,3.44,-,16,0,10,6
33206,98546,2206,1326,880,1172,154,2.01,3.68,1326,4,795,377
33207,98547,1382,692,690,509,183,1.77,2.27,692,0,211,298
33208,98548,2219,1125,1094,1003,122,1.93,2.02,1125,0,709,294
33209,98550,5393,4893,500,3196,1697,2.53,2.08,4893,357,1610,1586
33210,98552,93,85,8,74,11,2.72,3.55,85,1,39,35
33211,98555,1022,267,755,230,37,1.36,-,267,0,72,158
33212,98556,0,0,0,0,0,-,-,0,0,0,0
33213,98557,1529,1357,172,1113,244,2.78,2.27,1357,71,777,336
33214,98558,0,0,0,0,0,-,-,0,0,0,0
33215,98559,0,0,0,0,0,-,-,0,0,0,0
33216,98560,64,45,19,45,0,2.18,-,45,0,32,13
33217,98562,205,43,162,0,43,-,-,43,0,0,0
33218,98563,3411,3082,329,2410,672,2.52,2.13,3082,77,1460,950
33219,98564,1388,1130,258,953,177,2.20,3.32,1130,33,408,545
33220,98565,101,93,8,53,40,3.47,2.98,93,0,42,11
33221,98566,118,108,10,104,4,2.87,-,108,0,17,87
33222,98568,1186,1102,84,856,246,2.33,2.25,1102,71,532,324
33223,98569,5546,3619,1927,2873,746,1.86,1.97,3619,196,1766,1107
33224,98570,1954,1691,263,1296,395,2.68,3.03,1691,22,798,498
33225,98571,392,77,315,0,77,-,-,77,0,0,0
33226,98572,374,338,36,247,91,2.46,3.04,338,0,164,83
33227,98575,159,47,112,42,5,2.33,2.80,47,0,4,38
33228,98576,2024,1848,176,1642,206,2.86,2.84,1848,34,1144,498
33229,98577,3119,2813,306,2385,428,2.45,2.93,2813,241,1089,1296
33230,98579,5212,5010,202,4164,846,2.72,2.48,5010,105,2784,1380
33231,98580,4671,4267,404,3559,708,2.63,2.82,4267,94,2585,974
33232,98581,246,246,0,246,0,1.63,-,246,0,184,62
33233,98582,146,78,68,78,0,2.27,-,78,0,34,44
33234,98583,42,42,0,23,19,2.57,3.21,42,0,3,20
33235,98584,16398,13675,2723,10196,3479,2.66,2.77,13675,766,6692,3504
33236,98585,350,325,25,251,74,1.95,1.62,325,0,138,113
33237,98586,882,707,175,426,281,2.79,2.15,707,77,255,171
33238,98587,334,287,47,216,71,2.91,2.48,287,21,38,178
33239,98588,1340,716,624,682,34,2.13,-,716,0,398,284
33240,98589,3145,2922,223,2291,631,2.68,2.45,2922,64,1830,461
33241,98590,353,242,111,216,26,1.92,4.50,242,2,148,68
33242,98591,1634,1551,83,1349,202,2.36,1.94,1551,32,760,589
33243,98592,1084,690,394,654,36,2.13,4.17,690,0,325,329
33244,98593,510,475,35,410,65,2.54,3.18,475,27,298,112
33245,98595,2096,1189,907,836,353,2.48,1.74,1189,48,497,339
33246,98596,2683,2525,158,2005,520,3.04,3.34,2525,98,1351,654
33247,98597,10034,9342,692,7444,1898,2.72,3.15,9342,256,5779,1665
33248,98601,1236,1070,166,863,207,3.13,2.61,1070,92,514,349
33249,98602,125,82,43,82,0,1.54,-,82,38,24,58
33250,98603,770,532,238,395,137,2.51,2.31,532,29,323,72
33251,98604,13205,12706,499,10154,2552,2.99,2.53,12706,296,7363,2791
33252,98605,564,503,61,324,179,2.55,2.13,503,14,158,166
33253,98606,3484,3399,85,3140,259,2.76,3.13,3399,108,1663,1477
33254,98607,12438,11902,536,9290,2612,3.01,2.54,11902,286,6471,2819
33255,98609,0,0,0,0,0,-,-,0,0,0,0
33256,98610,1369,1154,215,897,257,2.42,2.88,1154,23,569,328
33257,98611,3487,3309,178,2674,635,2.77,3.20,3309,130,1691,983
33258,98612,1477,1346,131,1188,158,2.42,1.87,1346,58,414,774
33259,98613,222,200,22,169,31,2.57,4.06,200,0,96,73
33260,98614,334,200,134,200,0,1.82,-,200,0,50,150
33261,98616,434,56,378,56,0,2.09,-,56,7,43,13
33262,98617,471,459,12,268,191,2.22,2.64,459,36,104,164
33263,98619,288,257,31,200,57,2.33,2.51,257,4,80,120
33264,98620,3667,3360,307,2209,1151,2.34,2.11,3360,152,1079,1130
33265,98621,104,104,0,101,3,2.14,4.00,104,0,30,71
33266,98623,22,22,0,22,0,1.91,-,22,0,0,22
33267,98624,802,580,222,413,167,3.41,3.30,580,7,226,187
33268,98625,2947,2725,222,2003,722,2.48,1.97,2725,97,1445,558
33269,98626,10640,10199,441,7007,3192,2.70,2.39,10199,409,4544,2463
33270,98628,168,126,42,85,41,2.59,2.10,126,12,35,50
33271,98629,3283,2929,354,2515,414,2.94,3.55,2929,44,1769,746
33272,98631,3289,1564,1725,1172,392,2.21,2.19,1564,127,599,573
33273,98632,21667,20667,1000,12053,8614,2.54,2.25,20667,1957,7437,4616
33274,98635,983,772,211,595,177,2.53,2.02,772,48,207,388
33275,98638,728,631,97,529,102,2.38,2.01,631,33,212,317
33276,98639,487,445,42,305,140,3.08,1.70,445,13,235,70
33277,98640,4965,2359,2606,2171,188,1.94,2.55,2359,112,1222,949
33278,98641,134,68,66,68,0,1.68,-,68,11,39,29
33279,98642,8559,8069,490,6586,1483,2.77,3.16,8069,231,4478,2108
33280,98643,256,147,109,137,10,2.72,4.10,147,0,54,83
33281,98644,668,385,283,339,46,1.61,1.80,385,44,116,223
33282,98645,838,812,26,767,45,2.69,1.71,812,23,350,417
33283,98647,167,142,25,134,8,1.66,1.63,142,0,15,119
33284,98648,1475,1282,193,970,312,2.65,2.13,1282,80,549,421
33285,98649,387,281,106,238,43,2.66,2.16,281,0,170,68
33286,98650,647,485,162,436,49,2.28,2.80,485,16,114,322
33287,98651,503,460,43,389,71,2.37,1.62,460,10,165,224
33288,98660,6269,5849,420,2600,3249,2.37,1.78,5849,1083,1929,671
33289,98661,21234,20398,836,8889,11509,2.37,2.46,20398,1336,6383,2506
33290,98662,13944,13308,636,8316,4992,2.79,2.63,13308,973,6157,2159
33291,98663,6565,6251,314,3745,2506,2.41,2.40,6251,443,2639,1106
33292,98664,9391,9053,338,5711,3342,2.39,2.75,9053,253,3705,2006
33293,98665,11316,10962,354,6520,4442,2.60,2.30,10962,518,4261,2259
33294,98670,32,25,7,25,0,1.92,-,25,4,2,23
33295,98671,9042,8598,444,6917,1681,2.84,2.47,8598,273,5129,1788
33296,98672,3111,2815,296,2205,610,2.38,2.80,2815,120,1234,971
33297,98673,205,185,20,117,68,2.28,3.26,185,24,63,54
33298,98674,5512,5195,317,3689,1506,3.20,2.31,5195,281,2693,996
33299,98675,2298,2106,192,1883,223,3.07,3.09,2106,49,1320,563
33300,98682,22940,22605,335,15809,6796,2.95,2.84,22605,683,11923,3886
33301,98683,13961,13332,629,7524,5808,2.44,2.29,13332,852,4875,2649
33302,98684,12913,12451,462,6909,5542,2.71,2.80,12451,254,4836,2073
33303,98685,11818,11530,288,9506,2024,2.64,2.47,11530,229,6951,2555
33304,98686,7975,7541,434,5644,1897,2.70,2.76,7541,365,4120,1524
33305,98801,17717,16710,1007,9671,7039,2.73,2.52,16710,1052,6236,3435
33306,98802,12223,11389,834,7929,3460,2.83,2.58,11389,642,4899,3030
33307,98811,45,45,0,16,29,2.06,3.00,45,0,0,16
33308,98812,1966,1672,294,877,795,2.87,3.27,1672,38,464,413
33309,98813,888,807,81,454,353,3.44,3.07,807,11,164,290
33310,98814,420,338,82,245,93,1.93,2.34,338,0,138,107
33311,98815,2868,2648,220,1924,724,2.87,2.47,2648,82,1236,688
33312,98816,4792,2437,2355,1521,916,2.36,2.76,2437,79,669,852
33313,98817,63,63,0,51,12,2.14,1.83,63,0,35,16
33314,98819,219,100,119,65,35,1.74,2.20,100,6,25,40
33315,98821,377,377,0,192,185,3.39,2.59,377,0,0,192
33316,98822,858,682,176,537,145,2.39,3.72,682,8,313,224
33317,98823,4874,4529,345,3035,1494,2.70,2.76,4529,52,1998,1037
33318,98824,51,46,5,34,12,3.41,3.75,46,0,17,17
33319,98826,5811,3266,2545,2373,893,2.41,1.89,3266,222,1223,1150
33320,98827,196,150,46,34,116,1.74,2.41,150,0,6,28
33321,98828,833,760,73,652,108,2.37,3.70,760,9,485,167
33322,98829,271,242,29,178,64,2.02,3.83,242,21,45,133
33323,98830,278,246,32,161,85,2.20,1.51,246,23,80,81
33324,98831,2312,1355,957,855,500,2.71,2.64,1355,11,416,439
33325,98832,67,62,5,50,12,2.68,1.75,62,0,17,33
33326,98833,340,73,267,49,24,1.76,2.50,73,0,25,24
33327,98834,129,110,19,107,3,2.57,-,110,10,57,50
33328,98836,258,258,0,159,99,2.40,3.83,258,0,86,73
33329,98837,17546,16166,1380,10085,6081,2.93,2.57,16166,896,6597,3488
33330,98840,2228,1890,338,1162,728,2.26,2.78,1890,61,630,532
33331,98841,3948,3416,532,2419,997,2.58,2.78,3416,146,1205,1214
33332,98843,1487,789,698,444,345,2.16,2.79,789,70,298,146
33333,98844,3190,2110,1080,1677,433,2.20,2.35,2110,67,838,839
33334,98845,115,104,11,73,31,2.27,3.35,104,4,45,28
33335,98846,559,418,141,332,86,3.06,2.70,418,13,163,169
33336,98847,1044,886,158,657,229,3.30,2.62,886,0,365,292
33337,98848,5053,3557,1496,2402,1155,3.55,3.67,3557,127,1260,1142
33338,98849,616,525,91,310,215,1.77,2.79,525,10,84,226
33339,98850,627,594,33,419,175,3.12,3.43,594,7,258,161
33340,98851,2140,1743,397,1252,491,2.77,3.49,1743,90,717,535
33341,98852,170,10,160,8,2,2.25,-,10,0,0,8
33342,98853,79,59,20,59,0,1.97,-,59,0,59,0
33343,98855,3194,2347,847,1676,671,2.33,2.40,2347,141,627,1049
33344,98856,1345,1057,288,671,386,2.54,2.30,1057,41,336,335
33345,98857,1319,1203,116,841,362,2.90,2.73,1203,51,529,312
33346,98858,887,765,122,521,244,2.44,1.90,765,19,335,186
33347,98859,85,37,48,37,0,2.11,-,37,0,6,31
33348,98860,157,127,30,107,20,1.97,2.30,127,2,38,69
33349,98862,2139,1241,898,913,328,2.09,1.91,1241,5,400,513
33350,98901,11730,10890,840,5644,5246,2.97,2.58,10890,817,3402,2242
33351,98902,17249,16394,855,8450,7944,2.85,2.65,16394,1539,5393,3057
33352,98903,6353,6046,307,4552,1494,2.76,3.25,6046,280,2402,2150
33353,98908,15286,14662,624,10254,4408,2.70,2.54,14662,447,6161,4093
33354,98921,47,0,47,0,0,-,-,0,0,0,0
33355,98922,5206,3209,1997,2509,700,2.30,1.98,3209,49,1409,1100
33356,98923,444,410,34,121,289,2.73,1.49,410,54,56,65
33357,98925,730,267,463,228,39,2.01,2.26,267,4,87,141
33358,98926,14518,13441,1077,7197,6244,2.46,1.99,13441,560,4546,2651
33359,98930,4830,4484,346,2488,1996,3.44,3.18,4484,62,1227,1261
33360,98932,1387,1362,25,688,674,4.13,3.37,1362,128,395,293
33361,98933,409,398,11,274,124,2.91,3.16,398,8,141,133
33362,98934,518,518,0,331,187,1.95,2.14,518,29,217,114
33363,98935,1185,1126,59,743,383,3.76,4.03,1126,29,497,246
33364,98936,2359,2160,199,1916,244,3.43,4.12,2160,3,1300,616
33365,98937,2607,1855,752,1274,581,2.46,2.26,1855,83,821,453
33366,98938,761,761,0,525,236,2.73,4.11,761,0,246,279
33367,98939,31,31,0,31,0,3.39,-,31,0,0,31
33368,98940,775,228,547,185,43,2.01,1.70,228,0,96,89
33369,98941,592,332,260,202,130,2.34,1.77,332,2,137,65
33370,98942,7477,7017,460,4969,2048,2.57,2.44,7017,160,3510,1459
33371,98943,363,360,3,260,100,2.25,2.06,360,0,181,79
33372,98944,6897,6578,319,4129,2449,3.72,3.92,6578,296,2211,1918
33373,98946,145,143,2,100,43,2.18,2.14,143,5,51,49
33374,98947,919,905,14,553,352,3.12,4.11,905,18,324,229
33375,98948,3734,3610,124,2182,1428,3.73,3.28,3610,211,1235,947
33376,98950,33,0,33,0,0,-,-,0,0,0,0
33377,98951,3896,3604,292,1938,1666,3.57,3.61,3604,222,906,1032
33378,98952,598,529,69,345,184,3.59,3.79,529,36,73,272
33379,98953,2302,2184,118,1637,547,3.10,2.84,2184,37,920,717
33380,99001,2107,2035,72,990,1045,2.73,2.65,2035,152,728,262
33381,99003,1973,1691,282,1507,184,2.37,2.95,1691,50,958,549
33382,99004,8958,8272,686,4746,3526,2.63,2.23,8272,592,3085,1661
33383,99005,3722,3686,36,3241,445,3.01,3.11,3686,125,2337,904
33384,99006,5316,5100,216,4341,759,2.74,2.28,5100,145,2633,1708
33385,99008,164,164,0,93,71,2.19,2.77,164,0,39,54
33386,99009,1820,1668,152,1492,176,2.66,3.96,1668,65,938,554
33387,99011,868,814,54,6,808,2.83,3.25,814,0,6,0
33388,99012,400,332,68,241,91,3.45,2.24,332,5,152,89
33389,99013,577,512,65,254,258,2.67,2.94,512,29,126,128
33390,99014,31,31,0,31,0,-,-,31,31,31,0
33391,99016,7323,7122,201,5653,1469,2.58,2.22,7122,129,4000,1653
33392,99017,100,94,6,88,6,1.77,1.83,94,0,20,68
33393,99018,159,117,42,91,26,2.46,2.04,117,0,61,30
33394,99019,4824,4375,449,2881,1494,2.85,2.70,4375,53,1971,910
33395,99020,0,0,0,0,0,-,-,0,0,0,0
33396,99021,3916,3533,383,3236,297,2.84,3.20,3533,33,1629,1607
33397,99022,3231,3064,167,2512,552,2.79,2.33,3064,121,1869,643
33398,99023,277,277,0,277,0,3.19,-,277,6,193,84
33399,99025,2387,2090,297,1960,130,2.89,1.76,2090,46,1195,765
33400,99026,3360,3166,194,3029,137,2.70,2.17,3166,25,1880,1149
33401,99027,2499,2399,100,2247,152,2.41,2.74,2399,38,1224,1023
33402,99029,625,545,80,433,112,2.17,2.67,545,14,287,146
33403,99030,369,306,63,273,33,2.16,1.30,306,6,175,98
33404,99031,498,485,13,399,86,2.64,2.72,485,2,275,124
33405,99032,369,317,52,264,53,2.57,2.77,317,7,91,173
33406,99033,421,366,55,259,107,2.37,2.02,366,0,183,76
33407,99034,206,121,85,56,65,2.93,-,121,0,40,16
33408,99036,693,631,62,535,96,2.50,2.13,631,14,355,180
33409,99037,5758,5648,110,3762,1886,2.86,2.58,5648,184,2486,1276
33410,99039,65,65,0,49,16,2.88,2.50,65,0,38,11
33411,99040,374,335,39,255,80,2.50,1.75,335,26,56,199
33412,99101,727,611,116,534,77,2.65,2.55,611,11,290,244
33413,99102,303,267,36,152,115,2.04,2.35,267,2,70,82
33414,99103,253,200,53,155,45,2.81,2.38,200,1,59,96
33415,99105,16,13,3,10,3,1.60,3.67,13,0,0,10
33416,99109,2486,2073,413,1613,460,2.28,2.14,2073,132,797,816
33417,99110,659,659,0,435,224,2.85,1.85,659,32,338,97
33418,99111,1794,1594,200,1103,491,2.90,1.57,1594,126,648,455
33419,99113,257,231,26,200,31,2.55,1.61,231,2,95,105
33420,99114,5903,5009,894,3675,1334,2.57,2.64,5009,353,2002,1673
33421,99115,961,510,451,392,118,2.17,3.47,510,36,210,182
33422,99116,801,721,80,523,198,2.41,2.13,721,34,291,232
33423,99117,240,200,40,166,34,2.64,2.26,200,0,93,73
33424,99118,482,349,133,257,92,2.10,1.82,349,19,99,158
33425,99119,1295,696,599,607,89,2.19,1.78,696,13,251,356
33426,99121,138,88,50,67,21,3.07,3.14,88,0,12,55
33427,99122,2227,1615,612,1323,292,2.70,2.28,1615,25,697,626
33428,99123,552,449,103,381,68,2.23,2.65,449,0,157,224
33429,99124,128,117,11,93,24,2.31,1.79,117,0,35,58
33430,99125,294,247,47,165,82,2.42,2.98,247,2,63,102
33431,99126,358,271,87,253,18,2.71,4.44,271,0,71,182
33432,99128,160,128,32,107,21,2.17,2.81,128,0,63,44
33433,99129,415,294,121,178,116,2.26,1.91,294,31,42,136
33434,99130,364,309,55,237,72,2.57,2.51,309,18,158,79
33435,99131,127,80,47,45,35,2.16,-,80,10,25,20
33436,99133,917,720,197,451,269,1.78,2.28,720,26,163,288
33437,99134,306,253,53,186,67,2.34,2.03,253,0,88,98
33438,99135,178,167,11,146,21,2.55,1.62,167,8,22,124
33439,99136,22,11,11,11,0,1.91,-,11,0,9,2
33440,99137,255,194,61,122,72,2.11,2.17,194,21,47,75
33441,99138,661,406,255,243,163,2.92,2.71,406,21,93,150
33442,99139,612,351,261,273,78,2.48,1.67,351,15,128,145
33443,99140,275,220,55,164,56,2.28,2.14,220,34,40,124
33444,99141,2874,2512,362,1796,716,2.23,2.63,2512,81,1050,746
33445,99143,453,346,107,303,43,1.83,2.00,346,13,79,224
33446,99144,12,9,3,9,0,1.67,-,9,0,6,3
33447,99146,46,27,19,27,0,1.56,-,27,4,11,16
33448,99147,139,84,55,84,0,1.92,-,84,6,42,42
33449,99148,1938,1012,926,952,60,2.22,3.37,1012,10,560,392
33450,99149,90,72,18,64,8,2.80,2.25,72,0,35,29
33451,99150,138,111,27,111,0,2.31,-,111,0,29,82
33452,99151,84,76,8,64,12,2.00,2.50,76,4,13,51
33453,99152,96,70,26,60,10,2.27,1.20,70,0,27,33
33454,99153,393,253,140,143,110,1.80,1.45,253,30,78,65
33455,99154,12,12,0,12,0,3.42,-,12,0,6,6
33456,99155,462,415,47,246,169,3.35,2.34,415,46,92,154
33457,99156,4787,3739,1048,2862,877,2.30,2.54,3739,174,1573,1289
33458,99157,416,325,91,232,93,1.99,1.81,325,21,87,145
33459,99158,267,225,42,169,56,2.48,2.86,225,5,62,107
33460,99159,733,587,146,450,137,2.38,1.51,587,25,186,264
33461,99160,57,48,9,42,6,1.50,4.17,48,4,25,17
33462,99161,679,606,73,524,82,2.37,1.49,606,9,339,185
33463,99163,14237,12449,1788,3833,8616,2.79,2.01,12449,1616,2445,1388
33464,99166,1724,1225,499,859,366,2.43,2.10,1225,110,397,462
33465,99167,399,333,66,311,22,2.12,3.32,333,0,145,166
33466,99169,1270,1108,162,801,307,2.42,2.03,1108,95,359,442
33467,99170,490,393,97,312,81,2.50,2.48,393,27,178,134
33468,99171,495,402,93,286,116,2.52,1.91,402,14,139,147
33469,99173,731,582,149,475,107,2.47,4.33,582,25,237,238
33470,99174,22,17,5,10,7,1.90,2.00,17,0,3,7
33471,99176,125,96,29,79,17,2.14,2.24,96,0,39,40
33472,99179,204,184,20,119,65,2.99,2.22,184,0,87,32
33473,99180,527,314,213,241,73,2.56,2.38,314,0,51,190
33474,99181,1206,927,279,784,143,2.21,2.87,927,12,384,400
33475,99185,766,534,232,409,125,2.37,1.98,534,11,243,166
33476,99201,8597,7643,954,2089,5554,1.79,1.61,7643,2457,1211,878
33477,99202,8335,7623,712,3479,4144,2.55,2.05,7623,1167,2470,1009
33478,99203,9517,9138,379,7026,2112,2.47,1.89,9138,652,4633,2393
33479,99204,4414,3928,486,1239,2689,2.05,1.73,3928,319,719,520
33480,99205,18577,17730,847,12052,5678,2.37,2.63,17730,962,8668,3384
33481,99206,17258,16578,680,10278,6300,2.59,2.40,16578,936,6628,3650
33482,99207,13438,12814,624,6749,6065,2.51,2.55,12814,1121,5034,1715
33483,99208,23435,22536,899,14593,7943,2.71,2.21,22536,1504,9780,4813
33484,99212,9069,8507,562,5839,2668,2.40,2.37,8507,644,3517,2322
33485,99216,12578,11536,1042,5255,6281,2.61,2.17,11536,1179,3697,1558
33486,99217,7669,7519,150,5030,2489,2.58,2.47,7519,275,3459,1571
33487,99218,6138,5889,249,2981,2908,2.77,2.24,5889,620,1713,1268
33488,99223,15137,14353,784,9401,4952,2.61,1.88,14353,1277,6499,2902
33489,99224,10235,9760,475,6519,3241,2.50,2.18,9760,453,3972,2547
33490,99251,0,0,0,0,0,-,-,0,0,0,0
33491,99258,0,0,0,0,0,-,-,0,0,0,0
33492,99301,26423,25147,1276,17618,7529,3.33,3.30,25147,1076,12611,5007
33493,99320,3677,3445,232,2918,527,2.84,2.80,3445,107,1897,1021
33494,99321,218,118,100,42,76,3.50,7.75,118,0,42,0
33495,99322,221,214,7,196,18,1.73,2.28,214,4,137,59
33496,99323,1370,1339,31,1147,192,2.91,6.01,1339,22,709,438
33497,99324,3846,3591,255,2251,1340,2.82,2.04,3591,101,1418,833
33498,99326,1412,1300,112,859,441,2.96,4.26,1300,21,457,402
33499,99328,1936,1673,263,1234,439,2.12,2.10,1673,80,661,573
33500,99329,75,68,7,50,18,2.60,2.50,68,10,32,18
33501,99330,275,275,0,235,40,4.70,1.95,275,0,142,93
33502,99333,43,32,11,25,7,2.76,1.71,32,0,14,11
33503,99335,91,56,35,46,10,3.09,2.20,56,0,20,26
33504,99336,21007,19474,1533,9856,9618,2.80,2.40,19474,1589,6366,3490
33505,99337,11537,11034,503,9618,1416,2.89,3.12,11034,186,5851,3767
33506,99338,6173,5857,316,5002,855,3.06,2.31,5857,161,3581,1421
33507,99341,318,238,80,177,61,2.80,2.34,238,14,96,81
33508,99343,733,690,43,454,236,3.28,4.90,690,0,129,325
33509,99344,5791,5338,453,3175,2163,3.40,3.82,5338,303,1440,1735
33510,99345,70,67,3,39,28,2.05,2.14,67,0,27,12
33511,99346,132,132,0,111,21,2.52,2.71,132,0,50,61
33512,99347,1303,1039,264,789,250,2.28,2.20,1039,24,404,385
33513,99348,670,520,150,168,352,2.40,3.42,520,5,77,91
33514,99349,2483,2148,335,1167,981,3.15,4.26,2148,169,795,372
33515,99350,5128,4834,294,3007,1827,2.83,3.06,4834,362,1716,1291
33516,99352,14506,13688,818,9390,4298,2.75,2.06,13688,559,6043,3347
33517,99353,5917,5615,302,4672,943,3.16,3.07,5615,93,3274,1398
33518,99354,10416,9836,580,5911,3925,2.59,2.53,9836,474,3378,2533
33519,99356,107,80,27,39,41,2.92,3.37,80,5,14,25
33520,99357,1326,1033,293,532,501,3.90,3.86,1033,10,266,266
33521,99359,107,87,20,54,33,1.67,2.09,87,4,12,42
33522,99360,518,491,27,343,148,2.83,3.30,491,5,240,103
33523,99361,837,723,114,500,223,2.38,2.20,723,25,267,233
33524,99362,17588,16124,1464,10388,5736,2.59,2.05,16124,1374,5692,4696
33525,99363,53,32,21,25,7,1.56,-,32,0,25,0
33526,99371,244,125,119,79,46,2.68,2.22,125,0,17,62
33527,99401,232,155,77,155,0,2.49,-,155,9,56,99
33528,99402,773,601,172,486,115,2.45,2.26,601,33,271,215
33529,99403,9058,8555,503,6044,2511,2.32,2.51,8555,211,3276,2768
33530,99501,8691,7348,1343,2742,4606,2.14,1.97,7348,1070,1635,1107
33531,99502,9829,9077,752,6712,2365,2.90,2.82,9077,304,5223,1489
33532,99503,7208,5854,1354,1892,3962,2.27,1.98,5854,572,1144,748
33533,99504,17123,15580,1543,10542,5038,2.65,2.49,15580,980,7309,3233
33534,99505,1060,1006,54,0,1006,-,4.32,1006,0,0,0
33535,99506,2126,2019,107,0,2019,-,3.16,2019,145,0,0
33536,99507,14463,13213,1250,9208,4005,2.89,2.28,13213,534,6515,2693
33537,99508,14286,12970,1316,6425,6545,3.02,2.93,12970,1342,4072,2353
33538,99513,0,0,0,0,0,-,-,0,0,0,0
33539,99515,7945,7494,451,5858,1636,2.94,2.58,7494,199,4002,1856
33540,99516,7527,7327,200,6565,762,2.92,2.86,7327,49,4345,2220
33541,99517,7623,6610,1013,3971,2639,2.49,2.29,6610,325,2662,1309
33542,99518,4615,4172,443,2491,1681,2.32,2.60,4172,184,1851,640
33543,99519,0,0,0,0,0,-,-,0,0,0,0
33544,99530,0,0,0,0,0,-,-,0,0,0,0
33545,99540,219,195,24,136,59,2.03,1.19,195,0,34,102
33546,99546,311,68,243,14,54,1.86,3.04,68,17,0,14
33547,99547,19,8,11,8,0,4.75,-,8,4,3,5
33548,99548,46,17,29,12,5,1.42,4.60,17,5,0,12
33549,99549,53,24,29,19,5,2.26,4.40,24,6,10,9
33550,99550,124,70,54,68,2,1.84,1.50,70,6,17,51
33551,99551,125,104,21,74,30,4.32,4.97,104,65,7,67
33552,99552,63,51,12,41,10,5.66,6.10,51,27,11,30
33553,99553,63,57,6,35,22,3.03,5.59,57,51,4,31
33554,99554,260,238,22,165,73,4.70,3.97,238,220,55,110
33555,99555,115,41,74,31,10,2.45,4.90,41,15,0,31
33556,99556,1830,1189,641,1026,163,2.31,2.52,1189,28,410,616
33557,99557,468,211,257,135,76,2.83,3.32,211,101,40,95
33558,99558,52,32,20,23,9,2.78,3.22,32,23,0,23
33559,99559,2848,2268,580,976,1292,3.87,2.73,2268,838,552,424
33560,99561,74,67,7,57,10,5.60,5.60,67,59,7,50
33561,99563,207,134,73,112,22,4.63,4.41,134,134,14,98
33562,99564,83,18,65,13,5,2.15,3.20,18,0,0,13
33563,99565,62,11,51,3,8,2.00,3.13,11,2,0,3
33564,99566,259,36,223,18,18,1.67,2.83,36,4,0,18
33565,99567,3288,2783,505,2424,359,2.63,3.76,2783,28,1588,836
33566,99568,318,182,136,177,5,2.63,-,182,0,37,140
33567,99569,105,18,87,12,6,2.42,2.17,18,11,2,10
33568,99571,139,90,49,36,54,2.97,1.65,90,4,9,27
33569,99572,313,85,228,78,7,2.29,5.14,85,0,21,57
33570,99573,644,299,345,255,44,3.03,1.64,299,14,101,154
33571,99574,1238,840,398,535,305,2.82,3.45,840,38,131,404
33572,99575,29,20,9,12,8,4.25,1.75,20,13,2,10
33573,99576,1374,799,575,465,334,3.30,2.53,799,119,230,235
33574,99577,10432,10122,310,7556,2566,2.83,2.54,10122,167,5666,1890
33575,99578,154,137,17,107,30,4.35,5.30,137,137,25,82
33576,99579,258,8,250,8,0,1.38,-,8,3,0,8
33577,99580,37,18,19,17,1,3.00,2.00,18,15,0,17
33578,99581,312,272,40,193,79,4.08,2.75,272,224,20,173
33579,99583,47,28,19,11,17,7.36,1.47,28,0,0,11
33580,99585,66,46,20,33,13,6.24,3.62,46,43,7,26
33581,99586,589,163,426,96,67,2.66,1.42,163,26,9,87
33582,99587,1620,925,695,573,352,2.64,1.39,925,0,485,88
33583,99588,1353,390,963,299,91,3.10,2.54,390,12,179,120
33584,99589,43,24,19,12,12,3.58,2.50,24,18,1,11
33585,99590,76,70,6,55,15,2.82,5.40,70,50,3,52
33586,99591,39,26,13,24,2,2.71,15.00,26,20,7,17
33587,99602,116,94,22,77,17,3.27,2.24,94,65,4,73
33588,99603,6125,4346,1779,3247,1099,2.44,2.53,4346,279,1696,1551
33589,99604,185,174,11,137,37,4.64,5.57,174,160,33,104
33590,99605,178,61,117,61,0,1.95,-,61,0,47,14
33591,99606,134,89,45,64,25,2.95,2.20,89,43,9,55
33592,99607,77,52,25,35,17,5.03,2.88,52,33,19,16
33593,99608,25,8,17,8,0,2.63,-,8,3,3,5
33594,99609,95,75,20,58,17,6.67,3.59,75,59,10,48
33595,99610,1443,793,650,647,146,2.35,3.49,793,42,277,370
33596,99611,6914,5405,1509,3974,1431,2.65,2.54,5405,258,2215,1759
33597,99612,390,342,48,206,136,2.85,2.74,342,114,48,158
33598,99613,374,160,214,85,75,3.19,2.05,160,16,39,46
33599,99614,134,114,20,79,35,4.01,4.29,114,106,19,60
33600,99615,5270,4190,1080,2201,1989,3.07,2.84,4190,399,1582,619
33601,99620,265,236,29,186,50,4.55,8.00,236,235,32,154
33602,99621,140,84,56,60,24,5.13,4.88,84,64,0,60
33603,99622,114,97,17,73,24,4.51,5.88,97,97,28,45
33604,99623,8750,7213,1537,5850,1363,2.91,2.61,7213,130,4021,1829
33605,99624,79,17,62,13,4,1.54,-,17,7,5,8
33606,99625,43,23,20,10,13,1.70,1.31,23,20,2,8
33607,99626,76,59,17,45,14,5.20,5.00,59,42,6,39
33608,99627,219,89,130,66,23,2.68,2.13,89,36,13,53
33609,99628,269,159,110,117,42,4.27,2.93,159,106,2,115
33610,99630,126,108,18,86,22,2.83,3.82,108,96,16,70
33611,99631,249,111,138,63,48,1.79,3.21,111,0,41,22
33612,99632,230,195,35,140,55,4.79,2.96,195,168,7,133
33613,99633,435,141,294,77,64,2.52,2.28,141,16,22,55
33614,99634,204,181,23,86,95,3.36,4.58,181,158,8,78
33615,99635,63,0,63,0,0,-,-,0,0,0,0
33616,99636,136,117,19,78,39,4.62,3.33,117,100,5,73
33617,99637,190,177,13,127,50,5.13,4.44,177,174,15,112
33618,99638,10,5,5,3,2,1.33,6.50,5,4,1,2
33619,99639,1215,504,711,446,58,2.34,2.19,504,8,152,294
33620,99640,135,34,101,14,20,2.86,1.95,34,29,4,10
33621,99641,160,147,13,114,33,6.31,3.03,147,144,8,106
33622,99643,122,80,42,54,26,1.96,2.62,80,39,17,37
33623,99644,99,51,48,33,18,2.67,1.78,51,17,4,29
33624,99645,11488,10623,865,8304,2319,2.93,2.43,10623,319,5560,2744
33625,99647,53,9,44,9,0,2.00,-,9,0,3,6
33626,99648,47,23,24,16,7,3.13,3.43,23,11,0,16
33627,99649,88,24,64,17,7,2.29,3.57,24,7,3,14
33628,99650,112,104,8,77,27,4.69,3.93,104,95,2,75
33629,99651,20,3,17,3,0,2.67,-,3,3,3,0
33630,99652,3404,1551,1853,1139,412,2.40,2.06,1551,86,660,479
33631,99653,60,23,37,10,13,4.80,5.23,23,8,4,6
33632,99654,16908,15472,1436,11234,4238,2.99,2.34,15472,744,8299,2935
33633,99655,229,210,19,180,30,4.87,3.77,210,168,23,157
33634,99656,31,4,27,4,0,2.50,-,4,4,0,4
33635,99657,52,19,33,8,11,9.00,4.18,19,19,3,5
33636,99658,305,258,47,180,78,3.88,3.63,258,164,50,130
33637,99659,71,55,16,38,17,6.66,3.47,55,46,12,26
33638,99660,129,86,43,54,32,2.94,3.91,86,36,7,47
33639,99661,455,397,58,277,120,2.53,2.08,397,50,109,168
33640,99662,123,109,14,70,39,4.79,3.18,109,109,3,67
33641,99663,461,199,262,158,41,2.19,1.41,199,12,58,100
33642,99664,2229,1611,618,1069,542,2.51,2.03,1611,89,513,556
33643,99665,29,11,18,1,10,-,3.10,11,11,0,1
33644,99666,40,30,10,26,4,4.77,4.50,30,30,6,20
33645,99667,849,58,791,58,0,1.79,-,58,58,14,44
33646,99668,48,25,23,23,2,2.57,11.00,25,25,4,19
33647,99669,8244,6669,1575,5077,1592,2.64,2.67,6669,401,2854,2223
33648,99670,124,30,94,18,12,2.33,1.17,30,7,0,18
33649,99671,160,151,9,114,37,4.08,3.76,151,142,46,68
33650,99672,2581,1475,1106,1297,178,2.13,2.32,1475,96,751,546
33651,99674,1011,593,418,499,94,2.03,2.70,593,11,202,297
33652,99675,21,11,10,2,9,3.50,5.67,11,11,0,2
33653,99676,1664,664,1000,489,175,2.69,1.41,664,22,244,245
33654,99677,75,13,62,9,4,3.11,1.50,13,10,2,7
33655,99678,293,220,73,154,66,3.98,3.09,220,117,3,151
33656,99679,87,61,26,28,33,5.50,2.91,61,46,3,25
33657,99680,177,159,18,114,45,5.22,4.62,159,159,11,103
33658,99681,59,52,7,33,19,6.18,5.53,52,52,2,31
33659,99682,192,138,54,99,39,2.20,2.97,138,45,6,93
33660,99683,1059,184,875,172,12,1.96,-,184,12,35,137
33661,99684,292,169,123,102,67,2.57,3.40,169,83,16,86
33662,99685,790,674,116,201,473,3.08,5.07,674,48,155,46
33663,99686,1969,1615,354,1175,440,2.59,1.98,1615,44,651,524
33664,99688,3090,1100,1990,940,160,2.33,1.96,1100,45,409,531
33665,99689,332,216,116,105,111,2.71,1.94,216,19,39,66
33666,99690,34,29,5,29,0,5.00,-,29,29,8,21
33667,99691,112,63,49,46,17,1.76,1.59,63,56,0,46
33668,99692,157,137,20,0,137,-,3.25,137,14,0,0
33669,99693,303,124,179,43,81,1.63,3.05,124,24,4,39
33670,99694,850,598,252,490,108,2.64,1.68,598,26,277,213
33671,99695,15,0,15,0,0,-,-,0,0,0,0
33672,99701,8809,7199,1610,3161,4038,2.57,2.21,7199,860,1783,1378
33673,99702,1043,965,78,7,958,4.29,3.01,965,0,7,0
33674,99703,2178,2093,85,0,2093,-,3.49,2093,10,0,0
33675,99704,0,0,0,0,0,-,-,0,0,0,0
33676,99705,9224,7775,1449,5787,1988,3.11,2.45,7775,181,4167,1620
33677,99706,18,10,8,6,4,2.00,2.75,10,4,0,6
33678,99707,0,0,0,0,0,-,-,0,0,0,0
33679,99709,13855,11538,2317,7161,4377,2.66,1.97,11538,509,4200,2961
33680,99712,6023,4829,1194,4032,797,2.89,2.01,4829,138,2425,1607
33681,99714,1190,437,753,370,67,2.41,1.87,437,0,149,221
33682,99720,87,65,22,46,19,3.30,4.11,65,57,3,43
33683,99721,97,73,24,46,27,3.89,3.04,73,72,8,38
33684,99722,85,69,16,52,17,3.15,3.53,69,66,0,52
33685,99723,1700,1425,275,595,830,3.80,3.34,1425,361,255,340
33686,99724,74,43,31,35,8,1.71,4.13,43,36,0,35
33687,99725,361,314,47,249,65,2.19,-,314,0,0,249
33688,99726,34,15,19,8,7,-,1.57,15,2,0,8
33689,99727,136,124,12,100,24,5.32,6.04,124,95,16,84
33690,99729,247,78,169,70,8,1.66,2.50,78,6,16,54
33691,99730,264,49,215,46,3,1.11,-,49,3,0,46
33692,99732,28,8,20,1,7,9.00,1.71,8,0,0,1
33693,99733,40,17,23,9,8,2.33,-,17,7,0,9
33694,99734,0,0,0,0,0,-,-,0,0,0,0
33695,99736,54,35,19,27,8,5.07,3.25,35,32,7,20
33696,99737,2467,1347,1120,955,392,3.27,2.94,1347,26,497,458
33697,99738,271,67,204,50,17,2.46,1.41,67,13,0,50
33698,99739,94,63,31,45,18,4.98,3.06,63,55,12,33
33699,99740,359,235,124,178,57,2.11,2.07,235,98,28,150
33700,99741,283,196,87,136,60,2.60,2.77,196,29,26,110
33701,99742,132,114,18,95,19,3.79,3.11,114,108,12,83
33702,99743,649,334,315,296,38,2.53,2.37,334,10,159,137
33703,99744,134,50,84,42,8,2.79,1.63,50,2,20,22
33704,99745,35,25,10,12,13,1.75,1.54,25,25,2,10
33705,99746,88,68,20,56,12,3.52,2.75,68,49,5,51
33706,99747,82,61,21,52,9,3.88,3.78,61,44,9,43
33707,99748,99,69,30,47,22,2.83,2.41,69,61,4,43
33708,99749,127,78,49,67,11,4.79,5.00,78,60,25,42
33709,99750,181,157,24,124,33,5.94,3.82,157,153,18,106
33710,99751,47,35,12,17,18,7.06,2.00,35,35,8,9
33711,99752,1344,874,470,362,512,3.61,3.24,874,390,133,229
33712,99753,104,91,13,47,44,2.81,3.27,91,86,10,37
33713,99754,57,35,22,32,3,1.69,-,35,26,0,32
33714,99755,299,44,255,19,25,1.79,1.28,44,7,0,19
33715,99756,161,19,142,14,5,1.93,1.60,19,0,2,12
33716,99757,63,13,50,13,0,1.15,-,13,5,5,8
33717,99758,73,50,23,23,27,3.48,2.63,50,32,2,21
33718,99759,61,45,16,20,25,6.25,4.16,45,39,5,15
33719,99760,559,245,314,190,55,2.98,3.09,245,31,71,119
33720,99761,103,94,9,77,17,5.51,3.76,94,80,21,56
33721,99762,2029,1322,707,685,637,3.34,2.48,1322,364,388,297
33722,99763,135,97,38,55,42,6.98,4.19,97,70,16,39
33723,99764,137,73,64,50,23,4.78,9.87,73,14,7,43
33724,99765,142,89,53,80,9,3.36,1.67,89,31,0,80
33725,99766,231,203,28,135,68,5.20,3.28,203,123,21,114
33726,99767,29,20,9,20,0,3.35,-,20,18,4,16
33727,99768,183,66,117,55,11,3.20,2.18,66,32,7,48
33728,99769,213,181,32,166,15,5.33,2.73,181,175,33,133
33729,99770,189,142,47,103,39,4.56,4.85,142,133,5,98
33730,99771,82,70,12,60,10,4.75,4.50,70,55,18,42
33731,99772,247,148,99,95,53,4.07,3.26,148,131,19,76
33732,99773,66,43,23,36,7,5.08,3.00,43,41,11,25
33733,99774,51,4,47,0,4,-,2.25,4,4,0,0
33734,99775,167,152,15,0,152,-,2.39,152,2,0,0
33735,99776,62,23,39,14,9,4.57,4.78,23,7,5,9
33736,99777,142,70,72,30,40,2.27,2.80,70,32,3,27
33737,99778,100,75,25,44,31,3.73,2.77,75,61,8,36
33738,99780,947,657,290,497,160,2.64,2.76,657,83,232,265
33739,99781,67,35,32,26,9,2.81,4.00,35,30,0,26
33740,99782,170,138,32,94,44,3.65,4.45,138,81,18,76
33741,99783,99,75,24,59,16,3.34,4.38,75,75,15,44
33742,99784,82,63,19,44,19,3.45,2.11,63,55,12,32
33743,99785,143,137,6,103,34,5.49,3.18,137,126,60,43
33744,99786,103,77,26,69,8,2.83,4.50,77,71,2,67
33745,99788,74,36,38,30,6,2.40,1.50,36,36,0,30
33746,99789,156,125,31,63,62,4.44,4.74,125,39,11,52
33747,99790,53,17,36,17,0,1.35,-,17,0,13,4
33748,99791,45,33,12,24,9,5.67,5.00,33,21,8,16
33749,99801,12857,11880,977,7885,3995,2.62,2.21,11880,1017,5056,2829
33750,99820,268,157,111,89,68,3.11,2.13,157,46,11,78
33751,99824,1130,1042,88,481,561,2.26,2.09,1042,74,317,164
33752,99825,54,13,41,13,0,1.46,-,13,13,5,8
33753,99826,482,195,287,165,30,2.69,4.63,195,26,44,121
33754,99827,1504,802,702,549,253,2.88,2.16,802,53,221,328
33755,99829,401,275,126,199,76,3.35,2.80,275,53,53,146
33756,99830,243,146,97,99,47,3.06,3.06,146,23,27,72
33757,99832,129,37,92,31,6,1.68,1.50,37,33,8,23
33758,99833,1742,1211,531,832,379,2.82,2.49,1211,152,479,353
33759,99835,4107,3439,668,2181,1258,2.58,2.12,3439,402,1239,942
33760,99836,76,19,57,17,2,1.94,2.50,19,12,3,14
33761,99840,618,390,228,242,148,3.05,2.77,390,24,103,139
33762,99841,241,105,136,96,9,1.53,-,105,105,21,75
33763,99850,0,0,0,0,0,-,-,0,0,0,0
33764,99901,6564,5487,1077,3588,1899,2.58,2.34,5487,634,2311,1277
33765,99903,48,1,47,1,0,-,-,1,1,0,1
33766,99918,246,113,133,102,11,2.47,-,113,4,27,75
33767,99919,384,263,121,200,63,2.18,2.02,263,12,73,127
33768,99921,1115,822,293,576,246,2.12,2.33,822,57,211,365
33769,99922,138,121,17,83,38,2.72,2.45,121,28,2,81
33770,99923,64,13,51,13,0,-,-,13,0,0,13
33771,99925,436,345,91,253,92,2.57,2.74,345,30,80,173
33772,99926,503,457,46,368,89,3.19,2.99,457,43,124,244
33773,99927,39,11,28,11,0,-,-,11,0,0,11
33774,99929,1246,841,405,541,300,2.44,2.63,841,84,215,326
