,ZipCode,EducationLessThan9thGradePercent,Education9thTo12thNonGraduatePercent,EducationHighSchoolGraduatePercent,EducationSomeCollegePercent,EducationAssociatesDegreePercent,EducationBachelorsDegreeOrHigherPercent,EducationGraduageOrProfessionalDegreePercent
1,00601,24.5,10.3,29.1,9.3,12.3,14.6,1.8
2,00602,23.8,10.0,25.7,7.7,11.0,21.8,5.3
3,00603,15.6,9.6,29.6,12.5,8.4,24.3,7.5
4,00606,30.6,10.1,32.3,11.6,5.0,10.4,2.9
5,00610,20.3,9.3,30.7,8.3,12.6,18.8,4.5
6,00611,26.0,9.4,22.9,10.0,9.6,22.1,5.8
7,00612,13.4,6.9,29.7,12.9,10.2,27.0,6.8
8,00616,16.4,8.9,32.9,13.1,8.0,20.7,2.6
9,00617,16.7,9.0,30.7,8.6,10.2,24.9,5.0
10,00622,21.8,10.4,21.8,12.4,12.8,20.9,5.7
11,00623,16.3,8.5,26.1,12.0,9.8,27.3,6.2
12,00624,16.5,9.4,29.2,7.1,14.0,23.8,3.1
13,00627,18.1,9.4,25.0,8.2,18.0,21.4,6.4
14,00631,38.8,3.1,15.1,4.9,13.2,24.9,9.1
15,00636,13.5,13.8,24.5,0.0,15.6,32.7,17.0
16,00637,16.8,8.0,33.9,9.2,10.3,21.8,4.8
17,00638,21.7,12.8,29.0,12.6,8.8,15.1,3.1
18,00641,18.7,7.4,26.4,17.8,9.2,20.4,3.7
19,00646,10.8,6.9,27.8,13.8,9.5,31.2,10.4
20,00647,14.8,9.9,42.2,4.4,11.9,16.7,1.4
21,00650,14.6,6.6,34.1,14.6,10.3,19.8,3.6
22,00652,11.8,11.6,19.0,16.6,11.8,29.2,4.6
23,00653,18.7,13.8,34.7,8.2,10.4,14.2,4.2
24,00656,14.1,9.5,28.8,8.2,14.8,24.6,5.9
25,00659,16.6,6.8,24.8,5.4,18.1,28.3,7.8
26,00660,14.6,6.0,34.2,11.1,8.6,25.6,5.9
27,00662,17.6,7.4,29.8,9.5,10.9,24.8,6.6
28,00664,15.4,5.8,36.5,15.6,6.1,20.5,5.3
29,00667,20.7,11.6,28.2,10.3,12.3,17.0,3.3
30,00669,22.9,9.8,23.8,10.0,12.7,20.8,5.2
31,00670,26.7,10.0,34.0,3.1,7.7,18.4,2.8
32,00674,15.3,9.2,30.2,12.1,9.7,23.4,5.4
33,00676,19.6,9.4,30.7,10.1,7.3,22.8,5.7
34,00677,19.0,7.8,26.1,9.3,14.9,23.0,5.5
35,00678,17.1,9.3,29.4,8.3,14.4,21.6,5.5
36,00680,20.0,9.3,27.7,11.3,7.0,24.7,7.2
37,00682,16.0,9.6,24.8,10.5,6.1,33.2,12.1
38,00683,19.0,10.2,34.2,7.5,7.4,21.6,5.7
39,00685,21.8,9.3,26.2,10.4,11.6,20.6,4.6
40,00687,16.8,9.3,30.6,12.8,13.0,17.5,3.4
41,00688,20.3,8.6,30.7,14.2,6.7,19.4,3.1
42,00690,10.1,11.3,30.1,15.7,5.3,27.5,4.6
43,00692,16.0,8.1,29.1,10.8,13.3,22.6,7.4
44,00693,15.0,8.9,29.9,12.1,11.4,22.7,5.9
45,00694,25.6,0.0,41.9,0.0,32.6,0.0,0.0
46,00698,14.9,6.9,35.4,8.7,8.3,25.8,6.2
47,00703,16.3,9.4,33.4,11.5,11.1,18.3,3.0
48,00704,12.8,8.3,39.6,10.9,8.1,20.2,3.3
49,00705,13.2,7.3,36.7,12.3,7.7,22.8,7.7
50,00707,17.4,9.0,30.5,13.5,14.1,15.5,3.0
51,00714,12.6,10.8,31.1,12.9,12.0,20.6,3.8
52,00715,22.6,16.0,43.0,5.6,2.3,10.5,3.3
53,00716,13.8,7.2,28.6,8.7,7.3,34.3,10.9
54,00717,11.9,7.5,31.4,8.9,9.2,31.1,10.4
55,00718,16.9,6.4,37.8,6.1,10.5,22.3,4.7
56,00719,18.5,10.7,23.9,17.3,11.4,18.1,2.8
57,00720,18.6,10.6,30.8,11.5,10.3,18.2,4.9
58,00723,15.2,7.2,29.8,16.1,12.2,19.5,6.5
59,00725,10.6,7.3,29.5,12.8,10.0,29.8,8.5
60,00727,9.8,5.1,23.3,14.0,10.2,37.6,11.6
61,00728,11.5,8.2,33.2,11.2,8.7,27.3,7.0
62,00729,13.4,7.7,28.8,10.8,13.0,26.3,8.0
63,00730,14.0,8.1,29.1,9.5,10.4,28.8,9.6
64,00731,23.1,8.2,33.1,7.0,8.3,20.3,4.2
65,00735,16.8,7.6,36.0,10.0,8.9,20.8,3.8
66,00736,16.0,6.2,31.8,11.3,8.9,25.8,7.1
67,00738,11.0,5.7,33.5,11.6,8.9,29.3,6.4
68,00739,17.1,5.3,33.1,10.1,9.0,25.3,7.6
69,00740,9.5,12.5,36.0,14.8,5.4,21.7,0.0
70,00741,9.8,15.4,30.5,13.8,11.9,18.6,1.5
71,00745,12.6,9.6,28.8,11.9,11.9,25.2,5.0
72,00751,15.4,9.1,40.4,8.4,7.9,18.9,4.5
73,00754,18.0,9.4,25.4,16.5,12.4,18.3,5.4
74,00757,11.9,4.2,38.6,9.7,8.8,26.7,6.6
75,00765,14.9,12.2,48.1,1.6,9.1,14.2,7.1
76,00766,15.9,5.7,35.3,10.4,11.3,21.4,4.3
77,00767,16.0,10.6,26.6,17.2,12.2,17.4,2.7
78,00769,13.2,6.2,38.9,10.2,8.5,23.0,5.1
79,00771,14.7,5.6,24.0,18.1,12.6,25.0,7.2
80,00772,14.8,13.2,42.2,5.6,11.5,12.7,1.7
81,00773,14.4,7.5,33.2,11.0,12.0,21.9,5.8
82,00775,12.0,6.4,35.3,15.2,13.5,17.6,1.3
83,00777,16.1,8.0,26.9,15.1,11.9,21.8,4.7
84,00778,11.2,6.8,24.4,13.1,11.8,32.6,10.8
85,00780,15.0,7.2,26.4,7.0,9.6,34.7,10.3
86,00782,17.5,9.4,29.0,16.9,11.6,15.5,3.7
87,00783,16.8,10.5,28.8,12.9,10.0,21.1,4.6
88,00784,12.5,8.7,39.2,10.1,8.3,21.2,6.1
89,00786,66.7,0.0,33.3,0.0,0.0,0.0,0.0
90,00791,12.3,8.2,36.0,9.8,10.8,22.9,7.4
91,00794,15.0,9.8,28.4,14.4,10.1,22.4,5.1
92,00795,13.7,8.7,30.8,8.5,11.2,27.1,6.2
93,00901,9.0,5.9,27.6,7.8,5.1,44.6,22.4
94,00906,0.0,0.0,0.0,0.0,8.4,91.6,56.5
95,00907,5.5,2.8,14.6,11.0,7.3,58.8,28.9
96,00909,11.4,3.2,23.2,16.6,7.6,38.0,16.8
97,00911,8.0,7.2,13.2,11.2,5.7,54.6,23.0
98,00912,10.0,8.4,23.1,9.8,7.4,41.3,14.8
99,00913,14.5,9.9,35.5,9.0,7.9,23.3,7.4
100,00915,24.2,11.2,34.2,9.6,7.5,13.3,3.3
101,00917,14.5,7.5,29.4,8.0,12.9,27.7,10.2
102,00918,8.6,2.3,13.6,5.3,9.6,60.6,26.6
103,00920,12.0,6.7,21.0,14.4,11.7,34.1,9.3
104,00921,10.2,6.8,25.2,14.9,12.9,29.9,10.6
105,00923,14.5,7.7,29.8,9.3,15.7,23.0,8.5
106,00924,10.6,6.1,24.5,13.7,14.4,30.6,10.4
107,00925,20.3,8.3,17.7,8.9,6.8,37.9,13.6
108,00926,8.5,3.8,16.9,10.4,12.1,48.4,19.8
109,00927,3.0,2.3,9.6,7.1,11.1,66.9,30.4
110,00934,0.0,0.0,0.0,44.9,0.0,55.1,14.5
111,00949,10.2,6.1,25.8,15.5,12.6,29.8,7.4
112,00950,-,-,-,-,-,-,-
113,00951,11.4,19.7,27.0,6.2,11.8,23.9,13.5
114,00952,20.8,10.3,26.6,16.0,14.6,11.8,1.1
115,00953,10.7,5.8,26.5,12.0,17.8,27.2,6.7
116,00956,12.3,7.5,23.1,19.8,11.1,26.2,5.7
117,00957,12.5,5.9,25.3,17.9,10.8,27.6,6.3
118,00959,8.2,5.3,22.0,17.4,12.5,34.6,9.3
119,00960,16.4,29.2,39.1,8.3,4.2,2.8,0.9
120,00961,9.1,5.4,21.0,17.0,10.7,36.8,13.1
121,00962,15.6,10.6,36.8,10.0,11.3,15.7,3.4
122,00965,23.1,12.0,34.1,12.7,7.5,10.5,0.7
123,00966,4.1,2.4,10.8,9.3,7.4,65.9,23.9
124,00968,2.8,1.6,7.9,8.6,6.9,72.2,28.6
125,00969,5.2,3.7,13.1,12.2,9.0,56.8,21.8
126,00971,15.3,7.0,25.4,13.4,10.4,28.5,7.8
127,00976,8.7,5.0,24.1,12.8,12.6,36.8,10.7
128,00979,4.4,3.8,16.8,13.5,13.4,48.1,17.7
129,00982,10.2,5.1,26.0,14.2,13.7,30.8,7.4
130,00983,6.7,5.2,31.0,14.8,11.9,30.4,7.1
131,00985,9.7,4.2,30.3,14.5,14.8,26.5,5.3
132,00987,8.8,5.4,23.7,12.2,13.2,36.9,10.0
133,01001,2.0,5.5,27.5,17.1,11.1,36.7,14.3
134,01002,1.4,1.1,12.0,9.1,5.0,71.4,47.5
135,01003,0.0,0.0,1.7,31.9,38.7,27.7,26.9
136,01005,2.9,0.5,30.8,20.0,8.1,37.7,18.9
137,01007,0.9,1.5,23.9,14.1,12.3,47.3,23.4
138,01008,2.7,6.5,35.0,9.1,13.8,32.9,14.8
139,01009,7.0,2.0,8.5,33.3,2.0,47.3,4.1
140,01010,0.0,2.9,24.2,18.8,9.8,44.3,12.8
141,01011,1.0,9.2,46.9,16.0,7.4,19.6,11.8
142,01012,0.7,11.2,39.8,18.2,5.8,24.3,11.9
143,01013,5.3,9.4,32.9,20.2,9.3,22.9,9.7
144,01020,3.4,10.1,37.8,17.2,10.7,20.7,6.5
145,01022,1.0,5.4,29.2,25.6,6.5,32.3,8.9
146,01026,0.5,1.3,14.7,16.8,8.1,58.6,28.7
147,01027,0.9,4.0,26.4,17.2,11.1,40.5,17.6
148,01028,1.8,3.6,21.4,17.6,11.2,44.5,19.3
149,01029,0.5,23.8,32.4,13.5,3.4,26.5,9.6
150,01030,1.0,2.8,32.7,19.3,10.9,33.3,13.8
151,01031,0.5,7.5,33.1,21.6,11.7,25.6,11.0
152,01032,0.0,0.9,17.0,24.9,9.1,48.1,17.9
153,01033,1.4,3.9,26.4,15.6,10.2,42.5,16.9
154,01034,1.1,3.5,29.1,17.8,9.6,38.8,15.5
155,01035,0.7,2.2,18.0,15.6,5.3,58.2,22.9
156,01036,0.5,3.0,25.2,21.0,14.4,36.0,16.7
157,01037,0.0,4.1,19.4,19.2,12.7,44.7,16.3
158,01038,0.9,2.5,24.8,11.9,8.1,51.8,20.3
159,01039,0.4,1.1,17.0,20.2,4.2,57.1,29.3
160,01040,7.7,14.0,31.7,15.6,9.0,22.0,8.6
161,01050,0.6,5.7,29.2,22.9,9.5,32.0,8.5
162,01053,0.8,1.4,30.6,14.3,5.4,47.7,20.5
163,01054,0.0,4.1,14.6,10.0,5.2,66.1,41.6
164,01056,6.7,6.7,33.7,18.4,11.1,23.4,6.6
165,01057,3.9,6.3,34.7,19.3,10.4,25.5,10.4
166,01060,3.1,3.6,9.1,9.7,3.9,70.6,40.6
167,01062,2.5,3.8,17.1,14.9,8.7,52.9,28.0
168,01063,0.0,0.0,0.0,0.0,0.0,100.0,100.0
169,01066,0.0,60.5,0.0,0.0,0.0,39.5,0.0
170,01068,1.0,3.6,26.5,18.8,11.9,38.2,14.3
171,01069,6.0,8.2,31.7,21.9,8.2,24.0,6.9
172,01070,0.7,3.1,24.9,13.7,8.8,48.8,29.2
173,01071,0.4,3.7,40.7,11.4,15.0,28.7,8.6
174,01072,0.0,1.0,12.8,11.2,7.2,67.7,36.4
175,01073,0.2,5.7,23.8,17.2,14.3,38.8,16.2
176,01074,0.0,0.0,35.5,31.8,13.1,19.6,7.0
177,01075,1.6,3.4,24.2,14.3,10.3,46.2,22.6
178,01077,0.7,4.9,28.6,19.8,10.4,35.7,15.6
179,01079,0.0,0.0,53.6,10.4,8.2,27.8,9.7
180,01080,4.3,5.6,46.6,17.9,7.1,18.5,4.5
181,01081,0.6,4.7,36.4,19.3,10.8,28.1,12.0
182,01082,2.0,6.3,39.2,20.9,9.1,22.6,7.2
183,01083,2.2,5.8,46.3,8.4,11.2,26.0,10.8
184,01084,0.0,5.7,17.1,4.3,2.9,70.0,24.3
185,01085,4.0,6.5,27.0,18.3,11.4,32.8,11.4
186,01088,0.0,0.0,16.2,49.5,10.8,23.5,16.4
187,01089,4.3,5.8,28.5,17.3,8.5,35.6,14.9
188,01092,0.0,3.4,29.9,12.2,12.8,41.6,12.9
189,01093,0.0,0.0,40.5,23.0,4.0,32.5,4.0
190,01094,0.0,0.0,48.4,40.6,0.0,10.9,0.0
191,01095,2.2,2.3,20.7,14.2,10.5,50.0,24.4
192,01096,0.5,2.6,24.0,11.4,13.1,48.3,21.4
193,01097,0.0,19.6,37.0,0.0,23.9,19.6,0.0
194,01098,1.7,2.6,30.6,13.1,9.8,42.3,20.4
195,01103,10.2,12.0,20.7,14.8,7.4,34.8,14.3
196,01104,10.6,15.3,34.2,16.6,8.8,14.5,5.5
197,01105,19.4,15.0,31.7,15.1,9.1,9.8,5.0
198,01106,1.0,2.3,11.7,15.6,7.5,61.9,30.4
199,01107,15.4,18.0,29.7,16.7,5.2,15.0,5.8
200,01108,9.9,11.2,32.3,18.7,7.6,20.3,8.6
201,01109,8.0,15.8,32.8,20.2,6.6,16.6,6.1
202,01118,5.2,4.6,28.6,18.8,12.4,30.5,11.1
203,01119,4.4,6.2,41.4,19.0,9.9,19.1,7.5
204,01128,6.2,3.6,28.2,19.0,9.2,33.8,18.3
205,01129,1.8,5.1,31.4,19.9,9.6,32.2,13.1
206,01144,-,-,-,-,-,-,-
207,01151,7.4,12.0,35.8,17.8,9.6,17.4,4.7
208,01201,2.0,5.5,30.0,20.2,9.3,33.0,13.2
209,01220,3.6,7.2,38.8,17.5,11.0,22.0,6.6
210,01222,12.9,11.8,23.7,11.2,14.7,25.7,5.8
211,01223,1.6,3.5,29.6,20.1,10.9,34.3,16.1
212,01224,6.1,10.1,37.8,19.6,0.0,26.4,26.4
213,01225,2.2,4.1,22.5,27.0,11.0,33.3,9.4
214,01226,1.7,3.4,25.4,17.5,11.2,40.6,19.3
215,01229,5.5,6.3,30.7,10.2,5.5,41.7,21.3
216,01230,1.2,3.4,27.9,12.2,10.9,44.4,19.7
217,01235,0.0,9.2,37.1,23.4,9.8,20.6,7.3
218,01236,0.3,4.2,21.2,13.9,4.1,56.3,24.3
219,01237,1.3,2.7,29.7,16.0,8.8,41.4,21.1
220,01238,1.0,2.3,29.3,22.3,8.8,36.3,19.8
221,01240,0.3,3.5,28.3,11.8,7.3,48.9,21.3
222,01242,0.5,0.0,8.2,48.3,8.2,34.8,18.4
223,01243,0.0,0.0,31.9,27.8,6.9,33.3,14.6
224,01244,6.0,4.0,21.3,38.0,3.3,27.3,8.0
225,01245,6.2,1.3,11.8,17.0,5.3,58.4,40.4
226,01247,5.5,5.8,35.9,20.8,7.6,24.4,10.1
227,01253,0.0,3.4,22.0,20.5,9.6,44.6,19.4
228,01254,0.4,0.6,22.5,12.3,5.3,59.1,28.7
229,01255,4.7,7.3,30.9,22.9,6.1,28.1,17.0
230,01256,6.5,5.2,38.3,17.9,8.3,23.8,8.5
231,01257,1.6,0.6,24.1,23.4,9.0,41.3,23.5
232,01258,0.0,0.0,17.1,30.1,3.4,49.3,26.7
233,01259,0.0,1.6,21.4,21.2,5.9,49.9,29.5
234,01260,0.0,0.0,10.2,7.2,75.9,6.6,6.6
235,01262,0.5,2.4,21.6,21.9,10.0,43.5,27.9
236,01264,0.5,0.0,24.4,12.2,8.3,54.6,30.2
237,01266,0.3,3.9,13.3,8.0,3.9,70.5,34.3
238,01267,0.2,2.0,17.0,10.7,5.0,65.1,44.0
239,01270,0.0,3.5,24.8,18.6,13.4,39.8,14.8
240,01301,2.7,6.3,28.4,14.6,12.9,35.1,14.5
241,01330,0.9,1.6,24.8,12.1,11.6,48.9,25.8
242,01331,2.5,7.1,38.4,20.3,11.6,19.9,6.8
243,01337,0.6,4.1,30.9,19.7,12.6,32.0,13.7
244,01338,0.0,5.6,47.8,12.2,0.0,34.4,34.4
245,01339,2.8,3.9,33.9,16.6,10.7,32.1,16.3
246,01340,2.1,3.9,34.3,15.1,9.2,35.4,19.1
247,01341,0.2,2.2,15.8,11.3,10.1,60.5,35.1
248,01342,0.0,1.9,24.6,17.8,5.2,50.5,29.9
249,01343,1.7,14.0,28.1,19.0,9.9,27.3,4.1
250,01344,2.2,5.9,39.3,20.6,7.8,24.2,6.8
251,01346,2.6,0.7,31.4,10.5,7.8,47.1,16.3
252,01347,8.0,0.0,0.0,26.3,22.6,43.1,0.0
253,01349,3.9,1.6,28.9,34.6,3.5,27.5,15.2
254,01350,0.0,6.0,53.6,21.4,13.1,6.0,1.2
255,01351,2.6,3.5,29.3,14.0,10.4,40.2,17.6
256,01354,0.7,4.2,18.6,16.0,8.9,51.7,15.4
257,01355,1.1,1.5,27.0,27.6,11.5,31.3,13.4
258,01360,0.4,6.9,27.6,10.5,10.4,44.2,21.0
259,01364,3.6,6.9,39.3,22.7,9.4,18.2,5.4
260,01366,0.0,3.7,22.0,22.9,5.4,46.0,23.4
261,01367,0.9,7.3,33.2,21.1,11.8,25.7,10.9
262,01368,1.2,8.4,38.3,14.4,15.1,22.5,8.6
263,01370,0.3,3.4,19.6,14.0,9.1,53.7,23.5
264,01373,0.1,4.5,18.3,18.8,13.8,44.5,23.7
265,01375,0.7,2.3,20.7,14.7,11.6,50.0,26.0
266,01376,1.7,5.4,40.8,18.2,8.0,25.9,11.4
267,01378,2.8,3.1,33.9,16.2,7.8,36.2,11.1
268,01379,0.0,3.1,25.1,15.0,9.1,47.6,23.1
269,01380,0.0,0.0,52.8,19.4,0.0,27.8,5.6
270,01420,5.0,6.8,32.4,23.0,9.1,23.7,7.8
271,01430,2.2,2.7,23.0,21.3,15.2,35.5,11.8
272,01431,1.4,5.6,27.9,14.6,9.8,40.8,18.9
273,01432,1.7,5.6,21.6,16.8,9.1,45.2,17.4
274,01434,2.8,5.7,28.8,19.0,8.5,35.2,11.3
275,01436,9.1,4.3,26.4,26.1,9.9,24.2,7.2
276,01438,0.0,0.0,16.6,15.2,25.8,42.4,13.9
277,01440,3.2,7.5,34.3,22.4,13.5,19.0,5.9
278,01450,1.4,2.0,14.8,12.0,5.0,64.7,29.5
279,01451,0.5,1.2,7.5,12.3,2.6,75.8,35.5
280,01452,1.0,2.6,26.3,23.5,13.5,33.1,11.4
281,01453,4.4,5.6,28.9,18.4,10.9,31.8,11.4
282,01460,0.5,2.3,20.7,13.2,6.3,57.0,28.0
283,01462,1.1,3.5,27.3,19.1,9.7,39.5,13.3
284,01463,1.2,2.7,26.4,22.4,8.8,38.5,15.9
285,01464,1.8,9.1,32.9,16.7,9.2,30.3,9.8
286,01468,0.0,6.6,24.2,21.1,15.1,32.9,10.6
287,01469,0.4,3.0,21.8,19.3,14.0,41.5,13.6
288,01473,1.5,2.3,26.7,16.7,10.9,42.0,18.2
289,01474,2.6,4.9,32.1,15.1,10.2,34.9,11.8
290,01475,1.9,5.5,32.8,26.0,10.8,22.9,8.6
291,01501,2.3,4.0,25.2,15.9,10.3,42.2,17.5
292,01503,0.3,3.1,25.9,16.1,4.1,50.5,20.7
293,01504,1.0,2.5,31.6,16.9,11.4,36.5,12.1
294,01505,1.2,2.7,12.6,15.1,10.0,58.4,22.6
295,01506,1.7,3.9,36.2,20.1,10.2,27.8,8.8
296,01507,0.8,3.8,30.9,16.7,9.7,38.0,14.5
297,01510,1.4,5.9,23.0,19.5,11.2,39.0,15.1
298,01515,0.4,5.3,37.7,17.6,10.9,28.0,9.8
299,01516,1.1,1.0,28.8,17.8,8.7,42.6,11.3
300,01518,1.9,4.7,36.6,15.7,9.1,32.1,16.3
301,01519,0.9,1.2,17.2,12.6,5.4,62.7,23.3
302,01520,1.5,1.8,16.7,11.6,10.2,58.2,29.1
303,01521,1.4,6.4,26.0,21.5,11.7,33.1,11.6
304,01522,0.4,1.5,12.5,19.9,13.1,52.6,21.8
305,01523,2.8,6.4,26.0,9.7,5.4,49.7,17.4
306,01524,1.8,4.3,28.1,24.1,12.8,28.8,10.9
307,01525,0.0,100.0,0.0,0.0,0.0,0.0,0.0
308,01527,2.3,4.5,30.4,19.7,11.2,31.9,13.3
309,01529,0.3,6.5,28.2,25.8,11.5,27.7,7.8
310,01531,2.6,9.4,26.1,20.0,8.9,33.0,14.5
311,01532,0.7,1.6,12.8,11.6,5.8,67.5,36.3
312,01534,1.4,6.3,23.0,15.8,9.8,43.6,17.2
313,01535,1.8,4.9,38.7,20.1,7.8,26.7,10.5
314,01536,1.8,4.4,23.9,15.8,8.3,45.9,21.1
315,01537,2.9,13.9,32.4,16.4,9.0,25.3,7.9
316,01540,1.6,2.4,34.0,22.5,10.8,28.6,12.4
317,01541,0.2,1.3,10.4,14.5,9.7,63.9,30.4
318,01542,0.3,3.7,23.3,31.1,12.8,28.7,11.9
319,01543,0.6,2.1,24.6,21.4,8.8,42.6,16.2
320,01545,2.1,2.5,14.6,11.1,6.3,63.4,32.9
321,01550,7.9,9.7,36.3,20.0,9.4,16.7,5.0
322,01560,1.0,3.1,24.7,11.0,7.7,52.4,23.0
323,01561,0.0,0.0,0.0,0.0,0.0,100.0,0.0
324,01562,3.1,4.2,40.5,21.7,6.8,23.7,9.1
325,01564,0.4,3.0,21.9,16.0,6.5,52.2,19.3
326,01566,0.8,4.9,20.6,23.8,10.7,39.3,18.7
327,01568,0.4,1.9,15.4,16.5,5.5,60.2,21.7
328,01569,2.2,2.4,30.2,17.8,9.7,37.8,12.1
329,01570,2.3,5.9,34.4,21.5,8.9,27.1,7.4
330,01571,2.3,5.0,34.0,21.3,9.7,27.7,10.4
331,01581,1.5,2.1,12.5,9.1,4.9,69.9,34.6
332,01583,2.6,7.1,23.4,18.2,11.1,37.6,16.8
333,01585,1.0,4.8,30.1,21.8,12.8,29.5,7.7
334,01588,1.2,4.3,32.6,20.5,9.0,32.3,10.8
335,01590,0.3,3.2,26.0,17.2,9.4,43.9,20.2
336,01602,4.1,3.2,23.3,18.2,5.5,45.7,21.4
337,01603,5.3,10.1,32.7,21.6,9.1,21.2,6.6
338,01604,4.4,8.9,31.2,14.9,9.7,30.8,11.0
339,01605,7.3,8.4,32.0,16.7,8.4,27.3,10.4
340,01606,3.2,5.8,24.5,18.7,8.2,39.5,16.6
341,01607,5.6,9.7,28.8,18.5,9.0,28.4,7.2
342,01608,13.0,8.6,22.4,16.4,7.4,32.3,9.1
343,01609,4.4,8.0,20.8,15.5,6.4,44.9,23.3
344,01610,12.7,14.4,31.8,15.8,8.5,16.8,6.3
345,01611,2.7,8.5,32.2,23.4,8.1,25.3,7.5
346,01612,0.4,1.7,19.1,15.4,10.0,53.4,22.2
347,01701,1.6,2.0,15.9,12.2,6.1,62.2,26.3
348,01702,7.7,7.0,24.9,14.3,6.1,39.9,15.8
349,01718,0.0,0.0,0.0,17.7,7.3,75.0,35.6
350,01719,3.1,1.6,7.1,9.1,5.6,73.5,39.9
351,01720,1.5,1.8,6.9,9.0,4.3,76.5,42.4
352,01721,1.6,1.6,15.0,15.5,5.7,60.6,30.3
353,01730,3.0,2.2,11.8,10.1,5.3,67.6,36.0
354,01731,0.0,0.0,13.0,23.3,16.7,47.0,20.4
355,01740,0.2,0.4,11.2,9.7,6.3,72.2,38.9
356,01741,0.0,0.4,3.8,8.3,7.5,79.9,50.6
357,01742,0.7,3.6,12.4,6.0,3.8,73.4,46.5
358,01745,0.0,2.5,11.8,3.3,14.9,67.5,28.9
359,01746,1.3,1.9,11.7,12.1,6.0,66.9,29.2
360,01747,1.2,3.0,25.0,18.8,7.2,44.8,16.7
361,01748,0.8,1.5,10.0,8.2,5.2,74.3,39.4
362,01749,5.1,5.2,20.5,17.7,6.9,44.6,17.8
363,01752,4.3,5.3,26.6,16.4,7.1,40.2,17.4
364,01754,2.3,1.3,16.6,15.7,7.1,57.1,28.4
365,01756,0.6,0.8,24.6,11.8,11.5,50.6,13.0
366,01757,5.8,6.6,27.7,15.5,9.2,35.1,13.1
367,01760,0.9,1.7,14.2,9.8,5.1,68.3,35.7
368,01770,0.0,1.3,6.9,7.6,3.1,81.1,44.6
369,01772,1.2,1.4,10.9,11.0,4.4,71.0,34.6
370,01773,0.5,1.7,3.2,7.5,2.1,84.9,54.5
371,01775,0.2,0.9,8.9,10.8,3.9,75.3,37.6
372,01776,0.5,0.6,8.3,5.6,2.8,82.2,46.5
373,01778,1.2,0.7,6.2,10.4,3.6,77.8,43.5
374,01801,2.8,3.5,25.2,14.3,7.9,46.4,19.4
375,01803,1.7,1.6,18.4,11.6,7.1,59.6,24.4
376,01810,1.8,0.8,8.1,9.0,5.1,75.2,40.7
377,01821,1.2,3.2,26.2,17.5,11.1,40.8,16.2
378,01824,0.9,2.1,16.1,13.6,10.0,57.3,23.8
379,01826,2.6,4.9,34.6,16.8,8.2,32.8,8.7
380,01827,0.2,1.9,15.3,14.3,10.9,57.3,23.4
381,01830,4.7,7.3,31.0,21.1,8.2,27.7,10.1
382,01832,3.6,6.9,32.9,18.6,9.7,28.3,8.9
383,01833,0.6,1.5,17.0,19.0,6.8,55.0,20.8
384,01834,0.6,3.1,23.1,13.7,10.4,49.1,18.6
385,01835,1.3,3.6,25.5,19.3,14.0,36.4,12.1
386,01840,17.5,19.0,30.4,16.4,3.1,13.5,4.5
387,01841,19.9,13.1,32.6,19.7,3.5,11.3,2.7
388,01843,13.0,11.0,30.9,19.8,7.7,17.7,6.5
389,01844,5.9,5.3,28.4,20.8,9.5,30.0,10.6
390,01845,1.7,1.1,15.5,12.0,9.4,60.2,26.9
391,01850,7.8,7.0,41.1,18.1,9.4,16.5,6.5
392,01851,15.2,7.6,27.2,13.6,6.5,29.9,12.0
393,01852,7.8,7.2,31.6,16.3,7.0,30.0,13.1
394,01854,7.9,8.6,33.5,14.5,8.5,26.9,9.1
395,01860,0.9,3.0,28.5,23.6,10.0,34.0,8.9
396,01862,1.5,6.2,31.5,18.8,8.5,33.5,10.7
397,01863,2.0,2.3,21.9,21.9,9.3,42.5,21.2
398,01864,1.1,1.9,19.5,14.4,8.6,54.5,20.2
399,01867,1.9,1.3,14.4,11.4,5.7,65.3,30.0
400,01876,1.6,3.5,29.5,16.1,8.4,40.9,17.1
401,01879,1.3,2.8,21.5,17.0,10.6,46.8,16.6
402,01880,1.3,2.7,20.3,13.2,7.8,54.8,23.2
403,01886,0.8,0.7,11.4,8.1,6.3,72.6,38.1
404,01887,1.3,2.6,24.4,14.7,7.1,49.9,19.6
405,01890,1.2,1.3,10.5,8.4,3.1,75.5,47.8
406,01901,18.2,2.1,25.2,24.1,4.0,26.2,10.2
407,01902,17.6,9.8,31.3,14.3,7.7,19.2,6.4
408,01904,7.1,4.9,31.0,18.4,9.4,29.2,12.0
409,01905,12.0,10.2,31.8,19.3,9.4,17.3,3.6
410,01906,2.6,5.9,34.0,16.9,8.9,31.7,12.2
411,01907,1.2,1.3,14.4,12.9,8.3,61.9,32.0
412,01908,0.6,1.5,17.3,8.8,6.8,65.0,28.5
413,01913,0.7,4.3,26.5,16.9,11.9,39.7,14.7
414,01915,1.8,2.3,22.4,13.8,10.2,49.5,19.2
415,01921,0.4,2.3,11.2,10.5,7.2,68.4,27.9
416,01922,1.9,2.1,21.1,10.2,9.5,55.1,23.8
417,01923,1.6,3.6,23.4,17.3,8.9,45.2,16.5
418,01929,1.1,2.6,12.5,13.1,7.9,62.9,28.4
419,01930,2.5,3.1,26.9,16.7,11.3,39.6,16.5
420,01937,0.0,29.9,49.2,0.0,0.0,20.9,7.3
421,01938,0.9,1.4,17.5,15.3,9.4,55.6,23.8
422,01940,1.1,1.6,17.9,11.8,6.4,61.2,27.1
423,01944,0.0,0.6,6.5,11.4,4.0,77.5,33.6
424,01945,0.2,0.6,8.1,8.2,5.6,77.2,34.4
425,01949,3.2,7.2,32.4,12.0,7.7,37.4,13.1
426,01950,0.6,1.9,12.6,14.4,6.0,64.4,29.2
427,01951,0.0,0.0,14.2,20.9,8.1,56.7,20.7
428,01952,2.1,5.3,25.8,15.0,9.1,42.7,14.1
429,01960,5.2,3.7,31.0,16.1,9.2,34.8,11.6
430,01965,0.0,4.1,4.3,4.2,2.2,85.1,12.6
431,01966,0.8,3.4,12.2,16.6,8.7,58.2,27.8
432,01969,0.3,2.4,21.7,20.4,8.5,46.7,21.7
433,01970,4.5,3.0,22.0,15.4,6.6,48.6,19.3
434,01982,0.1,0.9,12.9,11.6,5.7,68.7,31.4
435,01983,0.9,1.2,10.7,9.2,6.1,71.8,33.7
436,01984,0.7,0.4,10.1,14.2,6.2,68.5,28.7
437,01985,0.3,2.2,11.7,14.9,7.3,63.6,27.7
438,02019,1.9,2.5,27.9,17.6,9.8,40.4,15.0
439,02021,1.2,1.7,14.5,14.0,8.0,60.6,28.4
440,02025,1.1,1.4,11.1,9.2,5.6,71.6,34.9
441,02026,1.7,3.6,20.1,14.0,5.3,55.3,25.2
442,02030,0.5,0.6,4.6,5.5,2.7,86.3,55.8
443,02032,0.0,2.2,18.2,11.5,5.8,62.2,27.7
444,02035,1.7,1.6,18.1,15.1,7.1,56.5,24.0
445,02038,1.5,1.1,17.4,16.5,8.8,54.7,24.1
446,02043,0.9,0.9,10.5,8.5,6.3,72.9,36.4
447,02045,0.4,3.0,22.0,17.8,7.1,49.7,21.0
448,02047,0.0,0.0,36.1,21.5,20.9,21.5,21.5
449,02048,0.6,3.9,18.3,14.1,9.7,53.2,22.6
450,02050,0.8,1.8,19.4,17.7,8.5,51.8,19.4
451,02052,1.0,0.0,6.8,9.0,6.4,76.9,37.2
452,02053,1.3,2.0,15.5,13.9,8.2,59.1,21.3
453,02054,1.3,3.2,23.8,16.9,9.1,45.8,17.0
454,02056,1.3,6.2,21.5,13.2,7.3,50.4,18.7
455,02061,0.6,1.0,14.8,10.3,7.3,65.9,25.8
456,02062,3.0,2.9,18.8,15.7,7.5,52.2,19.7
457,02066,1.8,1.2,13.5,11.3,9.3,62.9,25.7
458,02067,1.1,1.1,8.6,10.4,5.1,73.6,40.7
459,02071,0.0,0.0,21.8,11.2,9.6,57.4,8.5
460,02072,4.2,4.7,25.4,16.2,8.3,41.2,17.3
461,02081,2.0,2.9,18.7,13.2,7.6,55.6,19.4
462,02090,0.7,2.3,9.2,9.9,6.4,71.6,34.7
463,02093,0.9,1.9,18.9,14.8,8.2,55.3,19.9
464,02108,0.4,2.3,11.3,8.9,3.2,73.9,44.2
465,02109,1.7,1.6,8.3,6.5,2.0,80.0,33.9
466,02110,0.0,2.2,1.1,6.2,3.9,86.6,50.1
467,02111,13.6,4.4,15.3,5.5,3.2,58.0,35.4
468,02113,0.4,2.0,6.3,6.0,4.7,80.7,29.9
469,02114,1.5,2.1,5.8,5.9,1.7,82.9,42.1
470,02115,4.7,4.6,13.8,8.8,3.8,64.4,26.1
471,02116,5.1,2.0,6.8,5.3,1.9,78.9,45.9
472,02118,11.2,4.7,14.9,10.5,3.3,55.4,28.3
473,02119,11.8,10.2,25.6,16.8,5.5,30.1,10.7
474,02120,6.8,9.4,17.4,20.7,3.5,42.2,15.9
475,02121,11.1,8.2,35.1,18.4,6.0,21.2,8.1
476,02122,10.5,9.6,26.0,14.8,4.7,34.4,16.1
477,02124,8.9,7.7,26.0,20.2,7.3,29.9,12.1
478,02125,7.9,5.2,26.7,15.5,4.9,39.8,17.3
479,02126,5.4,7.4,32.4,26.4,7.0,21.3,9.4
480,02127,3.9,3.1,13.5,7.8,2.6,69.2,24.8
481,02128,17.2,7.9,25.7,12.7,3.7,32.8,11.2
482,02129,3.7,4.6,12.6,8.0,2.9,68.2,33.2
483,02130,4.2,3.2,12.0,8.6,3.0,69.0,41.4
484,02131,5.3,4.7,18.8,16.9,6.2,48.2,24.2
485,02132,3.0,2.1,14.8,10.8,7.1,62.2,32.5
486,02133,-,-,-,-,-,-,-
487,02134,2.4,0.8,10.1,7.1,3.3,76.3,34.7
488,02135,3.4,2.7,11.2,9.5,3.3,69.9,29.6
489,02136,6.0,5.8,26.2,20.1,9.9,31.9,11.2
490,02138,0.9,0.8,3.6,6.7,1.7,86.2,56.9
491,02139,3.4,2.3,6.7,8.4,1.9,77.2,46.8
492,02140,2.4,2.0,8.3,6.9,1.9,78.5,51.5
493,02141,5.4,3.0,8.1,7.6,3.0,72.8,42.7
494,02142,0.3,0.0,2.3,5.5,2.4,89.6,56.1
495,02143,2.9,3.6,10.7,7.9,2.0,72.9,38.3
496,02144,2.3,2.5,10.4,8.1,2.3,74.3,35.6
497,02145,8.9,5.2,18.3,11.4,5.2,50.9,22.5
498,02148,7.4,4.5,24.9,13.6,6.7,43.0,17.6
499,02149,11.1,7.5,34.3,17.6,5.0,24.4,8.3
500,02150,22.5,9.6,29.0,12.8,5.2,20.9,7.2
501,02151,9.7,6.7,38.1,15.2,5.7,24.5,8.4
502,02152,2.4,2.2,27.5,17.3,8.2,42.4,14.7
503,02155,2.8,3.6,20.9,11.7,5.4,55.8,25.9
504,02163,0.0,0.0,0.8,3.9,0.0,95.3,35.4
505,02169,5.3,3.4,23.8,14.3,7.6,45.6,19.2
506,02170,8.3,7.2,18.5,16.0,8.1,42.0,16.8
507,02171,6.3,5.8,19.5,12.1,6.6,49.7,20.9
508,02176,1.9,2.0,16.1,11.2,7.1,61.7,28.2
509,02180,1.3,4.1,25.0,14.8,6.8,48.1,19.0
510,02184,3.7,3.2,23.5,15.9,7.4,46.3,19.2
511,02186,2.2,2.1,15.6,9.1,6.1,64.8,34.2
512,02188,2.4,4.3,26.0,19.9,7.5,39.9,14.8
513,02189,4.7,3.0,25.5,17.5,10.2,39.1,12.9
514,02190,1.4,3.7,22.5,19.3,10.9,42.3,15.5
515,02191,2.7,3.2,28.9,14.9,8.7,41.6,12.9
516,02199,1.1,1.4,4.5,3.7,0.0,89.3,46.1
517,02203,-,-,-,-,-,-,-
518,02205,-,-,-,-,-,-,-
519,02210,0.0,0.0,2.0,5.8,2.7,89.5,50.3
520,02215,0.5,2.6,6.3,4.5,2.5,83.4,48.1
521,02301,11.6,9.4,31.6,17.7,8.2,21.5,6.1
522,02302,8.5,8.0,36.8,20.2,9.0,17.5,5.8
523,02322,1.1,4.8,34.1,15.2,14.9,29.8,5.9
524,02324,1.1,4.1,30.2,16.9,8.0,39.5,14.9
525,02325,0.0,0.0,0.0,54.2,0.0,45.8,5.1
526,02330,0.5,3.2,41.8,19.6,10.8,24.0,10.6
527,02332,0.3,3.6,9.8,12.1,3.6,70.7,28.8
528,02333,1.9,2.2,31.6,22.5,11.4,30.4,9.9
529,02338,0.7,3.7,36.6,15.6,8.4,35.1,11.3
530,02339,0.8,2.1,19.7,13.2,10.7,53.5,20.0
531,02341,1.1,4.8,32.6,18.8,7.6,35.1,13.2
532,02343,1.8,5.0,29.1,22.1,11.7,30.3,7.3
533,02346,1.9,3.5,33.8,21.0,12.2,27.5,8.4
534,02347,1.5,5.1,24.6,18.7,13.2,36.9,12.8
535,02350,11.5,0.0,43.2,15.1,12.2,18.0,0.0
536,02351,2.3,2.7,28.7,14.4,10.6,41.3,12.5
537,02356,1.2,1.6,17.7,13.0,8.4,58.1,24.5
538,02357,0.0,0.0,0.0,0.0,0.0,100.0,100.0
539,02359,1.0,1.6,22.9,19.1,12.6,42.7,17.4
540,02360,1.5,3.0,25.0,17.5,11.1,41.9,15.7
541,02364,0.5,2.2,20.8,18.3,10.7,47.5,14.4
542,02366,10.7,8.0,51.9,17.1,6.4,5.9,5.9
543,02367,1.5,5.6,32.5,18.3,8.1,34.0,12.8
544,02368,7.1,7.7,26.3,17.1,11.2,30.6,10.6
545,02370,2.5,3.1,31.8,21.0,10.1,31.5,9.0
546,02375,1.1,2.6,24.7,19.2,8.2,44.1,16.8
547,02379,0.6,2.5,30.2,16.3,8.9,41.5,12.2
548,02382,1.4,3.4,33.1,22.0,13.5,26.6,8.5
549,02420,0.8,1.1,4.5,5.1,2.8,85.6,60.7
550,02421,0.7,1.3,5.9,4.8,2.8,84.5,57.9
551,02445,0.8,1.1,5.8,6.4,2.5,83.4,53.4
552,02446,2.4,0.8,5.8,5.1,1.4,84.5,58.3
553,02451,3.7,3.1,20.3,10.6,8.9,53.4,25.2
554,02452,1.8,3.2,19.0,14.5,6.2,55.2,24.8
555,02453,4.8,3.9,17.9,10.8,5.6,57.0,26.3
556,02457,0.0,0.0,38.9,0.0,0.0,61.1,0.0
557,02458,2.7,1.1,10.2,8.6,5.2,72.1,42.2
558,02459,0.6,0.2,3.7,5.3,3.3,86.9,58.7
559,02460,1.2,1.1,9.0,8.2,1.9,78.6,52.1
560,02461,1.0,0.5,4.8,5.5,0.9,87.3,56.2
561,02462,1.1,3.2,15.8,11.4,2.1,66.5,37.5
562,02464,2.2,1.1,6.8,10.0,9.3,70.7,45.7
563,02465,1.0,2.3,7.6,5.8,3.9,79.4,46.4
564,02466,3.5,1.3,11.3,5.0,3.4,75.5,45.8
565,02467,0.9,0.4,5.0,6.0,4.4,83.3,54.1
566,02468,2.4,0.5,1.6,3.6,2.3,89.5,63.4
567,02472,3.5,1.2,14.6,9.0,6.0,65.8,34.2
568,02474,1.1,1.2,10.0,8.9,4.2,74.6,42.1
569,02476,1.5,1.7,11.8,7.9,3.7,73.4,44.0
570,02478,1.6,1.3,9.5,6.7,3.6,77.4,51.0
571,02481,0.5,1.3,1.9,5.8,1.9,88.7,54.6
572,02482,1.3,0.8,8.2,5.2,4.2,80.3,49.8
573,02492,0.1,0.8,6.6,5.6,2.7,84.1,53.8
574,02493,0.7,1.1,7.9,4.1,3.4,82.8,51.1
575,02494,1.3,1.0,8.1,8.7,5.5,75.4,47.4
576,02532,1.8,3.0,25.7,18.7,9.7,41.1,17.2
577,02534,4.1,4.4,14.2,9.0,3.1,65.2,33.4
578,02535,0.2,3.3,11.2,19.1,6.0,60.3,23.2
579,02536,2.3,4.9,22.5,18.8,10.4,41.0,16.7
580,02537,0.1,1.5,15.7,16.9,14.1,51.6,24.8
581,02538,2.7,1.7,39.4,34.2,9.2,12.8,2.7
582,02539,3.9,2.4,31.0,15.0,10.3,37.4,9.0
583,02540,1.4,4.6,10.3,13.9,8.4,61.4,35.1
584,02542,1.6,0.9,20.0,39.4,4.9,33.1,16.9
585,02543,0.0,0.9,6.7,9.1,1.2,82.1,54.7
586,02553,0.0,0.0,0.0,0.0,100.0,0.0,0.0
587,02554,2.4,1.4,18.4,19.1,8.2,50.5,17.7
588,02556,0.0,0.0,8.9,13.6,8.6,68.9,31.0
589,02557,0.0,4.7,33.4,17.7,2.9,41.3,19.9
590,02558,5.8,4.8,41.5,16.1,11.2,20.6,6.2
591,02559,1.6,2.1,23.0,18.6,11.9,42.8,23.6
592,02561,0.0,0.0,26.5,10.4,16.3,46.9,16.5
593,02562,0.0,3.6,14.9,27.3,8.7,45.4,11.2
594,02563,1.1,1.2,22.5,14.4,10.2,50.6,20.0
595,02564,0.0,0.0,9.2,15.3,0.0,75.5,39.8
596,02568,0.9,2.9,28.1,16.2,7.1,44.8,19.9
597,02571,4.2,4.1,31.3,20.0,12.4,28.0,11.1
598,02575,0.0,1.5,12.3,18.1,10.4,57.7,40.9
599,02576,2.6,7.3,43.8,19.3,6.0,21.0,7.0
600,02584,0.0,0.0,0.0,66.7,0.0,33.3,16.7
601,02601,4.4,6.8,37.8,17.1,9.2,24.7,9.1
602,02630,5.1,4.2,11.7,10.6,10.7,57.7,35.2
603,02631,0.4,2.2,21.7,22.0,9.1,44.6,22.9
604,02632,1.3,2.5,22.9,15.2,12.7,45.3,20.0
605,02633,1.0,1.3,11.1,15.1,5.7,65.7,28.6
606,02635,0.3,1.0,12.8,16.8,13.1,56.0,22.5
607,02637,28.1,0.0,3.4,3.8,11.0,53.8,17.8
608,02638,0.0,5.3,30.0,16.9,6.6,41.2,21.9
609,02639,0.1,4.0,25.2,31.2,10.1,29.4,6.6
610,02641,0.0,0.0,0.0,6.1,0.0,93.9,28.2
611,02642,1.6,1.5,20.9,17.5,11.4,47.1,21.5
612,02643,-,-,-,-,-,-,-
613,02644,1.2,3.4,17.8,23.0,20.2,34.4,13.1
614,02645,0.4,1.5,27.2,20.7,8.5,41.7,18.6
615,02646,0.7,1.1,13.8,11.0,13.2,60.1,29.1
616,02647,0.0,21.9,0.0,0.0,0.0,78.1,0.0
617,02648,0.0,3.5,23.1,16.8,18.2,38.4,18.1
618,02649,0.7,1.3,25.9,21.6,11.2,39.4,15.6
619,02650,0.7,1.3,14.4,26.7,1.3,55.6,24.0
620,02652,0.0,3.3,22.7,20.4,3.7,49.9,37.0
621,02653,0.0,0.7,16.1,14.5,8.4,60.4,27.9
622,02655,0.4,1.0,17.8,16.4,11.3,53.2,27.3
623,02657,3.0,1.1,14.5,18.5,5.3,57.7,28.5
624,02659,0.0,3.3,14.7,22.2,5.5,54.3,23.6
625,02660,1.6,2.9,25.2,19.1,12.7,38.5,14.1
626,02663,0.0,0.0,7.8,4.2,3.9,84.2,50.7
627,02664,0.9,3.2,33.5,20.0,8.9,33.5,14.8
628,02666,20.3,0.0,9.9,0.0,0.0,69.8,40.1
629,02667,1.7,3.8,19.4,19.6,6.5,49.0,27.9
630,02668,0.4,0.0,14.5,31.8,7.1,46.2,19.9
631,02670,0.0,1.4,18.9,15.8,11.6,52.3,19.6
632,02671,1.9,0.0,21.7,12.2,13.5,50.7,28.6
633,02672,0.0,0.0,31.8,0.0,0.0,68.2,17.8
634,02673,5.2,3.5,24.4,22.4,9.1,35.3,14.8
635,02675,0.9,0.6,16.1,20.0,8.6,53.8,21.6
636,02702,0.6,1.6,23.6,20.3,10.4,43.4,14.3
637,02703,3.8,5.9,31.9,17.3,9.4,31.7,9.5
638,02713,8.8,29.4,8.8,5.9,5.9,41.2,2.9
639,02715,3.2,0.8,36.8,11.5,18.0,29.6,12.3
640,02717,3.0,4.1,30.2,12.4,15.5,34.7,10.4
641,02718,7.2,12.2,26.3,23.7,7.1,23.5,10.0
642,02719,5.0,3.9,33.5,18.6,10.0,28.9,8.6
643,02720,9.5,9.3,31.3,19.9,7.9,22.1,8.2
644,02721,15.0,13.0,34.9,15.0,9.2,12.8,3.0
645,02723,18.8,7.7,36.6,18.6,8.4,9.9,2.7
646,02724,14.1,14.1,33.8,19.4,6.1,12.5,3.6
647,02725,5.5,7.1,25.2,21.0,11.4,29.8,8.1
648,02726,2.3,5.0,29.7,15.3,12.9,34.8,11.2
649,02738,1.4,2.8,26.8,11.9,9.2,47.9,23.2
650,02739,0.9,2.1,16.7,16.3,11.0,53.0,24.6
651,02740,11.7,10.7,33.3,16.9,8.1,19.3,6.6
652,02743,5.3,6.4,41.8,14.7,8.6,23.2,4.6
653,02744,16.4,11.5,29.1,19.6,9.3,14.0,3.8
654,02745,10.1,9.5,36.0,15.7,10.5,18.3,4.7
655,02746,18.8,11.8,38.2,14.1,6.9,10.2,1.8
656,02747,6.8,8.2,30.2,14.8,9.9,30.2,10.7
657,02748,9.6,2.7,26.2,9.5,9.5,42.5,20.0
658,02760,2.2,3.8,23.0,18.7,9.3,43.1,16.0
659,02762,1.1,3.4,20.6,18.5,11.5,44.9,15.7
660,02763,0.0,2.8,12.0,7.5,8.3,69.4,24.9
661,02764,2.5,3.2,25.4,27.4,8.4,33.1,12.0
662,02766,2.7,3.5,28.3,16.1,8.7,40.6,14.5
663,02767,3.1,4.9,25.4,15.9,10.7,40.0,14.5
664,02769,2.5,3.0,24.9,18.4,9.0,42.2,17.2
665,02770,0.3,2.3,22.2,9.4,13.5,52.3,22.0
666,02771,3.2,5.3,21.5,17.9,8.9,43.3,18.7
667,02777,4.2,6.0,31.3,17.1,11.2,30.2,11.8
668,02779,1.6,2.2,28.4,16.1,8.5,43.2,14.2
669,02780,8.2,8.1,33.3,19.8,8.4,22.3,6.0
670,02790,4.9,5.7,31.0,17.3,11.1,30.0,13.6
671,02791,0.0,0.0,8.9,9.1,2.8,79.2,68.7
672,02802,0.0,11.6,38.3,5.6,12.7,31.8,12.1
673,02804,0.0,2.8,35.2,29.1,15.6,17.2,4.3
674,02806,0.6,1.7,11.6,8.3,5.9,71.8,40.0
675,02807,0.9,1.8,26.7,22.9,0.0,47.7,16.7
676,02808,0.7,8.5,35.9,21.0,5.9,27.9,8.0
677,02809,3.2,8.4,21.7,19.0,6.8,41.0,17.7
678,02812,0.0,6.4,15.0,7.7,17.7,53.2,24.2
679,02813,1.4,4.8,23.0,22.6,9.5,38.6,17.0
680,02814,0.2,5.3,32.1,16.1,13.0,33.3,14.6
681,02815,0.0,8.8,0.0,14.6,35.0,41.6,0.0
682,02816,1.8,5.3,30.9,20.1,13.0,28.8,9.7
683,02817,2.3,6.5,24.1,16.9,11.5,38.7,15.7
684,02818,0.7,3.1,15.5,15.6,4.8,60.4,27.5
685,02822,1.5,11.2,19.9,12.4,8.4,46.5,17.3
686,02823,0.0,0.0,100.0,0.0,0.0,0.0,0.0
687,02824,0.0,20.0,20.7,30.0,0.0,29.3,20.0
688,02825,2.2,4.5,37.5,16.0,8.5,31.2,14.9
689,02826,0.0,0.0,40.0,31.2,14.1,14.7,9.4
690,02827,3.5,7.2,34.1,16.3,13.2,25.6,7.8
691,02828,1.6,3.8,25.9,18.0,9.5,41.2,15.2
692,02829,0.0,0.0,100.0,0.0,0.0,0.0,0.0
693,02830,5.8,5.2,26.0,20.0,11.6,31.5,10.4
694,02831,0.7,3.0,37.5,20.4,12.1,26.3,6.7
695,02832,0.5,7.7,23.0,23.4,10.0,35.4,10.1
696,02833,4.1,2.7,48.4,16.5,3.9,24.4,3.8
697,02835,0.6,2.0,13.0,17.3,6.2,61.0,26.0
698,02836,0.0,32.5,40.3,27.3,0.0,0.0,0.0
699,02837,1.0,1.2,15.2,16.6,6.5,59.4,24.5
700,02838,2.4,8.0,33.0,12.5,10.0,34.2,11.5
701,02839,0.0,3.9,30.0,29.0,13.0,24.2,7.1
702,02840,2.5,2.6,19.8,15.9,4.8,54.5,24.1
703,02841,0.9,0.8,5.2,26.3,5.3,61.5,19.0
704,02842,3.4,3.4,21.7,15.3,8.3,47.9,22.3
705,02852,1.5,1.7,20.7,20.9,9.3,45.8,19.7
706,02857,0.8,1.2,25.6,22.9,11.1,38.4,17.3
707,02858,2.3,0.0,14.0,56.8,3.4,23.4,7.0
708,02859,1.7,6.7,27.5,31.0,11.1,21.9,5.3
709,02860,10.1,10.3,31.5,16.8,7.2,24.1,8.4
710,02861,5.6,9.0,36.3,20.2,9.7,19.2,6.2
711,02863,24.4,14.9,33.7,11.9,5.9,9.2,1.3
712,02864,4.3,4.9,23.3,18.0,8.7,40.8,13.6
713,02865,3.2,4.9,22.9,13.5,8.6,47.0,18.0
714,02871,1.3,3.3,18.5,14.1,7.9,54.9,23.6
715,02872,0.0,38.7,19.8,0.0,13.5,27.9,0.0
716,02873,0.0,0.0,38.9,0.0,0.0,61.1,61.1
717,02874,1.6,2.0,14.4,13.2,8.1,60.7,30.5
718,02875,0.0,0.0,0.0,21.2,34.4,44.4,25.6
719,02876,0.0,7.4,62.4,6.1,5.2,18.9,0.0
720,02878,2.0,6.0,24.8,19.4,9.9,37.8,12.7
721,02879,0.7,4.7,15.3,14.9,8.6,55.8,24.5
722,02881,1.3,1.5,10.7,13.5,2.0,71.0,38.7
723,02882,1.7,2.3,14.7,16.2,8.3,56.9,25.3
724,02885,3.8,7.3,31.5,16.1,7.3,34.0,13.8
725,02886,2.4,4.5,26.0,18.8,12.6,35.7,13.9
726,02888,2.5,3.3,28.0,23.5,11.5,31.1,13.0
727,02889,3.6,5.9,31.3,21.6,10.4,27.1,9.1
728,02891,2.9,5.0,30.0,17.7,7.9,36.5,15.4
729,02892,0.1,2.9,25.6,12.3,11.1,48.0,28.0
730,02893,3.0,6.9,34.8,22.7,9.8,22.8,6.9
731,02894,0.0,4.5,60.2,17.3,3.4,14.6,0.0
732,02895,7.3,10.8,35.1,20.0,7.2,19.6,5.8
733,02896,3.8,3.9,26.0,22.4,13.6,30.3,10.3
734,02898,0.7,1.2,24.9,21.4,16.2,35.6,14.5
735,02903,8.2,4.4,22.2,10.1,2.1,53.0,27.5
736,02904,4.2,8.5,33.2,16.7,7.6,29.8,12.3
737,02905,12.4,10.4,27.2,16.8,7.5,25.7,12.6
738,02906,1.6,2.1,8.9,7.4,2.5,77.5,45.1
739,02907,14.5,11.9,33.3,15.3,6.2,18.9,5.9
740,02908,5.8,5.0,34.6,17.9,7.0,29.5,11.7
741,02909,11.6,6.2,42.5,15.7,4.3,19.7,7.7
742,02910,5.3,5.8,28.3,22.7,9.6,28.2,8.2
743,02911,3.1,4.9,32.9,18.5,9.0,31.6,9.4
744,02912,0.0,0.0,0.0,26.7,0.0,73.3,0.0
745,02914,9.1,11.6,31.1,16.3,8.1,23.9,8.8
746,02915,2.5,6.3,30.7,19.9,7.1,33.6,15.7
747,02916,3.9,5.8,26.2,16.3,6.1,41.6,17.4
748,02917,4.0,6.8,27.1,17.5,8.6,35.9,13.2
749,02918,0.0,0.0,0.0,65.6,0.0,34.4,34.4
750,02919,2.9,5.4,38.4,20.9,6.0,26.4,7.8
751,02920,5.1,7.3,28.8,18.8,9.4,30.6,11.8
752,02921,1.0,5.8,26.2,12.4,8.4,46.2,20.0
753,03031,0.0,0.8,14.9,13.6,8.3,62.3,25.6
754,03032,0.6,2.1,19.6,11.3,15.0,51.4,11.9
755,03033,0.0,2.3,13.0,16.1,9.8,58.8,19.4
756,03034,1.0,4.7,30.1,25.7,13.3,25.2,10.7
757,03036,0.2,2.5,27.5,15.1,13.0,41.7,19.5
758,03037,0.0,8.6,24.8,17.4,10.6,38.6,11.8
759,03038,1.0,5.9,31.9,19.4,10.3,31.4,10.2
760,03042,5.4,2.2,26.9,18.4,17.5,29.7,12.0
761,03043,0.4,3.5,22.6,18.1,8.8,46.6,16.9
762,03044,2.3,3.9,27.6,19.4,16.7,30.1,9.1
763,03045,2.6,2.7,32.9,15.6,11.0,35.2,13.4
764,03046,1.4,4.5,25.6,11.1,15.5,41.9,22.0
765,03047,1.9,3.1,35.5,22.0,9.3,28.2,9.6
766,03048,1.5,10.1,33.0,20.4,12.0,22.9,7.0
767,03049,1.0,0.5,19.2,12.7,10.2,56.4,26.9
768,03051,1.3,3.2,30.6,19.0,12.5,33.4,11.4
769,03052,2.2,4.5,22.8,17.2,9.0,44.2,12.7
770,03053,1.0,1.6,21.0,17.3,10.9,48.2,17.3
771,03054,1.1,2.4,18.7,17.3,12.3,48.2,18.4
772,03055,1.7,3.5,30.4,21.1,9.0,34.3,14.6
773,03057,1.3,3.6,18.2,19.2,6.3,51.4,18.8
774,03060,5.3,8.7,28.1,21.3,8.9,27.7,8.2
775,03062,1.5,2.8,21.4,15.6,9.8,48.9,19.0
776,03063,2.0,2.4,20.4,16.8,11.2,47.2,16.0
777,03064,2.7,6.2,28.0,16.9,7.2,39.0,16.6
778,03070,1.4,3.7,26.3,12.5,11.5,44.7,13.1
779,03071,1.1,4.6,31.6,21.2,13.0,28.4,13.8
780,03076,1.2,3.1,31.7,18.2,8.8,36.9,13.8
781,03077,1.2,5.8,41.0,19.4,11.8,20.9,5.5
782,03079,2.0,2.7,32.2,19.4,8.7,34.9,13.4
783,03082,1.0,3.6,27.5,17.5,12.4,38.0,15.1
784,03084,3.7,0.8,26.9,19.6,9.7,39.4,17.4
785,03086,4.3,0.9,34.7,18.8,9.3,32.0,12.4
786,03087,0.5,1.1,12.3,16.4,8.6,61.1,27.7
787,03101,4.1,12.3,14.4,14.8,4.8,49.6,21.5
788,03102,3.6,7.1,29.2,21.5,10.0,28.8,8.6
789,03103,8.9,9.1,33.5,16.6,9.5,22.4,7.7
790,03104,2.3,3.4,24.6,17.5,8.9,43.3,13.8
791,03106,3.0,2.9,26.4,18.8,10.6,38.3,16.4
792,03109,2.7,3.6,31.3,25.7,9.5,27.2,8.8
793,03110,0.6,1.9,10.5,11.5,10.0,65.5,27.2
794,03215,0.0,0.0,7.5,15.7,10.7,66.0,45.9
795,03216,4.7,3.7,26.4,15.0,12.3,37.9,19.4
796,03217,0.4,6.5,40.2,23.8,5.7,23.3,11.0
797,03218,0.0,7.1,39.7,21.1,19.1,13.0,6.3
798,03220,3.5,7.6,31.9,21.8,11.6,23.6,7.9
799,03221,0.0,4.5,25.9,19.4,9.8,40.4,16.1
800,03222,2.7,5.6,33.2,21.7,10.2,26.6,8.9
801,03223,3.8,8.2,22.7,11.9,12.6,40.8,22.1
802,03224,2.6,3.3,18.4,16.0,12.9,46.7,21.6
803,03225,1.5,4.3,38.5,18.2,8.5,29.0,9.6
804,03226,0.0,1.0,32.1,21.6,5.5,39.8,15.3
805,03227,1.1,0.9,17.4,10.5,9.1,61.1,38.8
806,03229,0.4,2.5,19.3,18.4,7.9,51.5,25.8
807,03230,0.5,6.9,42.2,20.7,13.0,16.7,6.8
808,03231,0.0,0.0,39.1,29.7,4.3,26.8,18.8
809,03233,0.0,5.2,9.3,21.6,0.0,63.9,27.8
810,03234,2.9,6.1,28.0,14.6,8.9,39.4,14.9
811,03235,3.2,5.6,38.9,20.7,10.0,21.4,8.0
812,03237,0.0,5.1,29.4,18.8,11.9,34.7,18.1
813,03238,0.0,0.0,62.9,18.6,7.1,11.4,7.1
814,03240,2.9,5.9,28.5,19.0,12.7,30.9,13.2
815,03241,3.4,4.6,24.1,17.2,8.7,41.9,16.1
816,03242,0.6,1.5,25.0,16.8,17.8,38.4,15.9
817,03243,2.5,12.8,39.7,16.0,7.6,21.4,8.2
818,03244,1.4,4.7,35.7,20.7,11.6,25.9,10.6
819,03245,2.3,3.6,15.5,22.8,10.4,45.4,24.6
820,03246,2.4,6.5,30.3,19.0,14.3,27.5,10.1
821,03249,1.3,0.4,23.2,22.7,10.4,41.9,21.2
822,03251,2.2,13.1,22.3,30.9,2.3,29.3,6.4
823,03253,0.1,2.2,27.0,20.1,7.6,43.0,20.4
824,03254,0.3,2.8,21.1,18.7,12.3,44.7,20.6
825,03255,0.3,0.7,15.6,13.2,8.2,62.0,23.2
826,03256,0.4,3.9,27.8,23.0,10.0,34.8,13.4
827,03257,0.3,0.3,9.5,13.1,14.2,62.6,29.4
828,03258,0.7,3.0,26.7,19.8,16.0,33.8,11.6
829,03259,1.3,3.8,13.4,6.3,18.5,56.7,10.5
830,03260,0.0,2.1,25.1,20.2,10.5,42.1,19.7
831,03261,0.6,1.9,32.0,12.5,17.2,35.7,11.5
832,03262,1.7,5.8,18.2,20.7,8.3,45.2,15.4
833,03263,1.8,7.0,47.6,19.0,8.8,15.8,6.6
834,03264,2.3,0.4,23.8,24.4,6.6,42.4,17.5
835,03266,1.8,5.3,36.7,14.5,8.1,33.5,13.7
836,03268,2.2,5.5,34.5,14.3,12.1,31.4,18.1
837,03269,0.9,9.2,21.7,23.4,10.0,34.7,13.3
838,03273,0.0,0.0,9.7,7.5,34.8,48.0,23.3
839,03275,3.0,6.5,35.0,17.8,14.5,23.2,11.1
840,03276,1.4,6.4,39.3,20.2,10.3,22.4,9.7
841,03278,2.5,4.1,29.0,19.3,9.9,35.2,18.0
842,03279,0.1,3.7,50.7,17.2,8.2,20.0,5.6
843,03280,2.9,2.8,37.2,24.6,8.9,23.6,9.0
844,03281,0.0,3.4,21.3,19.1,12.9,43.3,17.6
845,03282,1.7,3.6,22.4,20.2,17.5,34.6,12.9
846,03284,1.4,4.2,52.0,4.1,7.0,31.4,11.2
847,03285,0.0,1.6,29.9,20.1,10.3,38.1,11.5
848,03287,1.3,1.9,16.6,13.8,6.8,59.7,32.0
849,03290,1.2,4.0,22.6,21.8,9.0,41.4,16.1
850,03291,0.0,0.0,0.0,0.0,0.0,100.0,0.0
851,03293,0.0,0.0,44.2,7.5,28.3,20.0,0.8
852,03301,4.0,4.5,25.9,17.4,9.7,38.5,18.2
853,03303,2.1,4.4,34.9,19.4,10.1,29.1,9.2
854,03304,0.4,1.9,16.1,13.0,10.6,57.9,21.2
855,03307,0.5,8.1,42.2,16.9,10.4,21.9,6.1
856,03431,3.1,3.5,26.0,19.0,7.9,40.4,13.9
857,03440,1.1,2.1,36.7,17.0,9.1,34.1,10.9
858,03441,0.0,5.3,56.0,6.2,10.5,22.0,3.8
859,03442,0.7,9.1,29.4,21.8,7.0,32.0,10.4
860,03443,0.0,0.0,13.4,25.0,33.3,28.3,6.2
861,03444,0.3,1.9,18.7,17.3,8.1,53.7,26.4
862,03445,1.2,5.3,30.6,26.0,12.0,24.9,10.5
863,03446,1.2,4.4,37.2,14.5,15.2,27.5,13.4
864,03447,2.8,5.8,27.1,19.7,15.6,29.0,10.1
865,03448,1.4,3.0,41.0,16.2,19.7,18.6,9.1
866,03449,0.6,3.0,18.6,13.1,9.8,55.0,27.0
867,03450,0.0,3.8,22.1,12.7,12.2,49.2,19.3
868,03451,2.8,7.4,48.5,17.9,10.3,13.2,4.7
869,03452,0.6,2.0,31.1,26.0,10.2,30.1,11.9
870,03455,1.3,5.3,34.9,20.9,4.5,33.1,12.5
871,03456,1.4,2.1,36.5,22.5,12.9,24.6,11.9
872,03457,0.5,2.6,22.2,12.5,7.5,54.7,22.2
873,03458,2.9,3.7,16.7,16.7,8.3,51.8,25.4
874,03461,0.9,3.3,31.8,22.0,13.2,28.8,10.6
875,03462,0.0,4.6,26.4,5.6,3.2,60.1,37.7
876,03464,0.0,2.3,36.7,22.8,14.1,24.1,5.6
877,03465,1.0,3.8,42.7,22.2,6.0,24.3,6.9
878,03466,1.3,7.8,34.7,14.8,12.8,28.6,11.7
879,03467,2.3,0.9,18.9,18.0,9.8,50.2,19.0
880,03470,2.9,9.9,44.0,17.4,8.3,17.5,4.9
881,03561,3.3,9.3,31.4,18.1,8.6,29.3,11.8
882,03570,4.8,8.7,40.3,19.1,12.1,15.0,4.4
883,03574,0.8,1.7,25.7,18.3,16.0,37.4,19.3
884,03575,0.0,0.0,0.0,0.0,40.0,60.0,0.0
885,03576,4.0,9.6,38.5,22.5,8.1,17.3,4.9
886,03579,4.0,2.2,52.3,15.8,18.9,6.8,3.1
887,03580,1.5,0.8,13.8,18.9,9.5,55.5,26.6
888,03581,0.8,3.9,39.8,14.4,13.5,27.7,12.0
889,03582,3.3,8.5,50.0,16.0,10.1,12.1,2.8
890,03583,2.4,7.3,31.7,15.7,9.7,33.1,7.6
891,03584,5.5,2.0,40.1,16.8,12.9,22.8,10.9
892,03585,1.8,7.2,36.1,19.3,6.4,29.3,9.2
893,03586,3.1,0.9,11.6,15.8,11.6,57.0,39.2
894,03588,1.3,4.8,38.0,21.9,11.8,22.1,10.9
895,03590,5.4,17.2,37.3,18.7,12.2,9.2,2.8
896,03592,3.1,7.3,45.7,20.4,6.4,17.1,4.8
897,03593,0.0,0.0,12.5,15.1,5.8,66.6,30.2
898,03595,1.1,2.1,32.7,25.9,6.4,31.7,13.4
899,03597,7.4,12.5,53.2,17.9,3.1,5.9,0.0
900,03598,2.5,8.0,30.8,20.5,11.9,26.4,11.4
901,03601,0.0,4.0,38.7,27.7,2.3,27.3,10.3
902,03602,1.1,4.4,41.2,14.9,9.8,28.6,6.9
903,03603,0.9,8.7,43.0,16.5,12.4,18.4,4.4
904,03604,-,-,-,-,-,-,-
905,03605,1.7,7.4,44.4,13.8,9.6,23.1,9.4
906,03607,3.6,14.1,36.2,19.6,7.6,18.8,13.0
907,03608,5.6,3.1,29.2,15.5,12.5,34.1,9.0
908,03609,5.2,0.0,16.7,24.5,17.3,36.3,12.4
909,03740,1.6,7.2,34.5,15.2,9.1,32.4,12.1
910,03741,0.9,8.9,38.6,16.1,9.6,25.9,12.5
911,03743,3.7,9.3,44.7,13.3,7.4,21.5,6.3
912,03745,0.4,3.3,31.3,10.1,14.0,40.9,18.0
913,03748,0.0,3.3,25.2,18.3,11.1,42.2,23.6
914,03750,1.2,1.8,5.9,4.5,2.6,84.1,52.8
915,03751,0.0,0.0,45.9,8.5,7.3,38.3,25.9
916,03752,0.4,5.1,50.6,16.5,4.0,23.3,6.5
917,03753,0.0,1.5,13.0,11.8,8.7,65.0,32.4
918,03755,3.7,0.5,4.8,4.6,2.9,83.6,53.9
919,03765,0.5,3.9,51.4,6.3,2.3,35.5,23.2
920,03766,1.2,5.7,22.9,9.2,7.8,53.1,28.2
921,03768,0.9,1.1,19.3,4.9,6.7,67.1,42.6
922,03770,0.0,1.3,10.6,20.6,11.3,56.3,24.1
923,03771,12.2,3.4,37.0,17.7,5.0,24.7,6.2
924,03773,2.6,6.6,40.2,16.0,9.5,25.1,6.9
925,03774,7.0,7.1,35.4,22.5,6.8,21.2,11.2
926,03777,3.7,5.9,31.7,18.7,8.1,32.0,17.6
927,03779,0.7,3.0,25.0,13.6,11.2,46.5,25.7
928,03780,0.7,0.4,28.0,17.8,1.7,51.3,33.0
929,03781,2.2,0.6,26.6,13.6,11.9,45.1,22.9
930,03782,12.2,2.7,21.4,14.0,7.7,42.0,25.4
931,03784,0.8,5.5,13.5,10.9,7.2,62.1,22.8
932,03785,2.2,9.7,35.2,27.7,8.3,16.9,7.5
933,03801,1.0,1.8,16.1,12.5,6.0,62.7,24.0
934,03809,0.0,6.0,29.8,18.5,24.4,21.3,11.4
935,03810,0.0,3.8,26.1,15.9,17.1,37.1,9.0
936,03811,1.3,2.5,23.6,23.0,9.1,40.6,15.2
937,03812,0.0,7.6,43.6,6.2,16.1,26.5,0.3
938,03813,3.0,7.4,33.1,15.5,11.9,29.1,8.7
939,03814,1.4,5.4,44.7,18.1,10.5,19.8,3.7
940,03816,3.0,2.7,21.6,17.1,10.9,44.7,22.2
941,03817,12.8,6.3,5.3,27.0,7.8,40.8,9.1
942,03818,1.6,3.6,25.6,17.7,10.2,41.3,13.6
943,03819,1.2,3.9,33.6,21.6,9.9,29.8,4.7
944,03820,1.2,3.9,20.3,15.7,11.0,47.9,17.2
945,03823,0.1,1.7,17.5,14.8,13.2,52.6,25.1
946,03824,0.8,0.8,6.2,8.5,5.9,77.8,42.3
947,03825,0.2,2.0,24.6,16.9,8.8,47.5,16.0
948,03826,0.0,3.0,23.4,19.8,15.1,38.7,12.0
949,03827,0.5,2.6,22.8,18.1,12.0,44.0,19.8
950,03830,1.0,3.4,41.6,20.4,20.5,13.0,6.3
951,03832,1.0,2.6,16.3,21.2,6.1,52.9,11.9
